ID,genomeSize,genome,hostID,hostType,collectedResource,bitStringMatch
133235610,84,011001000100111110011110010100100000100100111110010001001001100100111011011000011111,133251032,0,0.120000,0.600000
133235616,83,11001000100111110111110010100000000100100100110010001001001100100111011011000111111,133235539,0,0.060000,0.500000
133235648,84,100010000011101110011101010000000010010011111001000100100010010011101110010011110010,133243651,0,0.060000,0.600000
133235656,83,00000000000111101111101100001000001011001011100110010010001001001111111011101111010,133228731,0,0.026667,0.400000
133235659,88,1101110000011011011111110000110100101100110111110010001001000100100101101010000110001110,133228727,0,0.030000,0.600000
133235665,81,100000101010000111110110010100000100100111110010001001000100100111101011100110001,133266906,0,0.080000,0.800000
133235677,76,0000001111111111000010110101010000011111001000100100010010010101001000110011,133243652,0,0.046667,0.700000
133235690,82,1000001010100001111101100101000001001001111100100010010001001001111010111001100011,133245513,0,0.030000,0.600000
133235734,83,11001000100111110011110110100100000100100111110011001001000100100111010110001111111,133262190,0,0.030000,0.600000
133235766,85,1001001001010100001011101101101000001001001111100100010010001001001111010111001100011,133263561,0,0.020000,0.500000
133235937,82,1101001100011100101011100101101001001011001111100100010010001001001011110110001010,133254159,0,0.050000,0.500000
133236036,82,0100000000111010111110000010100000100100111110010001001000100000111110110000101001,133240466,0,0.140000,0.600000
133236085,76,0000010101010111110000001000100101100111110010001001001100100110010110001011,133243647,0,0.033333,0.500000
133236109,77,00000000111110111110001010000010010011111001000100100010010010111011000110100,133245518,0,0.080000,0.800000
133236167,80,01111001110011111000010001110000100100111110011001001000101100101111011000101111,133237119,0,0.020000,0.500000
133236180,75,000100011011111100101000001001000001111100100010010001001001111110110001101,133252596,0,0.050000,0.500000
133236208,83,11100000001110011101010010110100000100100111110010001001000100100111111011001110101,133270346,0,0.053333,0.800000
133236212,84,111001000100111110011110010100000000100100111110010001001001100100101011011000111111,133230497,0,0.040000,0.600000
133236226,80,00000000111110111110100101010001001001111100100010010001001001011101100011010011,133260443,0,0.050000,0.800000
133236258,75,000101011110111100101000001001001001111100100010010001001001111110100001101,133247252,0,0.053333,0.500000
133236279,76,0000101111111111100001011010101001001111100100010010001001001010100100111001,133265303,0,0.100000,0.600000
133236287,86,01100110010001111001011001010010000010010011111001100100100111010011100101100011111110,133238693,0,0.024000,0.600000
133236326,87,011001000100111110010110010100100000100110111110010001001001100100110011011000111111101,133265288,0,0.100000,0.500000
133236356,82,1010000001111101111100001011001001001001101100100010010001001001100110110001111110,133254153,0,0.040000,0.600000
133236369,77,00000000111110111110001010000010010011111101000100110010010010111011000110100,133228722,0,0.028000,0.700000
133236439,79,0000000011111011111000010100000100100111110010001001000100100101110110001101001,133266896,0,0.066667,1.000000
133236492,80,00000000011111011111000010100000100100111110010001001000100100101110110011101001,133257454,0,0.024000,0.600000
133236513,87,110010000000011100111011100100101000001001001111100100010010001001001111110010011101011,133241975,0,0.040000,0.600000
133236554,87,011101000100011100101011100101101100011001001111100100010010001001001011110110001101010,133259009,0,0.032000,0.800000
133236566,82,1000001010100001011101101001000000001001111100100010010001001001111000101001100010,133254149,0,0.040000,0.600000
133236593,82,1001001000100001011111101101000001001001111100100010010001011001101010111001100011,133259008,0,0.050000,0.500000
133236599,77,00010001101010111001010000111010010011111001000100100110010011001011000111111,133232157,0,0.046667,0.700000
133236609,83,10000000000111110011111010000110000100100111110010001001001100100111010110001111001,133251028,0,0.070000,0.700000
133236617,74,00100011100111000101000001001001001111100100010110000001001111110110001101,133249259,0,0.026667,0.400000
133236639,84,011010000000111001010111001011010010010010011111001000100100010010010111101100010100,133232166,0,0.066667,1.000000
133236659,81,000000101110010101110010110100000100100111110010001001000100100111111011000110000,133259012,0,0.080000,0.600000
133236666,81,110000000101001110111001010101000100100111110010001001000100100011111001001100101,133262177,0,0.032000,0.800000
133236687,88,0101110000011011011111110000110100100100110111110010001001000100100101101010000110001110,133232168,0,0.100000,1.000000
133236745,83,11100000001110011101110010110100000100100111110010001001000100100111111001001110101,133245494,0,0.033333,0.500000
133236778,86,01100110010001111001011001010010000010010011111001100100100110010011100101100011111110,133252606,0,0.070000,0.700000
133236784,81,100000101010000111110110010100000100100111010010101001000100100111101011100110001,133252608,0,0.033333,0.500000
133236832,84,011001000100111110011110010100100000100100111110010001001001100100111011011000111111,133259019,0,0.060000,0.600000
133236841,87,011100000011011011111110000110100000100100111110010001001000100100101110010000110001111,133243653,0,0.050000,0.500000
133236849,81,100000001011111011111011010011000000100111110010001001010100100111111101110110101,133262184,0,0.050000,0.500000
133237014,75,000100011010111000101000001001000001111100100010010001001001111110110001101,133243650,0,0.033333,0.500000
133237047,81,100000001111110111010001001000010010011111001000100100110010111101101100011001101,133251039,0,0.040000,0.600000
133237050,82,1000000001110111101010010110100010100100111110010001001000100100111111001000110101,133251039,0,0.040000,0.600000
133237062,78,000100011010101110010100101110100100111110010011001000100100111110011000111111,133245515,0,0.020000,0.500000
133237084,75,000100011100111100101000001001001001111100100010010001001001111111110001101,133266898,0,0.050000,0.500000
133237099,84,110000001101101111111000011010000010010111110010001001000100100101111010000110001111,133265304,0,0.050000,0.500000
133237182,76,0000010101010111110000001000100101100111110010001001001100100110010110001011,133260449,0,0.120000,0.600000
133237274,81,010000000110000010111001011010000010010111110010001001001100100101110011010110101,133233877,0,0.060000,0.600000
133237304,82,0000000000111001010111000001010100010010011011001000100100110011011111010100110110,133247257,0,0.070000,0.700000
133237307,83,11001000100111110011110110100100000100100111110011001001000100100111010110001111111,133228730,0,0.028000,0.700000
133237338,82,0010110000111001010101001011010010010010011111001000100100000010010111010000110101,133238706,0,0.028000,0.700000
133237376,86,11000000011011011110110000110100000100100111110010001001000100100101111010000110001111,133255830,0,0.060000,0.600000
133237423,81,100000001011111011111010010010000000100111110010001001000100100111111101110110101,133249268,0,0.020000,0.500000
133237448,86,01100110010001111001011001010010000010010011111001100100100110010111100101100011111110,133251036,0,0.033333,0.500000
133237451,83,10100000001110010101110010110100000000100111110010001001000100101101110011011110101,133260455,0,0.040000,0.600000
133237461,82,1110000011110111101100100000100001001011111100100010010001001001011110110101101000,133255829,0,0.025000,0.500000
133237504,82,1001001000100001011111101101000001001001111100100010010001011001101010111001100011,133245495,0,0.020000,0.700000
133237524,84,111001000100111110011110010100100000110100111110010001001001100100111011010001111111,133235533,0,0.046667,0.700000
133237532,83,11001000100111110111110010100100000100100110110010001001001100100111011011000111111,133243645,0,0.070000,0.700000
133237537,80,00000000011111011111000010100000100100111110010001001000100100101110110001101001,133249268,0,0.024000,0.600000
133237620,84,110101010001110010101010010110100100100100111110010001001000100100011101001000110101,133225394,0,0.070000,0.700000
133237645,75,000000111111111100001011010101000001111100100010010001001001010100100011001,133260455,0,0.046667,0.700000
133237653,82,1000000001110111101010010110100010100100111110010001001000100100111111001000110101,133245496,0,0.200000,1.000000
133237717,83,10000000111101111110101001000001001011111100100010010001001001110111110001111001100,133241971,0,0.025000,0.500000
133237719,85,1111110000011100100010100101001000001001001111100100010010001001001110100111001101000,133249272,0,0.030000,0.600000
133237726,84,011100000001110011101100010110100000100100111110011001001000100100111111001001010101,133225410,0,0.024000,0.700000
133237730,83,00000000001110010101110000110101000110100111110010001001001100110111110101001101011,133251041,0,0.030000,0.600000
133237735,84,111001000100111110111110010100100000100100111110010001001001100100111011011000111111,133243645,0,0.060000,0.600000
133237742,75,000101010110111100101000001001001001111100100010010001001001111110100001101,133247254,0,0.040000,0.800000
133237749,76,0000001111111111000010110101010000011111001000100100010010010101001000110011,133254147,0,0.053333,0.800000
133237780,83,11101000100111100001011100101101001101001001111100100010010001001001011110110001010,133245509,0,0.053333,0.800000
133237831,87,011101000100011100101011100101101000001001001111100100010010001001001011110110001101010,133268588,0,0.030000,0.600000
133237834,82,1110000011100111111100100000100001001011111100100010010001001001011110110101101000,133245509,0,0.040000,0.600000
133237835,81,100000101010000111110110010100000100100111110010001001000100100111101011100110001,133245509,0,0.046667,0.700000
133237847,84,110010001001111101111100101001000001001001111100100010010011001001110110110001111111,133243643,0,0.070000,0.700000
133237854,82,0000000111101111110101001000001001001111100100010010001001001010111110001111001101,133260447,0,0.120000,0.600000
133237855,82,0100000101010000111110110110100000100100111110010001001010100100111101011100110001,133260443,0,0.060000,0.700000
133237856,79,0000000001110111110100010010100100100111100010001001000100100111011011000111011,133268605,0,0.016667,0.700000
133237877,84,111001000100111110011110010100100000110100111110010001001001100100111011010001111111,133249259,0,0.033333,0.500000
133237879,84,011000000001111011101000110110100010101100111110010001001000100101111111001001110101,133262186,0,0.053333,0.800000
133237894,84,111001000100111110011110010100000000100100111110010001001001100100101011011000111111,133254148,0,0.140000,0.700000
133237913,87,001100000010011011111110000110100100100100011110010001001000101100101111010000110001111,133259005,0,0.120000,0.600000
133237932,82,1110000011100111101100100000100001001001111100100010010001001001011110111101101000,133268593,0,0.026667,0.800000
133237944,84,110101010001110010101010010110100100100100111110010001001000100100011101001000110101,133243659,0,0.198413,1.000000
133237950,78,000100011010101110010100100110100100111110010011001000100100111111001000111111,133225394,0,0.100000,1.000000
133237954,79,0000000001110111110100010010100100100111100010001001000100100111011011000111011,133245509,0,0.040000,0.600000
133237983,83,00100000101010001111110110010100001100100111110010001001000010100111101011100110001,133247254,0,0.030000,0.600000
133237999,86,00110010001001111100111100101001000101001001111100100010000011001001110110110001111101,133230486,0,0.070000,0.500000
133238002,85,0010000010011100111011100100101000001001001111100100010010001001001111110010011111011,133257467,0,0.060000,0.600000
133238003,84,111100100001110010101110010110111000100100111110010001001000100100101111011000110101,133252600,0,0.060000,0.600000
133238020,85,1001001001010100001011101101101000001001001111100100010010001001001111010111001100011,133245506,0,0.024000,0.600000
133238023,83,11100000001110011101010010110100000100100111110010001001000100100111111011001110101,133257462,0,0.100000,1.000000
133238046,82,1000000110111110111110010100101100100100111110010001001000100100111011011000111001,133249264,0,0.053333,0.800000
133238052,84,110110000011100101010100101001000001001001111101100010010001001001110100111001101000,133245520,0,0.120000,0.600000
133238078,83,10000000101111101111100111001001001001001111100100010010001001001110110110001011010,133249265,0,0.060000,0.700000
133238083,87,011001000100111110010110010100100000100110111110010001001001100100110011011000111111101,133257467,0,0.060000,0.600000
133238085,86,01110100010001110010101110010110100000100100111110010001001000100100101101011000110101,133235546,0,0.120000,0.600000
133238098,83,10111000001110010101010010100100000100100111110010001001000100110111010111001101001,133222213,0,0.033333,0.500000
133238120,83,10000000101011101111110101011001001001001111100100010010001001001110110100001111110,133238700,0,0.046667,0.700000
133238121,85,1011001000100111110011100010100100000100100111110010001001001100100111011011000111111,133252604,0,0.040000,0.800000
133238123,83,11100000001110011101010010110100000100100111110010001001000100100111111011001110101,133245521,0,0.060000,0.600000
133238139,83,10000000001110000101110000110101000100100111110010001001001100110111110101001101011,133232157,0,0.040000,0.600000
133238142,83,10100000001110000101110010110100000100100111110010001001000100100101110111010110111,133245521,0,0.060000,0.600000
133238166,74,00100011100111000101000001001001001111100100010110000001001111110110001101,133266905,0,0.050000,0.500000
133238179,84,110011001000111100101100101001000001001101111100110010010011001001100101100011111110,133268590,0,0.033333,0.500000
133238227,83,10100010001110010101110010110100000100100111110010001001000100100101110011010100101,133254152,0,0.024000,0.600000
133238250,83,10000000001110000101110000110101000100100111110010001001001100110111110101001101011,133243643,0,0.060000,0.600000
133238279,85,1001000001010100001111101101101000001001001111100100000010001001001111010110001100011,133257451,0,0.020000,0.500000
133238324,83,11100000010011110001110101100100000100100110110010001000000100100111111001000111101,133268593,0,0.020000,0.600000
133238336,83,10000000101011101111100101011001001001001111100100010010001001001110110100001111110,133249268,0,0.024000,0.600000
133238356,76,0000010101010111110000001000100101100111110010001001001100100110000110001011,133266908,0,0.024000,0.600000
133238361,80,01111001110011111100010001110000100100111110011001001000100100101111011000101111,133254158,0,0.070000,0.700000
133238366,84,011000000011110011111100001101001101001001111100100010010001001001011110100001100011,133237113,0,0.100000,1.000000
133238376,82,1010000001111101111100001000001001101001111100100010010001001001100110110001111110,133251033,0,0.070000,0.700000
133238389,81,000000000111001010101000001010100100100111110010001001001100110111110101001101001,133262184,0,0.060000,0.600000
133238391,87,101000000001111100111110101001100001001001111100100010010011001001110111110001111001101,133262184,0,0.060000,0.600000
133238392,84,110101010001110110101110010110100000100100101110010001001101100100111111000000100101,133262184,0,0.050000,0.500000
133238397,87,101000000001111100111110101001100001001001111100100010010011001001110111110001111001101,133235528,0,0.024000,0.600000
133238411,84,111001000100111110111110010100100000100100111110010001001001100100111011011000111111,133238700,0,0.040000,0.600000
133238413,82,1101000100011110101011100101001001001001001111100100010010101001001011110110001010,133238700,0,0.040000,0.600000
133238420,83,11100000001110011101010010110100000100100111110010001001000100100111111011001110101,133265301,0,0.100000,1.000000
133238426,82,1001001000100001011111101101100001001001111100100010010001011001101010111001100011,133225411,0,0.140000,0.700000
133238428,83,11101000100111100001011100101101001101001001111100100010010101001001011110110001010,133270354,0,0.033333,0.500000
133238442,82,1010000010111100111110010100101100100100111110010001001000100100111011011000111001,133232171,0,0.024000,0.600000
133238454,84,111001000100111110011110010100100000110100111110010001001001100100111011010001111111,133262187,0,0.060000,0.600000
133238457,84,111001000100111110011110010100100000110100111110010001001001100100111011010001111111,133249261,0,0.120000,0.600000
133238463,84,111000000011100111010100101101000001001001111100100010010001001001111110110011101010,133255824,0,0.200000,1.000000
133238465,83,01100100001110011001010010110100000100000111110110001001000100100111111001001110101,133252598,0,0.028000,0.700000
133238466,84,011000000011110111111100001101001001001001111100100010010001001001011110100001100011,133263568,0,0.040000,0.600000
133238471,84,011000000011110111111100001101001001001001111100100010010001001001011110100001100011,133254159,0,0.060000,0.600000
133238481,83,10100000001100000101110010110100000100100111110010001001001100100101110011010110101,133245511,0,0.030000,0.600000
133238487,78,000100111010101110010100101100100100111110011001001001100100111111011000111111,133255839,0,0.040000,0.700000
133238495,81,100000001111110111110001001000010010011111001000110100110010111101101100011001101,133245502,0,0.100000,0.500000
133238560,84,111001010100111110111110010100100000100100111110010001001001100100111011011000111011,133222210,0,0.070000,0.700000
133238572,82,1101000101111100101011100101101001001001011111100100010010001001001011110110001010,133268599,0,0.033333,0.500000
133238630,85,0111110000011100101010100101001000001001001111100110010010001001001110100111001101000,133243645,0,0.050000,0.500000
133238641,81,100001001111011101110010010110000100100111110010001001000100100101011011010110101,133237119,0,0.024000,0.600000
133238657,72,001011111111110000101101000100100111100100010010001001001010100100011001,133237121,0,0.100000,1.000000
133238670,83,10000000000111110011111010000110000100100111110010001001001100100111011110001111001,133227178,0,0.060000,0.600000
133238675,82,0000000111101111110101001000001001001111100100010010001001001110111110001111001101,133254155,0,0.022857,0.800000
133238677,86,01110100010001110010101110010110100000100100111110010001001000100100101101011000110101,133270350,0,0.120000,0.600000
133238684,75,000100011100101101101000001001001001111100100010010000001001111110110001101,133255828,0,0.053333,0.700000
133238730,82,1000001010110101011101111101000001001001111100100110010001001001111110110101100010,133254150,0,0.070000,0.700000
133238743,82,1000000010111110111110010100101100100100111110010001001000100100111011011000111011,133241974,0,0.030000,0.600000
133238787,83,11101010100011100101010101011010000010010011111001000100100010010010101111100011010,133245512,0,0.026667,0.800000
133238831,75,000001111011111110101010010001001001111100100010010010001001011101110001001,133222210,0,0.060000,0.600000
133238844,75,000001111011111110101010010001001001111100100010010011001001011111110001001,133263557,0,0.024000,0.600000
133238850,82,1000000010111010111110011100000100100100111110010001001001100100111011011000101101,133254155,0,0.020000,0.700000
133238953,81,100000001011111011111011010010000000100111110010001001000100100111111101110110101,133230500,0,0.033333,0.500000
133238954,84,011000000011110011111100001101001101001001111100100010010001001001011110100001100011,133254149,0,0.040000,0.600000
133238959,75,000100011010111100101000001001000001111100100010010001001001111110110001101,133251044,0,0.060000,0.600000
133238989,76,0000010101010111110000001000100101100111110010001001001100100110000110001011,133240459,0,0.050000,0.500000
133239006,84,011010001000111001010111001011010010010010011111001000100100010010010111101100010100,133265300,0,0.040000,0.600000
133239008,82,1000001010110000011101101101000001001001111100100010010001001001111010111001001011,133260454,0,0.046667,0.700000
133239045,84,011001000100111110011110010100100000110100111110010001001001100100111011011000111111,133252599,0,0.050000,0.500000
133239063,80,01000010101000011111011001010000010010011111001000100100001111011110101110011000,133252596,0,0.040000,0.400000
133239098,84,111001000110111110011110011100100000100101111110010001001001000100011011111100111111,133243658,0,0.060000,0.600000
133239133,84,111000000101111001111100101011001001001001111100100010010101011001100010110100011010,133241967,0,0.025000,0.500000
133239157,86,01110100010001110010101110010110100000100100111110010001001000100100101111011000110101,133225410,0,0.160000,0.800000
133239160,83,10100000001110011101010000110100000100100111110010001001000100100111101001001110101,133260448,0,0.040000,0.600000
133239163,84,010001100000110010101010000010100000100100111110010001001000100100101111000010101011,133243660,0,0.033333,0.500000
133239174,84,011001000100111110111110010100100000100100111110010001001001100100111011011000111111,133243660,0,0.040000,0.600000
133239178,83,10000101010000101110110010100000100100111110010001001000100100111101011110100001111,133232166,0,0.053333,0.800000
133239180,83,00000000001110000101111000110101000100100011110010001001001100110111111101001101011,133259004,0,0.070000,0.700000
133239182,81,100100010011111001111011100100000100100110110010001001001100100011010110001111111,133259004,0,0.070000,0.700000
133239229,81,110000001111110111110001001000010010001111001000110100110010111101101100011001101,133233871,0,0.040000,0.600000
133239230,84,111100000001110011101010010110100000100100111110010001001000100100111111011001110111,133252605,0,0.040000,0.800000
133239231,84,010000000011111001111111010011000010010111111001000100100110010011101111100011110011,133270347,0,0.060000,0.600000
133239240,86,01110100010001110010101110010110100000100100111110010001001000100100101111001000110101,133252599,0,0.050000,0.500000
133239242,82,1000001010100001111101101101000001001001111100100010010001001001111010111001110010,133228734,0,0.120000,0.600000
133239281,84,100001101000111100111101101001010001001001101100100010010001001001111111010001111010,133240462,0,0.060000,0.600000
133239297,84,011001010100111110011110010100100000100100111110010001001001100101101011011000111111,133255833,0,0.028000,0.700000
133239322,84,110101010001110110111110010110100000100100101110010001001001100100111111000000100101,133235539,0,0.020000,0.600000
133239333,84,111100000001110001101010010110100000100100111110010001001000100100111101011001110101,133235544,0,0.030000,0.600000
133239334,87,011001000100111110010110010100100000100110111110010001011001100100110011011000111111101,133252612,0,0.120000,0.600000
133239337,83,00000110011110111111110100000000100100110110010001001000100100111011111000111100110,133238687,0,0.120000,0.600000
133239348,85,1101000100011100101011100101101000001001001111100100010010000001001010110110001101011,133243661,0,0.025000,0.500000
133239349,75,000100011011111100101000001001000001111100100010010001001001111110110001101,133251030,0,0.024000,0.600000
133239362,83,10001001100111110011110010100100010100100111010010001001001100100111011011000111111,133243645,0,0.060000,0.600000
133239381,83,10000000001110000101110000110001000100100111110010001001001100110111110101001101011,133252611,0,0.040000,0.600000
133239393,87,011101000100011100101011100101101000001001001111100100010010001001001011110110001101010,133225402,0,0.053333,0.600000
133239428,82,1101000100101100101011100101101001001001001111100100010010001001001011110110001010,133238707,0,0.066667,1.000000
133239434,80,01000010101000011111011001010100010010011111001000100100001011011110101110011000,133235544,0,0.030000,0.600000
133239436,84,111100000001110001101010010110100000100100111110010001001000100100111101011001110101,133259018,0,0.060000,0.600000
133239447,84,111001000110111110011110011100100000100101111110010001001001000100011011111100111110,133240460,0,0.060000,0.600000
133239454,84,100000101010000101110110110100000100100111110010001001000100100111101011010110001010,133263556,0,0.040000,0.600000
133239463,83,10000000000111110011111010000110000100100111110010001001001100100111011110001111001,133243644,0,0.060000,0.600000
133239474,79,0000000110101011100101001011001001001111100100010010011001001111110110001111111,133228734,0,0.140000,0.700000
133239487,86,10100000011011011111110000110100000100100111110010001001000100100101111010010110001111,133247253,0,0.100000,0.500000
133239504,82,1110000011100111111100100000100001001001111100100010010001001001011110110101101000,133263557,0,0.024000,0.600000
133239505,86,11100000011011011111110000110100000100100111110010001001000100100101111010010110001111,133247254,0,0.040000,0.800000
133239516,81,000000011110111011010100100000100100111110010001001000100100111011111000111100111,133255841,0,0.025000,0.500000
133239522,84,111001000100111110111110010100100000100110111110010001001001100100111011011000111111,133259005,0,0.028000,0.600000
133239528,82,1000000001110111101010010110100010100100111110010001001000100100111111001000110101,133249271,0,0.060000,0.600000
133239530,82,0010110000111101010101001011110010010010011111001000100100000010010111010000110101,133255839,0,0.050000,0.500000
133239546,84,110000000111001110101001011010000010010011111001000100000010010011111100100101000111,133245515,0,0.020000,0.500000
133239547,83,01000010011111110111110010100101100100100111110010001001000100110111011011000111001,133245511,0,0.025000,0.500000
133239559,80,00000100111110111110000101000001001001111100100010010001001000011101100011010010,133241976,0,0.033333,0.500000
133239563,80,00000100111110111110000101000001001001111100100010010001001000011101100011010010,133241976,0,0.033333,0.500000
133239582,81,100000001011111011110110100100000100100111110010001001000100100111111101110110101,133255838,0,0.030000,0.600000
133239596,79,0000010011110111110001001111000010010010111001000100100010010010111101100010111,133255838,0,0.030000,0.600000
133239599,75,000100011101111100101000001001001001111100100010010000001001111110110001101,133270350,0,0.120000,0.600000
133239612,83,11100000001110011101010010110100000100100111110010001001000100100111111011001110101,133232166,0,0.066667,0.800000
133239613,80,10000101010000011101101001000000001001110100100010010001101001111000101001100010,133255834,0,0.050000,0.500000
133239614,73,0001000111001111101010000010010010011111001000100100000010011111011000110,133225402,0,0.000000,0.000000
133239622,84,111110000011100101011100101001000001001001111100100010010001001001110100111001101000,133241972,0,0.050000,0.500000
133239626,86,10010000010101000010111011011010000010010011111001000100100010010011110101100011001101,133247253,0,0.100000,0.500000
133239635,85,1100010001001111100110101101001000001001001101100100010010011011001110100110001111111,133255830,0,0.050000,0.500000
133239643,86,11100000011011011111110000110100100100100111110010001001000100100101111010000110001111,133254151,0,0.080000,0.800000
133239646,83,11100000001110011101010010110100000100100111110010001001000100100111111011001110101,133260449,0,0.120000,0.600000
133239648,83,10100000001100010101110010110100000100100111110010001001001100100101110011010110101,133262181,0,0.120000,0.600000
133239674,83,10001001100111110011110010100100010100100111010010001001001100100111011011000111111,133247264,0,0.070000,0.700000
133239680,80,00000000111110111110100101010001001001111100100010010001001001011101100011010011,133254151,0,0.080000,0.800000
133239685,83,11001000100111110111110010100100000100100110110010001001001100100111011011000101111,133228730,0,0.024000,0.600000
133239692,86,01100110010001111001011001010010000010010011111001100100100110010011100101100011111110,133251037,0,0.046667,0.700000
133239703,83,01000001010100101011101101101000001001001110100100010010011001001111010110001100010,133259003,0,0.060000,0.600000
133239720,86,01110100010001110010101110010110100000100100111110010001001000100100101101011000110101,133243657,0,0.080000,0.800000
133239727,83,11100000001110011101010010110100000100100111110011001001000100100111111011001110101,133230492,0,0.020000,0.600000
133239737,84,011100000001110011101010010110100000100100111110010001001000100100111111011000100101,133241975,0,0.030000,0.600000
133239739,81,100000001011111011110110100100000100100111110010001001000100100111111101110110101,133259017,0,0.040000,0.600000
133239761,76,0000011001010111110000100000100100100101100010001001000100100010000110001011,133259010,0,0.028000,0.700000
133239764,76,0000100010100111100101001001001001001111100100010010000001001111110110001101,133259008,0,0.050000,0.500000
133239765,82,1110000011110111101100100000100001001011111100100010010001001001011110110001101000,133232157,0,0.053333,0.800000
133239766,84,111000011111011110110010000110100100100111110010001001000100100101111011010110110000,133232157,0,0.066667,1.000000
133239780,84,111010011111011110110010000110100100100111110010001001000100100101111011010110110000,133254157,0,0.060000,0.600000
133239786,83,10100000001100000101110010110100000100100111110010001001001100100101110011010110101,133237119,0,0.024000,0.600000
133239805,83,01110000001100011000110010110100000100100111110010001001000100100011111001001110101,133245501,0,0.025000,0.500000
133239813,81,110000000101001110111001010101000100100111110010001001000100100011111001001100101,133257468,0,0.100000,1.000000
133239814,81,110000000101001110111001010101000100100111110010001001000100100011111001001100101,133232167,0,0.080000,0.800000
133239821,80,00000100111110111110000101000001001001111100100010010001001000011101100011010010,133263567,0,0.060000,0.600000
133239822,85,1101000000011110001011100101101010001001001111000100010010001001001011110110001101010,133232169,0,0.066667,0.700000
133239845,84,111001010100111100010110010101100000100100111110010001001000100100111011111000111111,133254154,0,0.060000,0.600000
133239848,87,011101000100011100101011100101101000001001001111100100010010001001001011110110001101010,133266891,0,0.050000,0.500000
133239859,87,011101000100011100101011100101101000001001001111100100010010001001001011110110001101010,133265298,0,0.030000,0.600000
133239865,83,11101010000011100101010101011010000000010011111001000100100010010010111101100011010,133232168,0,0.050000,0.500000
133239866,87,011101000100011100101011100101101100011001001111100100010010001001001011110110001101010,133263565,0,0.060000,0.600000
133239875,86,11100000011011011110110000110100000100100111110010001001000100100101111010000110001111,133243640,0,0.032000,0.800000
133239887,87,011100000011011011111110000110100000100100111110010001001000100100101110010000110001111,133259018,0,0.060000,0.600000
133239891,85,0000000000010100101011111111100110001001001111100100010010001001001111010110001011011,133245512,0,0.026667,0.800000
133239892,81,100000101010000111110110010100000100100111110010001001000100100111101011100110001,133254154,0,0.060000,0.600000
133239895,76,0011001111101111111101001100010010011111001000100110010010011100101000110110,133245511,0,0.025000,0.500000
133239898,81,000000000111001010101000001010100100100111110010001001001100110111110101001101001,133235528,0,0.040000,1.000000
133239901,84,011000000001111011101000110110100010101100111110010001001000100101111111001001110101,133266899,0,0.050000,0.700000
133239907,80,10000000111101111110101001000001001001111100100010001001001011001111100011110011,133252608,0,0.026667,0.400000
133239908,84,011001010100111110011110010100100000100100111110010001001001100101101011011000111111,133252605,0,0.035000,0.700000
133239911,82,1101000100011100101011100101001001001001001111100100010010001001001011110110001010,133252609,0,0.100000,1.000000
133239916,76,0011001111101111111101001100010010011111001000100110010010011100101000110110,133235533,0,0.066667,1.000000
133239927,86,11100000011011011110110000110100000100100111100010001001000100100101111010000110001111,133235534,0,0.160000,0.800000
133239932,86,11100000011011011101110000110100000100100111110010001001000100100101111010010110001111,133225396,0,0.050000,0.500000
133239938,75,000100011101111100101000001001001001111100100010010000001001111110100001101,133245506,0,0.024000,0.600000
133239947,76,0000001011101111110101011000010010011111101000100100110000011101111100011101,133243644,0,0.050000,0.500000
133239948,76,0000001011101111110101011000010010011111101000100100110000011101111100011101,133252610,0,0.020000,0.500000
133239950,82,1101001100011100101011100101101001001011001111100100010010001001001011110110001010,133240476,0,0.060000,0.600000
133239963,83,11100000111001111011001000001000010010011111001000100100010010010111101111011010000,133255833,0,0.032000,0.800000
133239967,83,11001001100111110011110010100100010100100111010010001001001100100111011011100111111,133262187,0,0.070000,0.700000
133239991,84,111000000011100111010100101101000001001001111100100010010001001001111110110011101010,133254159,0,0.060000,0.600000
133239995,84,111010011111011110110010000110100100101111110010001001000100100101111011010110110000,133235539,0,0.026667,0.800000
133239997,80,01111001110011111100010001110000100100111110011001001000100100101111011000101111,133243657,0,0.100000,1.000000
133239998,80,01111001110011111100010001110000100100111110011001001000100100101111011000101111,133245502,0,0.100000,0.500000
133240003,86,11100000011011111111110000110100000100100111110010001001000100100101111010010110001111,133252605,0,0.040000,0.800000
133240017,86,01000000100011111001111101000011000010010011111001000100100110010011101110100011110011,133255826,0,0.120000,0.600000
133240021,82,1000001010100001101101100101000001001001011100100010010001001001111010111001100011,133262189,0,0.020000,0.500000
133240022,82,1010000001111101111100001001001001001001111100100010010001001001100110110001111110,133243650,0,0.040000,0.600000
133240026,85,0010000000011000111011100100101000001001001111100100010010001001001111110010011101011,133251039,0,0.040000,0.600000
133240030,83,01000010011110111011100100001100000001001111100100010000011001001010100110101100011,133255836,0,0.050000,0.500000
133240034,73,0010001110011110010100000100100100111110010001001000000100111111011000110,133251039,0,0.040000,0.600000
133240037,81,000000011110111111010100100000100100111110010001001000100100111011111000111100110,133245515,0,0.020000,0.500000
133240038,80,00000100111110111110000101000001001001111100100010010001001000011111100011010010,133249272,0,0.030000,0.600000
133240039,83,10100000001110010101110010110100000100100111110010001001000100100101010011010110101,133240466,0,0.017143,0.600000
133240048,83,10100000001110010101110010110100000100100111110010001001000100100101010011010110101,133235545,0,0.040000,1.000000
133240077,82,1101000100011100101011100101001001011001000111100100010010001001001011110110001010,133255827,0,0.040000,0.600000
133240082,77,00000010101010111110000001000100101100110110010001001001100100110000110001011,133255827,0,0.040000,0.600000
133240084,84,111010001000111010101110010110100000110100111110010001001000100100101011010000110101,133222210,0,0.060000,0.600000
133240111,83,10000000101011101111100101011001001001001111100100010010001001001110110100001111110,133237113,0,0.080000,0.800000
133240116,82,1101001100011100101011100101101001001011001111100100010010001001001011110110001010,133245511,0,0.025000,0.500000
133240121,82,1100000010111110111110010100101100100100111110010001001000100100111011011000111001,133237119,0,0.024000,0.600000
133240122,84,111001000110111110011110011100100000100101111110010001001001000100011011111100111111,133260447,0,0.120000,0.600000
133240142,83,11100000001110011101010010110100000100100111110010001001000100100111111011001110101,133257461,0,0.160000,0.800000
133240143,86,11100000011011011111110000110100000100100111110010001001000100100101111010000110001011,133237121,0,0.100000,1.000000
133240159,82,1001001000100001011111101101000001011001111100101010010001011001101010111001100011,133259003,0,0.040000,0.400000
133240170,82,1000000010111110111110010100101100100100111110010001001000100100111011011000111011,133251040,0,0.120000,0.600000
133240200,82,1000001000100001111101100101000001001001111100100010010001001001111010111001100011,133251044,0,0.060000,0.600000
133240219,86,01001000001010111001011101101101000001001001111100100010010001001001111010111001100011,133238693,0,0.040000,1.000000
133240222,73,0010001110011110010100000100100100111110010001001000000100111111011000110,133255829,0,0.030000,0.600000
133240228,77,00100011011101110011000101101001001111100100010010011001001111110110001111111,133252600,0,0.070000,0.700000
133240229,75,000101011110111100101000001001001001111100100010010000001001111110100001101,133257464,0,0.026667,0.800000
133240232,84,011001000100111110011110010100100000100100111110010001001001100100111011011000111111,133247270,0,0.060000,0.600000
133240233,85,1101000000011100001011100111101010001001001111000100010010001001001011110110101101010,133228730,0,0.028000,0.700000
133240235,82,1000000010111110111110011100000100101100111110010001001001100100111011011000101101,133241964,0,0.070000,0.700000
133240250,76,0000001111111111000010110101010000011111001000100100010010010101001000110011,133241964,0,0.070000,0.700000
133240261,84,110101010001110110101110010110100000100100101110010001001001100100111111000000100101,133260448,0,0.040000,0.600000
133240281,84,111001000100111110011110010100000000100100111110010000001001100100101011011000111111,133262196,0,0.100000,0.500000
133240290,85,0110101010001110010101010010110100100100100111110010001011000100100011101001100110101,133238699,0,0.080000,0.800000
133240297,75,000101011110111100101000001011001001111100100010010000001001111110100001101,133230486,0,0.060000,0.600000
133240336,81,100000101010000111110110110100100100100111110010001001000100100111101011100111001,133252605,0,0.040000,0.800000
133240337,84,011001010100111110011110010100100000100100111110010001001001100101101011011000111111,133240466,0,0.017143,0.600000
133240354,82,1000000001110111101010010110100010100100111110010001001000100100111111001000110101,133263568,0,0.040000,0.600000
133240364,79,0000010011110111110001001111000010010010111001000100100010010010111101100010111,133254148,0,0.140000,0.700000
133240374,77,00000000111110111110001010000010010011111001000100100010010010111011000111100,133238706,0,0.040000,1.000000
133240377,78,000000000111110111110001010000010010011111001000100100010010010111011000111100,133228731,0,0.033333,0.500000
133240378,81,100000101010000111110110010100000100100111110010001001000100100111101011100110001,133243640,0,0.040000,0.800000
133240383,83,10000000001110000101110000110001000100100111110010001001001100110111110101001101011,133243651,0,0.070000,0.600000
133240387,82,1101000100101100101011100101101001001001001111100100010010001001001011110110001010,133240468,0,0.066667,1.000000
133240388,83,01100000001110010001110010110100000100101111110010001001000100100111111001001110101,133263565,0,0.070000,0.700000
133240391,79,0000000001110111110100010010100100100111100010001001001100100111011011000111011,133247269,0,0.040000,0.600000
133240400,83,01100000001110010001110010110100000100101111110010001001000100100111111001001110101,133266895,0,0.080000,0.800000
133240402,82,1000000010111110111110010100101100100100111110010001001000100100111011011000111001,133263565,0,0.060000,0.600000
133240404,84,111010100000111001010101010110100000100100111110010001001000100100101111011000110101,133238699,0,0.060000,0.600000
133240410,84,111001010100111100010110010101100000100100111110010001001000100100111011111000111111,133249262,0,0.060000,0.600000
133240417,82,1110000011100111101100100010100001001001111100100010110001001001011110111101101000,133251035,0,0.030000,0.600000
133240424,80,00000000111110111110100101010001001001111100100010010001001001011101100011010011,133255841,0,0.025000,0.500000
133240429,80,01001001010100001111101100101000011001011111001000100100001010011110101110011000,133254152,0,0.024000,0.600000
133240437,86,11100000011011011111110000110100000100100111110010001001000100100101111010010110001111,133260447,0,0.120000,0.600000
133240523,82,1000001010110000011101101101000001001001111100100010010001001001111010111001000011,133228731,0,0.033333,0.500000
133240527,76,0000000011101111110101011000010010011111101000100100110010011101101100011101,133260444,0,0.100000,0.500000
133240540,80,00000000011100101010100000101010010010011111001000100100110011011111010100110100,133260440,0,0.030000,0.600000
133240542,74,00001010101011111000000100010010110011111001001001001100100110000110001011,133243652,0,0.033333,0.500000
133240556,85,0011001000100111110111110010100100000100100111110010001001001100100111011011000111111,133268596,0,0.160000,0.800000
133240563,82,1000000001110111101010010110100010100100111110010001001000100100111111001000110101,133243654,0,0.025000,0.500000
133240568,86,10010000010101000010111011011010000010010011111001000100100010010011110101100011000111,133243655,0,0.120000,0.600000
133240580,80,01111001110011111000010001110000100100111110011001001000101100101111011000101111,133241965,0,0.040000,0.600000
133240581,77,00000000111110111110001010000010010011111001000100000010010010111011000110000,133265302,0,0.033333,0.500000
133240606,83,10100000001110010101110010110100000100100111110010001001000100101101010011010110101,133225411,0,0.080000,0.800000
133240612,84,111010001000111001010111001011010000010010011111001000100100010010001101011000110101,133265298,0,0.030000,0.600000
133240613,82,1000000010111110111110010100101100100100111110010001011000100100111011011000111001,133232171,0,0.020000,0.500000
133240616,82,0100000000111010111110000010100000100100111110010001001000100000111110110000101001,133251029,0,0.053333,0.800000
133240634,84,110010001001111101111100101001000001001001111100100010010011001001110110110001111111,133249263,0,0.024000,0.600000
133240637,81,100000101010000111110110010100000100100111110010101001000100000111101011100110001,133254150,0,0.060000,0.600000
133240644,82,1010000001111101111100000001011001001001111100100010010001001001100110110001111110,133252608,0,0.080000,0.600000
133240665,84,011101000100001100101011100101101000010010011111001000000100010010010111001100011010,133254150,0,0.070000,0.700000
133240675,82,1110000011100111111100100000100001001001111100100010010001001001011110110101101000,133243644,0,0.060000,0.600000
133240676,79,0000000011111011010010100000000100100111110010001001000100100111011011000111110,133228726,0,0.140000,0.700000
133240677,84,011001000100111110011110010100100000100100111110010001001001100100111011011000111111,133228726,0,0.120000,0.600000
133240681,86,10100000011011011111010000110000000100100111110010001001000100100101011010010110001111,133251043,0,0.080000,0.800000
133240696,82,1110000011100111111100100000100001001001111100100010010001001001011110110101101000,133223823,0,0.040000,0.600000
133240752,84,011001000100111110111110010100100000100100111110010001001001100100111011011000111111,133228726,0,0.120000,0.600000
133240789,83,11100000010011110001110101100100000100100110110010001000000100100111111001000111101,133268610,0,0.024000,0.600000
133240790,77,00000101111111111100001011010001001001111100100010010001001001010100100011001,133260448,0,0.040000,0.600000
133240799,76,0000101111111111100001011010001001001111100100010010001001001010100100011001,133238696,0,0.030000,0.600000
133240807,83,11000010100111110011110110101010001001001101100100010010001001001111110010001111011,133255839,0,0.040000,0.500000
133240808,78,000100011010101110010100101110100100111110010011001000100100111111001000111111,133268602,0,0.060000,0.600000
133240813,83,00010100000111001010101001011011000010010011111001001100100000010010111000000110101,133254152,0,0.024000,0.600000
133240816,83,11010000001111101111100001001001001001001111100100010010001001001100110110001110110,133252596,0,0.060000,0.600000
133240827,84,111001000100111110111110010100100000100110111110010001001001100100111011011000111111,133230497,0,0.040000,0.600000
133240854,79,0000000110101011100101001011001001001111100100010010011001001111110110001111111,133230486,0,0.060000,0.600000
133240865,83,11001000100111110111110010100100000100100110110010001001001100100111011011000101111,133254150,0,0.060000,0.600000
133240909,83,10100000001110010101110010110100000100100111110010001001000100100101110011010110101,133238705,0,0.024000,0.600000
133240911,75,000100011101111100101000001001001001111100100010010000001001111110110001101,133249263,0,0.024000,0.600000
133240939,83,11101010000111100101010101011010000010010011011001000100100010010010111111100011010,133262192,0,0.060000,0.600000
133240941,81,100000001010000111110110110100000100100111010010001001000100100111101011100111001,133262192,0,0.050000,0.500000
133240969,81,110100000011101011111000010010010000100111110110001001000100100100011011000111110,133252607,0,0.028000,0.700000
133240973,84,110000000111001110101001011010000010010011111001000100000010010011111100100101000111,133225394,0,0.060000,0.600000
133240974,83,10000000101011101111100101011001001001001111100100010010001001001110110100001111110,133262178,0,0.120000,0.600000
133240983,87,011101000100011100101011100101101000001001001111100100010010001001001011110110001101010,133251034,0,0.040000,0.600000
133240987,82,1101000100101100101011100101101001001001001111100100010010001001001011110110001010,133266896,0,0.066667,1.000000
133240990,83,11100000111001111011001000001000010010011111001000100100010010010111101111011010000,133240463,0,0.060000,0.600000
133241007,82,1000000011110111111010100100000100100111110010001001000100100110011111000111100110,133232171,0,0.024000,0.600000
133241011,78,000100100001101111100101001001001001001111100100010010001001001110101110001110,133245501,0,0.025000,0.500000
133241012,77,10010001101110111001100010110100100111110010001001001100100111111011000111111,133232167,0,0.080000,0.800000
133241018,83,11100000001110011101010010110100000100100111110010001001000100100111111011001110101,133238706,0,0.032000,0.800000
133241026,79,0100100111101111110001010111000010010011111001000100100010010010111101000010101,133235547,0,0.050000,0.500000
133241042,77,00000010101010111110000001000100101100111110010001001001100100110000110000011,133249262,0,0.060000,0.600000
133241043,83,11100000001110011101010010110100000100100111110010001001000100100111111011001110101,133268599,0,0.033333,0.500000
133241047,84,011001000100111110011110010100100000100100111110010001001001100100111011011000111110,133240476,0,0.070000,0.700000
133241053,84,011101000100011100101011100101101000010010011111001000100100010010010111001100011010,133230485,0,0.040000,0.800000
133241073,82,0000000111101111110100001000001001001111100100010010001001001010111110001111001101,133254149,0,0.040000,0.600000
133241076,80,01111001110011101000010001110000100100111110011001001000100100101111011000101011,133254148,0,0.140000,0.700000
133241083,84,111001000100111110111110010100100000100100111110010001001001100100111011011000111111,133225411,0,0.070000,0.700000
133241095,76,0000101111111111100001011010101001001111100100010010001001001010100100111001,133227178,0,0.060000,0.600000
133241097,82,0100000000111010111110000010100000100100111110010001001000100000111110110000001101,133260439,0,0.033333,0.500000
133241102,79,0000000110101011100101001011001001001111100100010010011001001111110110001111111,133243653,0,0.060000,0.600000
133241109,82,1101000100011100101011100101001001001001001111100100010010001001001011110110001010,133262179,0,0.120000,0.600000
133241110,76,0000010101010111110000001000100101100111110010001001001100100110000110001011,133259016,0,0.070000,0.700000
133241112,83,00010100000111001010101001011011000010010011111001000100100000010010111000000110101,133260454,0,0.040000,0.600000
133241116,83,10100000001110010101110010110100000100100111110010001001000100100101110011010110101,133252612,0,0.160000,0.800000
133241131,83,11100000001110011101010010110100000100100111110010001001000100100111111011001110101,133228726,0,0.140000,0.700000
133241145,81,100000101011000000110110100100000100100111110010001001000000100111101011100100001,133265301,0,0.080000,0.800000
133241146,80,00010000111110100100101000000001001001111100100010010001001001110110110001111101,133252598,0,0.040000,1.000000
133241147,83,10000000111101111110101001000001001011111100100010010001001001110111110001111001100,133225402,0,0.046667,0.500000
133241148,79,0000000011011011110000000100000100100111110010001001000100100101110110001101001,133263557,0,0.024000,0.600000
133241150,82,1101000100011100111011100101101001001001001111100100010010001001001011110110001010,133252608,0,0.080000,0.600000
133241151,81,100000101010000111110110110100000100100111110010001001000100100111101011100111001,133223829,0,0.025000,0.500000
133241154,84,000000000001111001111111010011000010010011111001000100100110010011101111100011110011,133259009,0,0.032000,0.800000
133241167,85,1101000000011100001011100101101010001001001111000100010010001001001011110110001101010,133259007,0,0.140000,0.700000
133241187,86,01110100010001110010101110010110100000100100111110010001001000100100101111011000110101,133233877,0,0.060000,0.600000
133241190,82,0000000000111001010101000001010100010010011111001000100100110011011111010100110100,133247264,0,0.070000,0.700000
133241204,79,0000000011111011010010100000000100100111110010001001000100100111011011000111110,133252609,0,0.100000,1.000000
133241209,84,111000001101111001111100111001001001001001111100100010010001001001100110110010011010,133268601,0,0.020000,0.500000
133241211,84,110011001000111100101100101001000001001101111100110010010011001001100101100011111110,133241973,0,0.050000,0.500000
133241230,84,010000000101111101111101101001000001001001111101100010010011001001111111011101101011,133255826,0,0.120000,0.600000
133241247,75,000000111111111100001011010101000001111100100010010001001001010101100011001,133238687,0,0.120000,0.600000
133241250,82,0010110000111001010100001011010010010010011111001000100100000010010111010000110101,133238693,0,0.028000,0.700000
133241255,83,10000000000111110011111010000110000100100111110010001001001100100111011110001111001,133265293,0,0.046667,0.700000
133241260,75,000100011010111100101000001001000001111100100010010001001001111110110000101,133245498,0,0.033333,0.500000
133241267,76,0000010101010111110000001000100101100111110010001001001100100110000110001011,133232166,0,0.040000,0.600000
133241272,75,000100011100101101101000001001001001111100100010010000001001111110010001101,133262185,0,0.020000,0.500000
133241279,85,0000000010010100101011111111100110101001001111100100011010001001001111010110001011011,133265289,0,0.040000,0.800000
133241289,85,1000011000011101110111101010010000010010011111001000000100010010011101111101011110000,133268593,0,0.023333,0.700000
133241298,82,1000000010111110111110011100000100101100111110010001001001100100111011011000101101,133241975,0,0.040000,0.600000
133241301,83,10000000000111110011111010000110000100100111110010001001001100100111011110001111001,133222213,0,0.040000,0.600000
133241308,82,1001001000100001011111101101000001001001111100100010010001011001101010111001100011,133252603,0,0.070000,0.700000
133241309,77,00010001101010111001010000111010010011111001000100100110010011001011000111111,133252603,0,0.080000,0.800000
133241311,82,1000000001110111101010010110100010100100111110010001001000100100111111001000110101,133255842,0,0.100000,0.500000
133241325,86,01110100010001110010101110010110100000100100111110010001001001100100101101011000110101,133232163,0,0.030000,0.600000
133241338,83,11001000100111110111110010100100000100100110110010001001001100100111011011000111111,133223829,0,0.025000,0.500000
133241340,84,110101010001110110101110010110100000100100101110010001001001100100111111000000100101,133262189,0,0.020000,0.500000
133241341,83,11100000001110011101010010110100000100100111110010001001000100100111111011001110101,133249271,0,0.060000,0.600000
133241342,81,000000101110010001110010110100000100100111110010001001000100100111111011000110000,133222213,0,0.040000,0.600000
133241375,82,1000000001110111101010010110100010100100111110010001001000100100111111001000110101,133251033,0,0.100000,1.000000
133241376,85,1110100000001110010101110010110111000100100111110010011001000100100100111011001110101,133249265,0,0.060000,0.600000
133241381,78,001001001111101111000001010000010010011111001000100100010010000110011000110100,133230500,0,0.040000,0.600000
133241382,83,10100000001110010101110010110100000100100111110010001001000100100101110011010110101,133254149,0,0.040000,0.600000
133241393,80,10000001101111101111100101001011001001001111100100010000010010011101101100011100,133230485,0,0.033333,0.500000
133241404,83,11100000001100011101010010110100000100100111110010001001000100100111101011001110101,133263562,0,0.050000,0.500000
133241420,76,0011001111101111111101001100010010011111001000100110010000011100101000110110,133254154,0,0.050000,0.500000
133241424,84,000000000011111001111111010011000010010011111001000100100110010011101111100011110011,133255834,0,0.060000,0.600000
133241430,81,100000101011000001110110110100000100100111110010001001000100100111101011100100001,133260444,0,0.100000,0.500000
133241432,75,000100011011111100101000001001000001111100100010010001001001111110110001101,133235531,0,0.050000,1.000000
133241433,83,01100100010011111001110001010010000000100111110010001001001100100111011011000111111,133254147,0,0.040000,0.600000
133241434,83,11100000010011110001110101100100000100100110110010001000000100100111111001000111101,133263568,0,0.040000,0.600000
133241435,83,10111000001111011101010010100100000100100111110010001001000100100111010111001101001,133245493,0,0.160000,0.800000
133241436,82,1000000001110111101010010110100010100100111110010001001000100100111111001000110101,133245493,0,0.200000,1.000000
133241444,81,100000101010000111110110010101000100100111110010001001000100100111101011100110001,133262186,0,0.053333,0.800000
133241454,84,110101010001110110101110010110100000100100111110010001001001110100101111000000100101,133245502,0,0.120000,0.600000
133241462,84,111000000011100111010100101101000001001001111100100010010001001001111010110011101010,133259013,0,0.040000,0.600000
133241467,80,10000000111101111110100001000001001001111100100010000001001011101111100011110011,133251044,0,0.050000,0.500000
133241471,84,011010000000111001010111001011010010010010011111001000100100010010010111101100010100,133241971,0,0.030000,0.600000
133241474,80,10000000111101111110100001000001001001111100100010000001001011101111100011110011,133235542,0,0.066667,1.000000
133241477,81,000000101110010001110010110100000100100111110010001001000100100111111011000110000,133251044,0,0.060000,0.600000
133241478,75,000100011010111000101000001001000001111100100010010001001001111110110001101,133235542,0,0.066667,1.000000
133241481,86,01000000100011111001111101000011000010010011111001000100100110010011101110100011110011,133251044,0,0.060000,0.600000
133241485,84,110110000011100101010100101001000001001001111101100010010001001001110100111001101000,133259004,0,0.080000,0.800000
133241496,83,10000000101001101111100101011001001001001111100100010010001001001110110100001111110,133235546,0,0.200000,1.000000
133241498,82,1000000010111110111110010100101100100100111110010001001000100100111011011000111001,133222210,0,0.060000,0.600000
133241501,80,00000000011111011111000010100000100100111110010001001000100100101110110011101001,133255827,0,0.033333,0.500000
133241503,81,110100000011101011111000010010010000100111110110001001000100100100011011000111110,133254148,0,0.140000,0.700000
133241508,84,110000001101101111111000011010000010010111110010001001000100100101111010000110001111,133251031,0,0.020000,0.500000
133241528,77,00000010111011110100010110000100100111110010001001001100100111011011101111011,133225396,0,0.060000,0.600000
133241536,77,00000010111011110100010110000100100111110010001001001100100111011011101111011,133260446,0,0.040000,0.600000
133241538,84,111011000100111110011110010100000000100100111110010001001001100100111011110001111111,133255825,0,0.060000,0.600000
133241546,84,110101010001111010101110010110100000100100111110010001001001100100101111001001100101,133243659,0,0.158730,0.800000
133241549,83,11101010000011100101010101011010000010010011111001000100100010010010111101100011010,133235546,0,0.120000,0.600000
133241552,75,000100011011111100101000001001000001111100100010010001001001111110110001101,133255830,0,0.050000,0.500000
133241557,83,11100000111001111011001000001000010010011111001000100100010010010111101111011010000,133254158,0,0.080000,0.800000
133241558,84,000000000011111001111111010011000010010011111001000100100110010011101111100011110011,133252597,0,0.040000,0.600000
133241559,82,1100001010011101001111011010101000100100110110010001001000100100111111001000111101,133222210,0,0.060000,0.600000
133241564,79,0000001011111011010010100000000100100111110010001001000100100111011011000111110,133237113,0,0.080000,0.800000
133241568,75,000100011110101100101000001001001001111100100010010001001001111110110001101,133257459,0,0.040000,0.800000
133241569,80,01111001110011111100010001110000100100111110011001001000100100101111011000101111,133237113,0,0.070000,0.700000
133241581,77,00000011111011111010010100000100100111110010011001000100100101110110101101001,133245494,0,0.033333,0.500000
133241583,77,00000000111110111110001010000010010011111001000100100010010010111011000111100,133255837,0,0.060000,0.600000
133241590,86,11100000011011011111110000110100000100100111110010001001000100100101111010000110001111,133263568,0,0.040000,0.600000
133241604,82,1000000010111110111110011100000100100100111110010001011001100100011011011000101101,133263566,0,0.033333,0.500000
133241615,77,00000000111110111110001010000010010011111001000100100010010010111011000110100,133237123,0,0.066667,1.000000
133241619,77,00000000111110111110001010000010010011111001000100100010010010111011000110100,133255828,0,0.066667,0.600000
133241623,81,100000101010000101110110010100000100100111110010001001000100100111101011100110001,133249261,0,0.120000,0.600000
133241628,85,1101000100011100101011100101101000001001001111100100010010000001001010110110001101011,133259011,0,0.046667,0.700000
133241629,75,000100011000111100101000001001000001111100100010010001001001111110110000101,133260446,0,0.046667,0.600000
133241630,82,1101001100011100101011100101101001001011001111100100010010001001001011110110001010,133262189,0,0.020000,0.500000
133241635,85,0110010001001111101111100101001000001001001111100100010010011001001110110110001111111,133255826,0,0.120000,0.600000
133241643,83,10100000001110010101110010110100000100100111110010001001001100100101110011010110101,133243645,0,0.060000,0.600000
133241644,85,1100010001001111100110101101001000001001001101100100010010011011001110100110001111111,133259012,0,0.060000,0.700000
133241652,82,0100100001010010101110011110100000100100111110010001001000100100101111110000111101,133251037,0,0.066667,1.000000
133241664,81,100000101010000111110110010100000100100111110010001001000100100111101011100110001,133228737,0,0.028000,0.700000
133241665,76,0000010101010111110000001000100101100111110010001001001100100110000110001011,133238709,0,0.120000,0.500000
133241666,81,000000011110111111010100100000100100111110010001001000100100110011111000111100110,133263563,0,0.070000,0.700000
133241667,77,00100011011101110011000101101001001111100100010010011001001111110110001111111,133245498,0,0.046667,0.600000
133241673,85,1110001101001111100111101101001010001001001101100100010010001001001111111010001111010,133238696,0,0.050000,1.000000
133241680,82,1000001010100001111101101101000001001001110100100010010001001001111010111001110010,133222210,0,0.060000,0.600000
133241686,75,000001111011111110101010010001001001111100100010010011001001011111110001001,133251030,0,0.024000,0.600000
133241687,83,10100010001110010101110010110100000100100111110010001001000100100101110011010110101,133251040,0,0.120000,0.600000
133241690,83,10100010001110010101110010110100000100100111110010001001000100100101110011010110101,133266907,0,0.024000,0.600000
133241701,82,1000001010100001111101101101000001001001111100100010010001001001111010111001110010,133243640,0,0.032000,0.800000
133241702,83,11011001100111110111110010100100000100100111110010001001001100100111011011000111011,133259012,0,0.140000,0.700000
133241710,83,00010100000111001010101001011011000010010011111001001100100000010010111000000110101,133237119,0,0.024000,0.600000
133241721,84,110101010001111010101110010110100000100100111110010001001001100100101111001001100101,133257465,0,0.040000,0.600000
133241728,80,00010101010000011101101001000000001001110100100010010001001001111000101001100010,133251032,0,0.120000,0.600000
133241737,83,11001000100111110111110010100100000100100110110010001001001100100111011011000111111,133243651,0,0.060000,0.700000
133241747,88,0101110000011011011111110000110100100100110111110010001001000100100101101010000110001110,133270346,0,0.046667,0.700000
133241766,82,1000000011111101111100010010000100100111110010001001001100101111011011000110011011,133232169,0,0.040000,0.700000
133241767,84,011101000100011100101011100101101000010010011111001000100100010010010111001100011010,133260449,0,0.120000,0.600000
133241769,83,00000110011110111111110100000000100100110110010001001000100100111011111000111100110,133257466,0,0.060000,0.600000
133241782,83,11011001100111110111110010100100000100000111110010001001001100100111011011000111011,133233871,0,0.040000,0.600000
133241795,83,10100000001110010101110010110100000100100111110010001001000100101101010011010110101,133265290,0,0.060000,0.600000
133241796,82,0100000001010111011111011010010001000100111110010001001000100100011111101110110101,133265290,0,0.060000,0.600000
133241803,78,000000011111011010010100000000100100111110010001001000100100111011011000110110,133240461,0,0.050000,1.000000
133241805,86,10010000010101000011111011011010000010010011111001000100100010010011110101110011000110,133265290,0,0.060000,0.600000
133241807,83,10000110011110111111110100000000100100110010010001001000100100111011111000111100110,133249263,0,0.024000,0.600000
133241812,80,10100010001110010101110010110100100100100111110010001001000100100101110110001010,133257462,0,0.100000,1.000000
133241815,82,0110000000111001100110001010100010100100111110010001011000100100111111001001110101,133270341,0,0.050000,0.500000
133241816,84,011101000100011100101011100101101000010010011111001000100100010010010111001100011010,133247269,0,0.053333,0.800000
133241824,83,01001000100111110111110010100100000100100111110010001001001100100111011011000111011,133240464,0,0.060000,0.600000
133241833,83,11100000001110011101010010110100000100100111110010001001000100100111111011001110101,133262187,0,0.080000,0.800000
133241838,83,11100000001110011101010010110100000100100111110010001001000100100111111011001110101,133265295,0,0.066667,1.000000
133241845,82,1101000100011100101011100101001001001001001111100100010010001001001011110110001010,133255843,0,0.120000,0.600000
133241859,76,0010001101110111001100010110100100111110010001001001100100111111011000111111,133257458,0,0.046667,0.700000
133241861,84,100000010011111001111101000011000010010011111001000100100110010011101110100011110011,133232165,0,0.060000,0.600000
133241863,83,01000010011110111011100100001100000001001111100100010000011001001010100110101100011,133240467,0,0.050000,1.000000
133241882,83,10001001100111110111110010100100010100100111010010001001001100100111011011000111111,133245506,0,0.032000,0.800000
133241885,84,111000000110110111011000011010000010011011111001000100100010010010111101000011000111,133251038,0,0.020000,0.500000
133241891,83,10100000001110010101110010110100000100100111110010001001000100100101110011010110101,133263566,0,0.033333,0.500000
133241906,79,0100100111101111110001010111000010010011111001000100100010010010111101000010101,133249265,0,0.070000,0.700000
133241913,83,11100000001110011101010010110100000100100111110010001001000100100111111011001110101,133255825,0,0.060000,0.600000
133241918,83,00000000001110000101111000110101000100100011110010001001001100110111111101001101011,133245516,0,0.025000,0.500000
133241919,79,0000000110101011100101001011001001001111100100010010011001001111110110001111111,133245513,0,0.030000,0.600000
133241929,85,0111110000011100101010100101001000001001001111100110010010001001001110100111001101000,133254157,0,0.060000,0.600000
133241933,79,0000010011110111110001001111000010010010111001000100100010010010111101100010111,133247259,0,0.060000,0.600000
133241936,78,000100011010101110010100101110100100111110010011001000100100111111001000111111,133259015,0,0.140000,0.700000
133241937,83,11101010000111100101010101011010000010010011011001000100100010010010111111100011010,133235533,0,0.053333,0.800000
133241944,83,10100000001110010101110010110100000100100111110010001001000100101101110011010110101,133247260,0,0.066667,1.000000
133241947,85,1011001000100111110011100010100100000100100111110010001001001100100111011011000111111,133265290,0,0.070000,0.700000
133241956,80,01111001110011111100010001110000100100111110011001001000100100101111011000101111,133247270,0,0.100000,0.600000
133241958,82,0000000000111001000111000011010100010010011111001000100100110011011111010100110101,133230500,0,0.040000,0.600000
133242046,82,0010110000111001010101001011010010010010011111001000100100000010010111010000110101,133247255,0,0.032000,0.800000
133242058,84,110010001001111101111100101001000001001001111100100010010011001001110110110001111111,133251028,0,0.070000,0.700000
133242093,83,10000000101111101111100111001001001001001101100100010010001001001110110110001011010,133254155,0,0.020000,0.700000
133242097,83,11010000001111101111100001001001001001001111100100010010001001001100110110001110110,133241971,0,0.030000,0.600000
133242126,83,01000001010100001011101101001000000001001110100100010010001001001111000101001100010,133247261,0,0.020000,0.400000
133242132,81,001000000111110111110000100100100100101111110010001001000100100110011011000111111,133262181,0,0.120000,0.600000
133242137,79,0000000011111011010010100000000100100111110010001001000100100111011011000111110,133232166,0,0.053333,0.800000
133242139,85,0010000010011100111011100100101000001001001111100100010010001001001111110010011101011,133247254,0,0.040000,0.800000
133242140,83,11100000001110011101010010110100000100100111110011001001000100100111111011001110101,133243661,0,0.040000,0.600000
133242164,82,1001001000100001011111101101000001001001111100100010010001011001101010111001100011,133252597,0,0.033333,0.500000
133242165,83,11101010000011100101010101011010000010010011111001000100100010010010101111100011010,133251036,0,0.033333,0.500000
133242191,83,00000110011110111111110100000000100100110110010001011000100100111011111000111100110,133240459,0,0.050000,0.500000
133242202,77,00000000111110111110001010000010010011111101000100110010010010111011000110100,133251032,0,0.100000,0.500000
133242218,81,110000000101001110111001010101000100100111110010001001000100100011111001001100101,133240462,0,0.050000,0.500000
133242232,76,0000001001010111110000100000100100100111110010001001000100100110000110001011,133251030,0,0.024000,0.600000
133242236,81,100000101010000101110110010100000100100111110010001001000100100111101011100110001,133233881,0,0.053333,0.600000
133242263,83,10111001001110010101011010100100000100100111110010001001000100110111010111000101001,133252608,0,0.080000,0.500000
133242276,83,10000101010000101110110010100000100100111110010001001000100100111101011110100001111,133245494,0,0.033333,0.500000
133242288,83,11001001100111110011110010100100010100100111010010001001001100100111011011100111111,133245496,0,0.140000,0.700000
133242298,82,0000000000111001000111000011010100010010011111001000100100110011011111010100110101,133232169,0,0.040000,0.700000
133242314,81,100000101010000111110110010100000100100111110010101001000100000111101011100110001,133262177,0,0.024000,0.600000
133242319,76,0000010101010111110000001000100101100111110010001001001100100110010110001011,133252602,0,0.120000,0.600000
133242321,83,01100100001110011001010010110100000100000111110110001001000100100111111001001110101,133257451,0,0.020000,0.500000
133242329,76,0000010101010111110000001000100101100111110010001001001100100110000110001011,133255840,0,0.060000,0.600000
133242340,76,0000010101010111110000001000100101100111110010001001001100100110000100001011,133257450,0,0.060000,0.600000
133242349,85,0110101010001110110101110010110100000100100111110010001001001100100101111000000100101,133249261,0,0.120000,0.600000
133242360,81,100100010011111001111011100100000100100110110010001001001100100011010110001111111,133235537,0,0.060000,0.600000
133242362,84,000000000011111001111101010011000010010011111001000100100110010011101111100011110011,133252607,0,0.028000,0.700000
133242369,85,1101000100011100101011100101101000001001001111100100010010000001001010110110001101011,133228727,0,0.035000,0.700000
133242371,75,000101011110111100101000001001001001111100100010010001001001111110100001101,133263557,0,0.024000,0.600000
133242375,76,0011001111101111111101001100010010011111001000100110010010011100101000110110,133249272,0,0.030000,0.600000
133242376,76,0011001111101111111101001100010010011111001000100110010010011100101000110110,133270351,0,0.030000,0.600000
133242377,82,1000000010111110111110010100101100100100111110010001001000100100111011011000111001,133228727,0,0.040000,0.800000
133242379,81,100000001011111011111011010010000000100111110010001001000100100111111101110110101,133270351,0,0.030000,0.600000
133242385,75,000101011110111100101000001001001001111100100010010001001001111110100001101,133249272,0,0.030000,0.600000
133242413,83,01000001010100101011101101101000001001001110100100010010011001001111010110001100010,133259013,0,0.053333,0.800000
133242426,76,0000001111101111010001011000010010011111001000100100110010011101101100011101,133245518,0,0.070000,0.700000
133242427,75,000101010110111100101000001001001001111100100010010001001001111110100001101,133263558,0,0.120000,0.600000
133242428,84,110101010001111010101110010110100000100100111110010001001001100100101111001001100101,133228738,0,0.030000,0.600000
133242431,85,1110100000001110010101110010110111000100100111110010001001000100100100111011001110101,133263566,0,0.033333,0.500000
133242446,80,00100100111110111110000101000001001001111100100010010001001000011001100011010011,133238700,0,0.046667,0.700000
133242450,85,1011100010001110101011100101101000001001001111100100010010001001001010110100001101011,133251036,0,0.033333,0.500000
133242462,83,11100000001110011101010010110100000100100111110010001001000100100111111011001110101,133270340,0,0.050000,0.500000
133242471,83,10000000000111110011111010000110000100100111110010001001001100100111011110001111001,133252597,0,0.040000,0.600000
133242474,78,000100011010101110010100101110100100111110010011001000100100111111011000111111,133252597,0,0.040000,0.600000
133242477,82,1010000001011101111100001001001001001001111100100010010001001001100110110001111110,133247260,0,0.066667,1.000000
133242479,85,0000000010010100101011111111100110101001001111100100011010001001001111010110001011011,133255834,0,0.070000,0.700000
133242496,84,110000001101101111111000011010000010010111110010001001000100100101111010000110001111,133263576,0,0.025000,0.500000
133242510,76,0000010101010111110000001000100101100111110010001001001100100110000110001011,133257460,0,0.060000,0.600000
133242528,82,1000000010111110111110011100100100100100111110010001001100100100111011011000101101,133240462,0,0.050000,0.500000
133242540,83,11100000001110011101010010110100000100100111110010001001000100100111111011001110101,133238687,0,0.120000,0.600000
133242545,86,11100000011011011111110000110100100100100111110010001001000100100101111010000110001111,133247265,0,0.040000,0.600000
133242556,84,111001000100111110111110010100100000100100111110010001001001100100111011011000111111,133266897,0,0.040000,0.600000
133242563,82,1000000110111110111110010100101100100100111110010001001000100100111011011000111001,133265300,0,0.040000,0.600000
133242564,84,110101010001110110101110010110100000100100111110010001001001110100101111000000100101,133240461,0,0.025000,0.500000
133242574,84,111001010100111110111110010100100000100100111110010001001001100100111011011000111011,133254148,0,0.140000,0.700000
133242580,82,1000000011100111111010100100000100100111110010001001000100100111011111000111100110,133262179,0,0.120000,0.600000
133242583,82,0100000001010111011111011010010001000100111110010001001000100100011111101110110101,133241964,0,0.070000,0.700000
133242586,76,0000101111111111100001011010101001001111100100010010001001001010100100111001,133262179,0,0.120000,0.600000
133242589,81,110100000011101011111000010010010000100111110110001001000100100100011011000111110,133262179,0,0.100000,0.500000
133242598,83,11100000001110011101010010110100000100100111110010001001000100100111111011001110111,133243643,0,0.060000,0.600000
133242606,84,110000000111001110101001011010000010010011111001000100000010010011111100100101000111,133255829,0,0.025000,0.500000
133242607,86,01110100010001110010101110010110100000100100111110010001001000100100101111001000110101,133255829,0,0.030000,0.600000
133242615,82,1000000010111110111110011100100100100100111110010001001100100100111011011000111101,133240464,0,0.050000,0.500000
133242633,80,00000000011111011111000010100000100100111110010001001000100100101110110011101001,133228722,0,0.040000,1.000000
133242639,83,11001000100111110111110010100100000100100111110010001001001100100111011011010111111,133254157,0,0.070000,0.700000
133242643,81,000000011110111111010100100000100100111110010001001000100100110011111000111100110,133260440,0,0.035000,0.700000
133242649,81,000000011110111111010100100000100100111110010001001000100100111011111000111100111,133260442,0,0.050000,0.500000
133242650,79,0000010101000011111010010100000000100111110010001001000100100111101011100110001,133263575,0,0.028000,0.700000
133242655,85,0010000010011100111011100100101000001001001111100100010010001001001111110010011101011,133223823,0,0.066667,1.000000
133242664,82,1101000100011100101011100101001001011001001111100100010010001001001011110110001010,133251034,0,0.040000,0.600000
133242668,86,11100000011011011110110000110100000100100111110010001001000100100101111010000110001111,133228734,0,0.120000,0.600000
133242669,83,01001000100101010111110010100100000100100110110010001001001100100111011011000111111,133265290,0,0.080000,0.800000
133242685,84,110110000011100101010100101001000001001001111101100010010001001001110100111001101000,133247252,0,0.030000,0.600000
133242690,82,0000010000111001000111000011010100010010011111001000100100110011010111010100110101,133251032,0,0.120000,0.600000
133242693,78,000100011010101110010100101110100100111110010011001000100100111111001000111111,133268603,0,0.033333,0.500000
133242694,77,00000101111111111100001011010001001001111100100010010001001001010100110011001,133243654,0,0.030000,0.600000
133242696,82,1000000010111110111110010100101100100100111110010001001000100100111011011000111001,133260442,0,0.050000,0.500000
133242697,81,100000001011111011110110100100000100100111110010001001000100100111111101110110101,133241974,0,0.030000,0.600000
133242699,77,00000000111110111110001010000010010011111001000100110010010010111011000110100,133245509,0,0.040000,0.600000
133242712,84,111001000100111110111110010100100000100110111110010001001001100100111011011000111111,133225402,0,0.066667,1.000000
133242713,84,111001000100111110111110010100100000100110111110010001001001100100111011011000111111,133263566,0,0.033333,0.500000
133242714,81,100000101010000111110110110100000100100111110010001001000100100111101011100111001,133225402,0,0.040000,0.600000
133242715,83,11100000001110011101010010110100000100100111110010001001000100100111111011001110101,133228738,0,0.035000,0.700000
133242720,84,000000000011111001111101010011000010010011111001000100100110010011101111100011110011,133225409,0,0.030000,0.600000
133242722,83,11000000001111011101000110010100010101100111110010001001000100100111011001001110101,133243661,0,0.025000,0.500000
133242724,77,00100011011101110011000101101001001111100100010010011001001111110110001111110,133247266,0,0.035000,0.700000
133242736,84,110101010001110010101010010110100100100100111110010001001000100100011101001000110101,133243661,0,0.025000,0.500000
133242738,83,11100000001110011101010010110100000100100111110010001001000100100111111011001110101,133225409,0,0.030000,0.600000
133242745,84,100010000011001110011101010000000010010011111001000100100010010011101110010011110010,133254151,0,0.080000,0.800000
133242747,84,011010001000111001010111001011010010010010011111001000100100010010010111101100010100,133268600,0,0.033333,0.700000
133242756,74,00000011101111010101011000010010011101001000100100110010011101101100011101,133266904,0,0.024000,0.600000
133242757,88,0101110000011011011111110000111100100100110111110010001001000100100101101010000110001110,133247259,0,0.060000,0.600000
133242760,76,0010011101010111001010010110000010011111001000100100110010011111101100111101,133245501,0,0.030000,0.600000
133242770,84,011100000001110011101010010110100000100100111110010001001000100100111111011000100101,133238709,0,0.050000,0.500000
133242775,81,100000101010000111110110010100000100100111110010101001000100100111101011100110001,133262195,0,0.035000,0.700000
133242780,82,1101000100101100101011100101101001001001001111100100010010001001001011110110001010,133232165,0,0.060000,0.600000
133242781,83,01000010011110111011100100001100000001001111100100010000011001001010100110101100011,133257463,0,0.025000,0.600000
133242786,82,1000000011111101110100010010000100100111110010001001001100101111011011000110011010,133262185,0,0.024000,0.600000
133242799,83,10100000001100010101110010110100000100100111110010001001000100100101110011010110101,133235547,0,0.060000,0.600000
133242810,83,01101000100111110111110010100100000100100111110010001001001100100111011011010111111,133243651,0,0.060000,0.600000
133242811,85,0101000000011100001011100101101000101001001011100100010010001001001011100110101101011,133243659,0,0.138889,0.700000
133242812,83,10100000001110000101110010110100000100100111110010001001000100100101110111010110101,133257460,0,0.080000,0.800000
133242813,83,11000000001111011101000110010100010101100111110010001001000100100111011001001110101,133257460,0,0.080000,0.800000
133242820,83,11101000100111100001011100101101001101001001111100100010010001001001011110110001010,133254157,0,0.060000,0.600000
133242821,82,1000001010100001110101101101000001001001111100101010010001001001111010111001100010,133249263,0,0.032000,0.800000
133242825,82,1000000010101110111100010101100100100100111110010001001000100100111011011000111101,133230486,0,0.100000,1.000000
133242826,82,1110000011110111101100100000100001001011111100100010010001001001011110110101101000,133230486,0,0.050000,0.500000
133242829,83,10111000001111010101010010100100000100100111110010001001000100100111010111001101001,133263563,0,0.070000,0.700000
133242830,85,0010000010011100111011100100101000001001001111100100010010001001001111110010011101010,133260445,0,0.024000,0.600000
133242831,84,011000000011110011111100001101001101001001111100100010010001001001011110100001100011,133238705,0,0.024000,0.600000
133242832,83,10000000000111101111101100001000001011001011100110010010001001001111111011101111010,133230488,0,0.160000,0.800000
133242835,81,100100010010101011111010100100000100100110110010001001001100100111011011000111111,133252612,0,0.120000,0.600000
133242836,85,1101000000011100001011100101101010001001001111000100010010001001001011110110001101010,133243657,0,0.070000,0.700000
133242840,84,011001000100111110011110010100100000100100111110010001001001100100111011011000111110,133230492,0,0.033333,1.000000
133242841,83,00101000001110010101010010110100000000100111110010001001000100100101110100001100011,133270337,0,0.033333,0.600000
133242842,84,011001010100111110011110010100100000100100111110010001001001100101101011011000111111,133254156,0,0.024000,0.600000
133242851,83,11001000001110011101010010110100000100100111110010001001000100100111111011001110101,133257457,0,0.030000,0.600000
133242856,83,01000000010111110111110110100100000100100111110010001001000100100111111101110110101,133259004,0,0.100000,1.000000
133242859,86,01110100010001110010101110010110100000100100111110010001001001100100101101011000110101,133225394,0,0.060000,0.600000
133242861,82,1101001100011100101011100101101001001011001111100100010010001001001011110110001010,133225394,0,0.060000,0.600000
133242865,75,000101011110111100101000001001001001111100100010010000001001111110100001111,133251031,0,0.024000,0.600000
133242866,83,11100000001110011101010010110100000100100111111010001001000100100111111011001110101,133232161,0,0.033333,0.500000
133242868,82,1000001010100001111101100100000001001001111100100010010001001001111010111001100011,133232161,0,0.066667,1.000000
133242872,84,110010001001111101111100101001000001001001111100100010010011001001110110110001111111,133232163,0,0.030000,0.600000
133242876,83,11100000001110011101010010110100000100100111110010001001000100100111111011001110101,133235537,0,0.080000,0.800000
133242877,84,111001000100111110111110010100100000100100111110010001001001100100111011011000111111,133232165,0,0.100000,1.000000
133242878,84,111001000100111110111110010100100000100100111110010001001001100100111011011000111111,133255837,0,0.060000,0.600000
133242879,84,111010001000111001010111001011010000010010011111001000100100010010001101011000110101,133240459,0,0.050000,0.500000
133242883,84,111001000110111110011110011100100000100101111110010001001001000100011011111100111101,133259004,0,0.060000,0.600000
133242889,84,010011100001110010101010000110100000100100111110010001001000100100101111010010101010,133251039,0,0.040000,0.600000
133242890,86,01100110010001111001011001010010000010010011111001100100100110010011100101100011111110,133235544,0,0.025000,0.500000
133242892,86,11100000010011011111110000110100100100100111100010001001100100100101111010000110001111,133249271,0,0.050000,0.500000
133242893,75,000100011101111100101000001001001001111100100010010000001001111110110001101,133265293,0,0.046667,0.700000
133242919,85,0010000000011100111001100100101000001001001111100100010010001001001111110010011101011,133247264,0,0.080000,0.800000
133242920,82,1110000011100111111100100000100001001001111100100010010001001001011110110101101000,133255836,0,0.060000,0.600000
133242923,76,0000011110111111101010100100010010011111001000100100100010010111111100010011,133260441,0,0.030000,0.600000
133242925,79,1000000110101011100101001011001001001111100100010010011001001111110110001111111,133232171,0,0.024000,0.600000
133242927,76,0000101111111111100001011010101001001111100100010010001001001010100100111001,133251043,0,0.100000,1.000000
133242931,84,110100000001110010101110010110100000000100111110010001001000100101101110011011110101,133270337,0,0.020000,0.600000
133242933,83,10100000001110000101110010110100000100100111110010001001000100100101110111010110111,133257457,0,0.030000,0.600000
133242938,83,10100000001110000101110010110100000100100111110010001001000100100101110111010110111,133266905,0,0.060000,0.600000
133242939,84,111100000001110011101010010110100000100100111110010001001000100100111111011001110111,133257457,0,0.030000,0.600000
133242943,83,11100000010011110001110101100100000100100110110010001000000100100111111001000111101,133254154,0,0.050000,0.500000
133242968,83,10100000001110010101110010110100000100100111110010101001000100100101110011010110101,133268588,0,0.033333,0.500000
133242971,83,10100000001100010101110010110100000100100111110010001001001100100101110011010110101,133263568,0,0.040000,0.600000
133242972,89,01011100000110110111111100001101001001001101111100100010010001001001011010100001100011101,133230485,0,0.033333,0.700000
133242975,77,10000001011101111110101011000010010011111101000100100110000011101111100011101,133240475,0,0.033333,0.500000
133242982,76,0000010101010111110000001000100101100111110010001001001100100110000110001011,133235534,0,0.200000,1.000000
133242983,83,01000010010111110111110110100100000100100111110010001001000100100111111101110110100,133247265,0,0.040000,0.600000
133242988,76,0001000111001111001010010010010010011111001000110100000010011111101100011011,133235534,0,0.160000,0.800000
133242989,84,111001000100111110011110010100100000010100111110010001001001100100111011010001111111,133235534,0,0.200000,1.000000
133242990,83,10100000001110010101110010110100000100100111110010001001000100100101110011000110101,133235534,0,0.200000,1.000000
133242991,82,1000000010111110111110010100101100100100111110010001001000000100111011011000111001,133235534,0,0.200000,1.000000
133242992,82,1000000010111110111110010100101100100100111110010001001000100100111011011000111011,133235534,0,0.200000,1.000000
133242993,83,10100000001110010101110010110100000100100111110010001001000100100101110011000110101,133235534,0,0.200000,1.000000
133242994,84,111010100000111001010101010110100000100100111110010001001000100100101111011000110101,133255835,0,0.100000,1.000000
133242998,84,111010100000111001010101010110100000100100111110010001001000100100101111011000110101,133235534,0,0.200000,1.000000
133243001,85,0100000001011111011111011010010000010010011111001000100100010010011111110111011010111,133222213,0,0.040000,0.600000
133243003,85,1011001000100111110011100010100100000100100111110010001001001100100111011011000111111,133266892,0,0.030000,0.700000
133243006,82,0100010100111101111110001000111000010010011111001000100100010010010111101100010111,133235537,0,0.100000,1.000000
133243011,82,0110000001111011111110000110100100100100111110010001001000100100100111010000110001,133245494,0,0.033333,0.500000
133243016,83,00000110011110111111110100000000100100110110010001001000100100111011111000111100110,133260445,0,0.028000,0.600000
133243017,86,11110010001001111101111100101001000001001001111100100010010011001001110110110001111110,133252598,0,0.032000,0.800000
133243018,82,1101000100011110101011100101001001001001001111100100010010001011001011110110001010,133235531,0,0.025000,0.500000
133243024,82,1000001010100001111101101101000001001001111100100010010001001001111010111001110010,133243645,0,0.060000,0.600000
133243027,85,0010000010011100111011100100101000001001001111100100010010001001001111110010011111011,133243653,0,0.050000,0.500000
133243029,83,11001000100111110111110010100100000100100110110010001001001100100111011011000101111,133245493,0,0.120000,0.600000
133243039,85,0000000000010100101011111111100110001001001111100100010010001001001111010110001011011,133259004,0,0.100000,1.000000
133243041,82,1000000001110111101010010110100010100100111110010001001000100100111111001000110101,133249262,0,0.060000,0.600000
133243042,84,110001101001111100111101101001010001001001101100100011010001001001111110010001111010,133263572,0,0.120000,0.600000
133243044,83,10000000000111110011111010000110000100100111110010001000001100100111011110001111001,133249272,0,0.025000,0.500000
133243045,81,000000011110111111010100100000100100111110010001001000100100111011111000111100110,133235545,0,0.040000,1.000000
133243057,83,01000010010111110111110110100100000100100111110010001001000100100111111101110110101,133260444,0,0.100000,0.500000
133243071,84,011001000100111110011110010100100000100100111110010001001001100100111011011000111111,133228734,0,0.140000,0.700000
133243072,84,110001101001111100111101101001010001001001101100100010010001001001111110010001111010,133262188,0,0.035000,0.700000
133243076,84,110001101001111100111101101001010001001001101100100010010001001001111110010001111010,133235546,0,0.120000,0.600000
133243080,83,00000000001110010101110000110101000110100111110010001001001100110111110101001101011,133237113,0,0.060000,0.600000
133243086,81,100000101010000111110110010100000100100111010010001001000100100111100010100110001,133260450,0,0.070000,0.700000
133243088,77,00000000111110111110001010000010010011111001000100100010010010111011000110100,133252611,0,0.046667,0.700000
133243091,77,00100011011101110011000101101001001111100100010010011001001111110110001111110,133268591,0,0.046667,0.700000
133243106,82,0000000111101111110101001000001001001111100100010010001001001110111110001111001101,133245509,0,0.046667,0.700000
133243107,84,010001100000110010101010000010100000100101111110010001001000100100101111010010101011,133262195,0,0.035000,0.700000
133243109,77,00000001111101111000010100000100100111110110001001000100100101110110001111001,133237123,0,0.066667,1.000000
133243111,77,00000000111110111110001010000010010011111001000100100010010010111011000110100,133252603,0,0.080000,0.800000
133243113,83,00000000000111101111101100001000001011001011100100010010001001001111111011101111010,133259010,0,0.028000,0.700000
133243116,84,011001000100111110011110010100100000100100111110010001001001100100111011011000111111,133259010,0,0.032000,0.800000
133243117,77,00000000111110111110001010000010010011111001000100100011010010111011000110100,133245495,0,0.020000,0.700000
133243118,75,000100011100101101101000001001001001111100100010010000001001111110110001101,133252603,0,0.070000,0.700000
133243122,77,00000000111110111110001010000010010011111001000100100010010010111011000110100,133259010,0,0.040000,1.000000
133243123,86,01100110010001111001011001010010000010010011111001100100100111010011100101100011111110,133254153,0,0.033333,0.500000
133243130,82,1000000010111110111110010100101100100100111110010001001000100100111011011000111001,133228736,0,0.120000,0.600000
133243131,83,10100000001110010101110010110100000100100111110010001001000100100101010011010110101,133247261,0,0.025000,0.500000
133243140,82,1000001010110101011101111101000001001001111100100110010001001001111110110101100010,133247261,0,0.025000,0.500000
133243145,79,0000001011111011010010100000000100100111110010001001000100100111011011000111110,133270350,0,0.120000,0.600000
133243150,88,1101110000011011011111110000110100101100110111110010001001000100100101101010000110001110,133235546,0,0.100000,0.500000
133243164,75,001100011000111100101000001001000001111100100010010001001001111110110000101,133260452,0,0.060000,0.600000
133243168,85,1101010000011100101010100101111000001001001111100100010010001001001001110110001101011,133240464,0,0.050000,0.500000
133243169,85,1101000000011100001011100101101010001001001111000100010010001001001011110110001101010,133251044,0,0.050000,0.500000
133243172,80,01111001110011111100010001110000100100111110011001001000100100101111011000101111,133245520,0,0.120000,0.600000
133243173,82,1101000100011100101011100101001001001001001111100100010010001001001011110110001010,133243650,0,0.040000,0.600000
133243179,83,00000000000111101111101100001000001011001011100100010010001001001111111011101111010,133257454,0,0.020000,0.500000
133243192,86,01001000001010111001011101101101000001001001111100100010010001001001111010111001100011,133257463,0,0.080000,0.800000
133243194,86,01001000001010111001011101101101000001001001111100100010010001001001111010111001100011,133252604,0,0.050000,1.000000
133243196,85,1100010001001111100110101101001000001001001101100100010010011011001110100110001111111,133238693,0,0.040000,1.000000
133243199,85,1100010001001111100110101101001000001001001101100100010010011011001110100110001111111,133257463,0,0.060000,0.600000
133243206,83,10100000001110010101110010110100000100100111110010001001000100101101110011010110101,133238693,0,0.040000,1.000000
133243208,83,11001000100111110111110010100100000100100110110010001001001100100111011011000111111,133241975,0,0.046667,0.700000
133243209,77,00000000111110111110001010000010010011111001000100100010010010111011000111100,133252604,0,0.050000,1.000000
133243221,84,111010001000111010101110110110100000100100111110010001001000100100101011011000110101,133249265,0,0.060000,0.700000
133243228,84,111100000001110011101010010110100000100100111110010001001000100100111111011001110111,133238700,0,0.066667,1.000000
133243229,83,11100010001110011101010010110100000100100111110010001001000100100111111011001110101,133254158,0,0.080000,0.800000
133243231,79,0000010011110111110001001111000010010010111001000100100010010010111101100010111,133266899,0,0.080000,0.800000
133243236,83,11100000001110011101010010110100000100100111110010001001000100100111111011001110101,133225411,0,0.080000,0.800000
133243238,84,110101010001110110101110010110100000100100101110010001001001100100111111000000100101,133266899,0,0.070000,0.700000
133243241,84,011001000100111110011110010100100000100100111110010001001001100100111011011000111111,133252597,0,0.040000,0.600000
133243242,81,100000101010000111110110010100000100100111110010001001000100100111101011100110001,133243659,0,0.198413,1.000000
133243245,81,100000101010000111110110000100000100100110110010001001000100100111101011100110001,133230486,0,0.070000,0.600000
133243247,83,11100010001110011101010010110100000100100111110010001001000100100111111011001110101,133255834,0,0.070000,0.700000
133243251,76,0000011001010111110000100000100100100101100010001001000100100110000110001011,133251032,0,0.100000,0.500000
133243253,82,1000001010100001101101100101000001001001111100100010010001000001111010111001100011,133255833,0,0.020000,0.700000
133243255,82,1010000001111101111100001001001001101001111100100010010001001001100110110001111110,133257466,0,0.050000,0.500000
133243264,88,0101110000011011011111110000110100100100110111110010001001000100100101101010000110001110,133255833,0,0.017143,0.700000
133243266,79,0000001111011111101100100000100100111110010001001000100100110011111000111100110,133245514,0,0.033333,0.500000
133243268,80,00000000011111011111000010100000100100111110010001001000100100101110110011101001,133260449,0,0.120000,0.600000
133243269,80,00000000011111011111000010100000100100111110010001001000100100101110110011101001,133260449,0,0.120000,0.600000
133243270,82,0000110000110011101111010100100000100100111100100010010001001001110111110101111001,133257462,0,0.050000,0.500000
133243278,77,00000000111110101110001010000010010011111001000100100010010010111011000110100,133257451,0,0.024000,0.600000
133243281,77,00000000111110111110001010000010010011111001000100100010010010111011000111100,133235547,0,0.050000,0.500000
133243292,83,10000001101111101111100101001011001001001111100100010010001001001110110110001110011,133235533,0,0.066667,1.000000
133243293,84,000000000011111001111101010011000010010011111001000100100110010011101111100011110011,133265289,0,0.035000,0.700000
133243294,82,1110000011100111101100100010100001001001111100100010110001001001011110111101101000,133230485,0,0.070000,0.700000
133243303,86,11100000011011011111110000110100000100100111110010001001000100100101111010010110001111,133245518,0,0.080000,0.800000
133243309,82,1000000110111110111110010100101100100100111110010001011000100100111011011000111001,133228730,0,0.028000,0.700000
133243313,84,110000001101011110110000110100000100100111110010001001000100100101111010000110001011,133262182,0,0.100000,0.500000
133243314,84,110000001101011110110000110100000100100111110010001001000100100101111010000110001011,133240459,0,0.100000,1.000000
133243316,82,1110000011100111111100100000100001001001111100100010010001001001011110110101101000,133257451,0,0.024000,0.600000
133243319,80,10000000111101111110100001000001001001111100100010000001001011101111100011110011,133255827,0,0.026667,0.400000
133243322,83,11001001100111110011110010100100010100100111010010001001001100100111011011100111111,133255827,0,0.040000,0.600000
133243325,80,00001001000011011111001010010010010010011111001000100100010010011001011100011100,133228734,0,0.120000,0.600000
133243326,83,10100000001111010101110010110100000100100111110010001001000100101101010011010110101,133228734,0,0.120000,0.600000
133243327,82,0100000001010111011111011010010001000100111110010001001000100100011111101110110101,133228734,0,0.120000,0.600000
133243329,78,000000011111011010010100000000100100111110010001001000100100111011011000110110,133240461,0,0.025000,0.500000
133243331,84,010000000011111001111111010011000010010011111001000100100110010011101111100011110011,133243657,0,0.070000,0.700000
133243342,83,10000000101111101111100111000001001011001111100100010010011001001110110110001011011,133252605,0,0.030000,0.600000
133243351,84,011100000001110011101010010110100000100100111110010001001000100100111111011000100101,133257467,0,0.060000,0.600000
133243352,76,0000101111111111100001011010101001001111100100010010001101001010100100111001,133254146,0,0.017143,0.600000
133243368,81,000000101110010001110010110100000100100111110010001001000100100111111011000110000,133241976,0,0.040000,0.600000
133243369,84,111100000001110011101010010110100000100100111110010001001000100100111111011001110111,133240468,0,0.066667,1.000000
133243370,81,000000101110010001110010110100000100100111110010001001000100100111111011000110000,133266896,0,0.066667,1.000000
133243372,84,110101010001111010101110010110100000100100111110010000001001100100101111001001100101,133266896,0,0.046667,0.700000
133243373,87,011100000011011011111110000110100000100100111110010001001000100100101110010000110001111,133247269,0,0.053333,0.800000
133243375,84,111100000001110011101010010110100000100100111110010001001000100100111111011001110111,133240468,0,0.066667,1.000000
133243379,86,11100000010011011111110000110100100100100111100010001001100100100101111010000110001111,133247259,0,0.050000,0.500000
133243381,83,10100000001110000101110010110100000100100111110010001001000100100101110111010110111,133240468,0,0.066667,1.000000
133243384,82,1000000010111010111110011100000100101100111111010001001001100100111011011000101101,133252610,0,0.020000,0.500000
133243393,83,10000001001101000111101100001000001001001101100100010010001001001111110010001111011,133252610,0,0.024000,0.600000
133243397,85,1111110000011100100010100101001000001001001111100100010010001001001110100111001101000,133268592,0,0.040000,0.600000
133243401,84,111000000110110111011000011010000010010011111001000100100010010010111101000011000111,133268597,0,0.020000,0.600000
133243403,82,1110000011100111101100100010100001001001111100100010110001001001011110111101101000,133243647,0,0.033333,0.500000
133243412,82,1001001000100001011111101101000001001001111100100010010001011001101010111001100011,133257456,0,0.050000,0.500000
133243414,78,000100011010101110010100100110100100111110010011001000100100111111001000111111,133257456,0,0.050000,0.500000
133243415,79,0000010011110111110001001111000010010010111001000100100010010010111101100010111,133251031,0,0.020000,0.500000
133243424,85,0111110000011100101010100101001000001001001111100110010010001001001110100111001101000,133230488,0,0.140000,0.700000
133243429,83,11101010000011100101010101011010000010010011111001000100100010010010101111100011010,133247259,0,0.060000,0.600000
133243432,83,10100000001110010101110010110100000100100111110010001001000100100101110011010110101,133241963,0,0.040000,0.800000
133243433,83,11100000001110011101010010110100000100100111110010001001001100100111111011001110101,133241963,0,0.050000,1.000000
133243435,83,00101000001110010101010010110100000100100111110010001001000100100101110100001100011,133241963,0,0.040000,0.800000
133243436,83,11001000100111110111110000100100000100100111110010001001001100100111011011000111011,133247266,0,0.030000,0.600000
133243439,76,0000100011110111100101000001001001001111100100010010001000001111110110001101,133241963,0,0.050000,1.000000
133243442,81,110000000101001110111001010101000100100111110010001001000100100011111001001100101,133259016,0,0.100000,1.000000
133243443,84,011101000100011100101011100101101000010010011111001000100100010010010111001100011010,133268593,0,0.026667,0.800000
133243449,86,11100000011011011111110000110100000100100111110010011001000100100101111010000110001011,133241964,0,0.100000,1.000000
133243453,78,000100011010101110010100101110100100111110010011001000100100111111001000111111,133241967,0,0.025000,0.500000
133243454,84,011010001000111001010111001011010010010010011111001000100100010010010111101100010100,133243651,0,0.060000,0.600000
133243455,79,0000000110101011100101001011001001001111100100010010011001001111110110001111111,133241964,0,0.100000,1.000000
133243457,79,0000010011110111110001001111000010010010111001000100100010010010111101100010111,133241964,0,0.100000,1.000000
133243459,86,01100110010001111001011001010010000010010011111001100100100110010011100101100011111110,133260443,0,0.100000,0.600000
133243460,86,11001000001010110001011101101101000001001001111100000010010101001001111010111001100011,133262179,0,0.100000,0.500000
133243462,84,110100010001110010101010010110100100100100111110010001001000100100011101001000110101,133241964,0,0.100000,1.000000
133243467,83,11100000001110011101010010110100000100100111110010001001000100100111111011001110101,133266897,0,0.040000,0.600000
133243469,83,01000001010100101011101101101000001001001110100100010010011001001111010110001100010,133265299,0,0.035000,0.700000
133243473,82,1000001010110000011101101101000001001001111100100010010001001001111010111001000011,133259019,0,0.050000,0.500000
133243474,83,01000001010100101011101101101000001001001110100100010010011001001111010110001100010,133241965,0,0.066667,1.000000
133243475,79,0000001011111011010010100000000100100111110010001001000100100111011011000111110,133266897,0,0.040000,0.600000
133243478,83,10100000001110010101110010110100000100100111110010001001000100100101010011010110101,133232165,0,0.060000,0.600000
133243479,82,1000000001111011101010110110100010100100111110010001001000100100111111001001110101,133235544,0,0.030000,0.600000
133243480,85,0010000010011100111011100100101000001001001111100100010010001001001111110010011101011,133247270,0,0.070000,0.700000
133243481,87,011001000100111110010110010100100000100110111110010001011001100100110011011000111111101,133232165,0,0.050000,0.500000
133243482,85,1110100000001110010101110010110111000100100111110010001001000100100100111011001110101,133268610,0,0.050000,0.800000
133243485,81,000000011110111111010100100000100100111110010001001000100100111011111000111100110,133247271,0,0.016667,0.500000
133243487,87,011001000100111110010110010100100000100110111110010001011001100100110011011000111111101,133259006,0,0.050000,0.500000
133243488,83,11100000001110011101010010110100000100100111110010001001000100100111101011001110101,133263569,0,0.080000,0.800000
133243491,85,1110100000001110010101110010110111000100100111110010001001000100100100111011001110101,133257466,0,0.050000,0.500000
133243492,86,01110100010001110010101110010110100000100100111110010001001000100100101111001000110101,133262180,0,0.070000,0.700000
133243493,87,011001000100111110010110010100100000100110111110010001011001100100110011011000111111101,133257463,0,0.060000,0.600000
133243499,83,11100000001110011101010010110100000100100111110010001001000100100111101011001110101,133247256,0,0.053333,0.800000
133243501,83,11101000100111100001011100101101001101001001111100100010010001001001011110110001010,133241967,0,0.050000,1.000000
133243511,83,10100000001110000101110010110100000100100111110010001001000100100101110111010110101,133257452,0,0.033333,0.500000
133243514,88,0101110000011011011111110000110100100100110111110010001001000100100101101010000110001110,133260444,0,0.100000,0.500000
133243519,81,100000101010000111110110010100000100100111110010101001000100100111001011100110001,133249259,0,0.033333,0.500000
133243520,83,00000000000111101111101100001000001011001011100100010010001001001111111011101111010,133249259,0,0.026667,0.400000
133243530,82,1000000001110111101010010110100010100100111110010001001000100100111111001000110101,133232165,0,0.060000,0.600000
133243533,74,00000011101111010101011000010010011101001000100100110010011101101100011101,133270340,0,0.060000,0.600000
133243535,86,11100000011011011101110000110100000100100111110010001001000100100101111010010110001111,133268597,0,0.020000,0.600000
133243536,86,11110010001001111101111100101001000001001001111100100010010011001001110110110001111110,133255825,0,0.060000,0.600000
133243540,83,11100000001110011101010010110100000100100111110010001001000100100111111011001110101,133255825,0,0.060000,0.600000
133243545,84,011010001000111001010111001011010010010010011111001000100100010010010111101100010100,133262177,0,0.032000,0.800000
133243546,79,1000000011111101110100010010001100100111110010001101001100101110110110001100110,133262177,0,0.024000,0.600000
133243557,82,0000000000111001010101000001010100010010011111001000100100110011011111010100110100,133241972,0,0.050000,0.500000
133243569,76,0000000011101111110101011000010010011111101000100100110010011101101100011101,133241972,0,0.050000,0.500000
133243572,85,0010000010011100111011100100101000001001001110100100010010001001001111110010011101011,133241972,0,0.100000,1.000000
133243576,80,00000100111110111110000101000001001001111100100010010001001000011111100011010010,133241973,0,0.100000,1.000000
133243578,82,1101000100101100101011100101101001001001001111100100010010001001001011110110001010,133247273,0,0.053333,0.800000
133243579,83,10110000001110010101010010100100000100110111110010001001000100100111010111001101001,133252596,0,0.050000,0.500000
133243580,82,1000001010100001001101101101000001001001111100100010010001001001111000101001110010,133247273,0,0.053333,0.800000
133243584,85,1100000101010000101110110110100000101100111110010101001000100100111101011010110001010,133241973,0,0.100000,1.000000
133243591,83,11010000001111101111100001001001001001001111100101010010001001001100110110001110110,133241976,0,0.033333,0.500000
133243600,80,00000000011111011111000010100000100100111110010001001000100100101110110001101001,133259009,0,0.040000,1.000000
133243604,84,001000001010100101011101101101000001001001110100100010010011001001111010110001100010,133243657,0,0.060000,0.600000
133243605,82,1010000010111100111110010100101100100100111110010001001000100100111011011000111001,133241975,0,0.066667,1.000000
133243611,88,0101110000011011011111110000110100100100110111110010001001000100100101101010000110001110,133238693,0,0.028000,0.700000
133243613,82,1000010011110111011100110001100000001001111100100010000011001001010100110101100011,133268588,0,0.030000,0.600000
133243614,83,00000110011110111111110100000000100100110110010001001000100100111011111000111100110,133241976,0,0.066667,1.000000
133243617,80,00000100111110111110000101000001001001111100100010010001001000011101100011010010,133241976,0,0.066667,1.000000
133243622,81,100000001011111011111011010010000000100111110010001001000100100111111101110110101,133259018,0,0.060000,0.600000
133243625,74,00000011101111010101011000010010011101001000100100110010011101101100011101,133230485,0,0.060000,0.600000
133243627,75,000100011100111110101000001001001001111100100010010000001001111110110001101,133265289,0,0.035000,0.700000
133243635,80,10000101010000011101101001000000001001110100100010010001101001111000101001100010,133265289,0,0.030000,0.600000
133243710,84,110101010001110010101010010110100100100100111110010001001000100100011101001000110101,133263562,0,0.050000,0.500000
133243743,81,100000101010000111110110110100000100100111110010001001000100100110101111100111001,133240466,0,0.017143,0.600000
133243752,83,01100000001110011001110010110100000100101111110010001001000100100111111001001110101,133241965,0,0.033333,0.500000
133243777,83,11001000100111110111110010100100000100100110110010001001001100100111011011000101111,133259015,0,0.120000,0.600000
133243780,86,10010000000011100111011100100101000001001001111100100010010001001001111110010011101011,133245499,0,0.030000,0.600000
133243793,77,10000000011101111010001111000010010011111001000100100110010011101101100011101,133255840,0,0.060000,0.700000
133243804,84,101110000011100101000100101001000001001001111100100010010001001001010101110011010011,133254152,0,0.024000,0.600000
133243807,83,01000010011110111011100100001100000101001111100100010000011001001010100110101100011,133254152,0,0.024000,0.600000
133243808,87,001100110010001111001011001010010000010010011111001100100100110010011100101100011111110,133241976,0,0.040000,0.600000
133243811,85,1110101010001110010101010010110100000100100111110010001001000100100011101001100110101,133268594,0,0.025000,0.500000
133243814,83,10000000000111110011111010000110000100100111110010001001001100100111011110001111001,133251035,0,0.030000,0.600000
133243833,81,100000101011000111110110010100000100100111010010001001000100100111101010100110001,133230500,0,0.033333,0.500000
133243835,83,10100000001110010101110010110100000100100111110010001001000100100101110011000110101,133262195,0,0.040000,0.800000
133243840,76,0000000011101111010001011000010010011111001000100100110010011101101100011101,133247261,0,0.030000,0.600000
133243842,81,100000101010000111110110010100000100100111110010101001000100000111101011100110001,133240467,0,0.025000,0.500000
133243845,86,01100110010001111001011001010010000010010011111001100100100110010011100101100011111110,133245496,0,0.120000,0.600000
133243848,82,1000000010111110111110011100100100100100111110010001001100100100111011011000101101,133245496,0,0.140000,0.700000
133243851,84,111000011111011110010010000110100100100111110010001001000100100101111011010110110000,133251040,0,0.120000,0.600000
133243867,79,0000010011110111110001001111000010010010111001000100100010010010111101100010111,133223823,0,0.033333,0.500000
133243872,75,000100011100111110101000001001001001111100100010010010001001111110110001101,133240459,0,0.060000,0.600000
133243876,83,11000000011100111111010100100000100100101110010001001000100100111011011000111100110,133233881,0,0.046667,0.600000
133243884,77,00000000011101111010001011000010010011111001001100100110010011101101100011101,133233871,0,0.040000,0.600000
133243900,82,1010000001111101111100001000001001001001111100100010010001001001100110110001111110,133225409,0,0.030000,0.600000
133243902,86,01110100010001110010101110010110100000100100111110010001001000100100101111001000110101,133225409,0,0.030000,0.600000
133243904,82,0000000000111001000111000011010100010010011111001000100100110011011111010100110101,133225402,0,0.040000,0.600000
133243918,77,00000000111110111110001010000010010011111001000100100010010010111011000110100,133254151,0,0.080000,0.800000
133243950,81,100000001011111011110110100100000100100111110010001001000100100111111101110110101,133249260,0,0.060000,0.600000
133243952,85,0110010101001111100111100101001000001001001111100100010010011001011010110110001111111,133252597,0,0.040000,0.600000
133243957,83,01000000010111110111110110100100000100100111110010001001010100100111111101110110101,133265301,0,0.080000,0.800000
133243992,84,011000000011110011111100001101001101001001111100100010010001001001011110100001100011,133238696,0,0.030000,0.600000
133243994,83,10100000001110011101010000110100000100100111110010001001000100100111101001001110101,133251041,0,0.040000,0.800000
133244012,81,100000101011000000110110100100000100100111110010001001000000100111101011100100001,133255843,0,0.024000,0.600000
133244035,79,0000010011110111110001001111000010010010111001000100100010010010111101100010111,133245496,0,0.140000,0.700000
133244036,80,00000000011100101010100000101010010010011111001000100100110011011111010100110100,133240468,0,0.053333,0.800000
133244040,75,000101011110111100101000001001001001111100100010010001001001111110100001101,133270347,0,0.060000,0.600000
133244042,85,1111010001000111010101110010110100000100100111110010001001000100100101111011000110101,133252611,0,0.046667,0.700000
133244057,82,1000000001110111101010010110100010100100111110010001001000100100111111001000110101,133260439,0,0.040000,0.600000
133244060,75,000100011010111100101000001001000001111100100010010001001001111110110001101,133263556,0,0.033333,0.500000
133244070,76,0000010101010111110000001000100101100111110010001001001100100110010110001011,133268611,0,0.120000,0.600000
133244083,82,1000000010111110111110010100101100100100111110010001001000101100111011011000111001,133245515,0,0.020000,0.500000
133244085,85,1001001001010100001011101101101000001001001111100100010010001001001111010111001100011,133254146,0,0.017143,0.600000
133244095,75,000100011101111100101000001001001001111100100010010000001001111110110001101,133249269,0,0.035000,0.700000
133244101,83,10100000001110000101110010110100000100110111100010000001000100100101110011010110101,133249269,0,0.030000,0.600000
133244104,82,1000000010111110111110010100101100100100111110010001011000100100111011011000111001,133251029,0,0.053333,0.800000
133244106,81,000000011110111111010100100000100100111110010001001000100100110011111000111100110,133257452,0,0.033333,0.500000
133244107,88,1101110000011011011111110000110100101100110111110010001001000100100101101010000110001110,133259006,0,0.050000,0.500000
133244131,84,110010001001111101111100101001000001001001111100100010010011001001110111110001111111,133255828,0,0.040000,0.600000
133244138,74,00001010101011111000000100010010110011111001000100100110011011000011000101,133230492,0,0.016667,0.500000
133244143,76,0000010101010111110000001000100101100111110010001001001100100110000110001011,133245493,0,0.120000,0.600000
133244158,82,1000000001110111101010010110100010100100111110010001001000100100111111001000110101,133252611,0,0.053333,0.800000
133244161,84,111001000100101110111110010100100000100100111110010001001001100100111011011000111111,133252611,0,0.040000,0.600000
133244184,83,11101010000011100101010101011010000010010011111001000100100010010010111101100011010,133262183,0,0.100000,0.500000
133244190,85,1011001000100111110011100010100100000100100111110010001001001100100111011011000111111,133260442,0,0.060000,0.600000
133244203,81,100010100111101111110001000111000010010011111001000100100010010010111101100011111,133247253,0,0.100000,0.500000
133244205,85,0010000010011100111011100100101000001001001110100100010010001001001111110010011101011,133260452,0,0.050000,0.500000
133244206,86,11100000011011011111110000110100000100100111110010001001000100100101111010010110001111,133260442,0,0.050000,0.500000
133244219,83,10000000001110000101110000110001000100100111110010001001001100110111110101001101011,133243655,0,0.120000,0.600000
133244220,83,10000000101111101111100111001001001001001101100100010010001001001110110110001011010,133235547,0,0.060000,0.600000
133244261,85,0000000000010100101011111111100110001001001111100100010010001001001111010110001011011,133260446,0,0.033333,0.500000
133244266,79,0100100111101111110001010111000010010011111001000100100010010010111101000010101,133260446,0,0.033333,0.500000
133244269,79,0000000011111011110000010100000100100111110010001001000100100101100110001101001,133240475,0,0.033333,0.500000
133244281,84,110101010001110110101110010110100000100100101110010001001001100100111111000000100101,133240459,0,0.050000,0.500000
133244283,84,011001000100111110111110010100100000100100111110010001001001100100111011011000111111,133228726,0,0.120000,0.600000
133244285,87,010101000100011100101011100101101000001001001111100100010010001001001011110110001101010,133245509,0,0.046667,0.700000
133244287,77,00000001111101111000010100000100100111110110001001000100100101110110001111001,133265289,0,0.035000,0.700000
133244288,82,1000100010111110111110010100101100100100111110010001001000100100111011011000111011,133241965,0,0.040000,0.600000
133244290,79,0000000011111011010010100000000100100111110010001000000100100111011011000110110,133243654,0,0.025000,0.500000
133244291,83,10000000000111110011111010000110000100100111110010001001001100100111011110001111001,133249258,0,0.040000,0.600000
133244292,83,11100000001110011101010010110100000100100111110010001001000100100111111011001110101,133247270,0,0.070000,0.700000
133244293,84,000000000011111001111101010011000010010011111001000100100110010011101111100011111011,133257460,0,0.070000,0.700000
133244295,83,00000000100111101111101100001000001011001011100100010010001001001111111011101111010,133245502,0,0.100000,0.500000
133244296,85,1001000001010100001011000100101000000001001111100100010010001001101111010111001100010,133245502,0,0.100000,0.500000
133244301,84,011001010100111110011110010100100000100100111110010001001001100101101011011000111111,133240464,0,0.050000,0.500000
133244325,89,01011100000110110111111100001101001001001101111100100010010001001001011010100001100011100,133255841,0,0.025000,0.500000
133244330,83,01100000001110011001110010110100000100101111110010001001000100100111111001001110101,133268596,0,0.160000,0.800000
133244342,85,1011001000100111110011100010100100000100100111110010001001001100100111011011000111111,133238700,0,0.040000,0.600000
133244343,83,11101010000011100101010101011010000000010011111001000100100010010010111101100011010,133265291,0,0.100000,0.500000
133244345,85,1001000001010110001011101101101000001001001111100100010010001001000111010111001100011,133263561,0,0.020000,0.500000
133244347,82,1001001000100001011111101101000001001001111100100010010001011001101010111001100011,133262178,0,0.100000,0.500000
133244348,89,01011100000110110111111100001101001001001101111100100010010001001001011010100001100011100,133251034,0,0.033333,0.500000
133244353,82,1010000001111101111100001000001001101001111100100010010001001001100110110001111110,133223829,0,0.050000,1.000000
133244363,79,0000010011110111110001001111000010010010111001000100100010010010111101100010111,133268605,0,0.016667,0.700000
133244365,86,11001000001010100001111101101101000001001001111000110010010000001001111010111000100011,133225396,0,0.050000,0.500000
133244366,83,00100100001111101111110101001000101001001111100110010010011001001110111110001111001,133245509,0,0.040000,0.600000
133244367,83,11100000001110011101010010110100000100100111110010001001000100100111111011001110101,133233877,0,0.060000,0.600000
133244373,75,000100011010111100101000001001000001111100100010010001001001111110110001101,133238706,0,0.028000,0.700000
133244377,82,1000000010111110111110010100101100100100111110010001001000100100111011011000111001,133255824,0,0.200000,1.000000
133244382,82,0111000001111011110110010000010000100100111110010001001000100100111111111010101001,133241963,0,0.040000,0.800000
133244388,78,001100011010101010010100001100100100111110011001001001100100111101011000111111,133245513,0,0.035000,0.700000
133244389,84,011000000011110111111100001101001001001001111100100010010001001001011110100001100011,133222210,0,0.060000,0.600000
133244396,87,011001000100111110010110010100100000100110111110010001011001100100110011011000111111101,133237119,0,0.020000,0.500000
133244399,83,10000000000111110011111010000110000100100111110010001001001100100111011110001111001,133241972,0,0.060000,0.600000
133244400,82,1000000010111110111110011100100100110100111110010001001100100100111011011000101101,133241972,0,0.040000,0.400000
133244403,84,011101000100011100101011100101101000010010011111001000100100010010010111001100011010,133262192,0,0.050000,0.500000
133244407,81,110000000101001110111001010101000100100111110010001001000100100011111001001100101,133241972,0,0.050000,0.500000
133244410,79,0000000011111011010010100000000100100111110010001001000100100111011011000111110,133233877,0,0.060000,0.600000
133244413,81,100000001111110111010001001000010010011111001000100100110010111101101100011001101,133262181,0,0.120000,0.600000
133244416,81,100000001111110111010001101000010010011111001000100100110010111101101100011001101,133243661,0,0.030000,0.600000
133244417,83,10000000000111110011111010000110000100100111110010001001001100100111011110001111001,133247253,0,0.120000,0.600000
133244418,81,100000001111110111010001001000010010011111001000100100110010111101101100011001101,133238706,0,0.028000,0.700000
133244420,86,10010000010101000010111011011010000010010011111001000100100010010011110101100011000101,133243661,0,0.025000,0.500000
133244422,82,1100000001011111011110110100100000100100111110010001001000100100111111101110110101,133230486,0,0.080000,0.500000
133244424,82,0000000000111001010101000001010100010010011111001000100100110011011111010100110100,133243658,0,0.080000,0.800000
133244427,83,11100000001110011101010010110000000100100111111010001001000100100111111011001110101,133247264,0,0.070000,0.700000
133244432,75,000101011110111100101000001001001001111100100010010001001001111110100001101,133268605,0,0.080000,0.800000
133244433,81,100000101010000111110110110100000100100111110010001001000100100111101011100111001,133252600,0,0.060000,0.600000
133244436,85,1001001001010100001011101101101000001001001111100100010010001001001111010111001100011,133240472,0,0.040000,0.600000
133244440,86,11110010001001111101111100101001000001001001111100100010010011001001110110110001111110,133260449,0,0.120000,0.600000
133244441,83,10000001101111101111100101001011001001001111100100010010001001001110110110001110011,133255832,0,0.020000,0.800000
133244442,84,111000001101111001111100111001001001001001111100100010010001001001100110110010011010,133245493,0,0.160000,0.800000
133244451,82,1110000011100111111100100000100001001001111100100010010001001001011110110101101000,133225396,0,0.050000,0.500000
133244453,87,011001000100111110010110010100100000100110111110010001011001100100110011011000111111101,133254152,0,0.024000,0.600000
133244454,83,10110000001110010101010010000100000100110111110010001001000100100111010111001101001,133249268,0,0.020000,0.500000
133244461,81,110100000010111011111000010010010000100111110010001001000100100110011011000111110,133251041,0,0.040000,0.800000
133244470,84,100001010100001011101100101000001001001111100100010010001001001111010111001000011111,133247266,0,0.030000,0.600000
133244472,84,110101010001110110101110010110100000100100111110010001001001100100101111000000100101,133265299,0,0.030000,0.800000
133244473,80,10000000111101111110100001000001001001111100100010000001001011101111100011110011,133245516,0,0.020000,0.400000
133244475,83,10100001001110000101110010110100000100100111110010001001000100100101110101010110101,133245493,0,0.160000,0.800000
133244485,81,100000001011111011110110100100000100100111110010001001000100100111111101110110101,133265293,0,0.053333,0.800000
133244486,81,100000001011111011110110100100000100100111110010001001000100100111111101110110101,133263573,0,0.040000,0.600000
133244499,84,110101010001110010101010010110100000100100111110010001101000000100011101001000110101,133247258,0,0.060000,0.600000
133244501,82,0000000000111001000111000011010100010010011111001000100100110011011111010100110101,133266900,0,0.014286,0.500000
133244503,83,11000001100111110011110010100100010100100111010010001001001100100111011011000111111,133243660,0,0.033333,0.500000
133244510,81,100000101010000101110110010100000100100111110010001001000100100111101011100110001,133254150,0,0.080000,0.800000
133244513,75,000001111011011110101010010001001001111100100010010011001001011111110001101,133230486,0,0.100000,1.000000
133244515,83,11101000100111100001011100101101001101001001111100100010010001001001011110110001010,133230486,0,0.100000,1.000000
133244516,82,1110000011100111101100100010100001001001111100100010110001001001011110111101101000,133254157,0,0.060000,0.600000
133244519,76,0010001101110111001100010110100100111110010001001001100100111111011000111111,133230487,0,0.200000,1.000000
133244521,83,11100000111001111011001000001000010010011111001000100100010010010111101111011010000,133257455,0,0.053333,0.800000
133244525,83,11100100001100011101010010110100000100100111110010001001000100110111101011001110101,133230487,0,0.200000,1.000000
133244526,77,00000000111110111110001010000010010011111001000100000010010010111011000110000,133249262,0,0.060000,0.600000
133244531,81,000000011110111111010100100000100100111110010001001000100100111011111100111100110,133254156,0,0.024000,0.600000
133244533,83,10100000001110000101110010110100000100100111110010001001000100100101110111010110101,133233871,0,0.053333,0.800000
133244536,85,1111110000011100100010100101001000001001001111100100110010001001001110100111001101000,133228737,0,0.024000,0.600000
133244541,83,10100000001110000101110010110100000100100111110010001001000100100101110111010110101,133230497,0,0.040000,0.600000
133244543,82,1000000010111110111110011100000100101100111110010001001001100100111011011000101101,133257463,0,0.060000,0.600000
133244545,82,0000000000111001000110000010010100010010011111001000100100110011011111010100110101,133252605,0,0.035000,0.700000
133244551,82,1001001000100001011111101101000001001001111100100010010001011001101010111001100011,133254149,0,0.033333,0.500000
133244559,85,1011001000100111110011100010100100000100100111110010001001001100100111011011000111111,133254158,0,0.060000,0.700000
133244565,85,1011001000100111110011100010100100000100100111110010001001001100100111011011000111111,133245496,0,0.140000,0.700000
133244570,84,110010001001111101111100101000000001001001101100100010010011001001110110110001111110,133251031,0,0.028000,0.700000
133244571,83,10000000001110000101110000110101000100100111110010001001001100110111110101001101011,133232165,0,0.060000,0.600000
133244572,75,000100011100101101101000001001001001111100100010010000001001111110110001101,133232165,0,0.100000,1.000000
133244576,84,011001000100111110011110010100100000100100111110010001001001100100111011011000111111,133232165,0,0.100000,1.000000
133244577,83,10000000101111101111100111001001001001001101100100010010001001001110110110001011010,133259003,0,0.060000,0.600000
133244579,76,0010011101010111001010010110000010011111001000100100110010011111101100011101,133270351,0,0.025000,0.500000
133244584,83,11001000100111110111110010100100000100100110110010001001001100100111011011000111111,133255832,0,0.024000,0.600000
133244585,77,11000000011101111010001011000010010011111001000100100110010011101101100011101,133238702,0,0.060000,0.600000
133244586,86,11100000010011011111110000110100100100100111100010001001100100100101111010000110001111,133268609,0,0.025000,0.600000
133244587,83,00100000001111101111110101001000101001001111100110010010011001001110111110001111001,133260443,0,0.140000,0.700000
133244589,83,11010000001111101111100001001001001001001111100100010010001001001100110110001110110,133243644,0,0.060000,0.600000
133244592,83,11100000001110011101010010110100000100100111110010001001000100100111111011001110101,133240472,0,0.040000,0.600000
133244598,82,0110010001001111100111100101001000001001001111100100010010011001011101101100011111,133263576,0,0.025000,0.500000
133244602,76,0000000011101111010001011000010000011111001000100100110010011101101100011101,133230488,0,0.120000,0.600000
133244603,86,11100000011011011110110000110100000100100111110010001001000100100101111010000110001111,133260455,0,0.040000,0.600000
133244605,77,00000010010101111100001000001001001001111100100010010001001001100001100010111,133259009,0,0.040000,1.000000
133244606,82,0100000001010111011111011010010001000100111110010001001000100100011111101110110101,133225409,0,0.025000,0.500000
133244611,75,000001111011111110101010010001001001111100100010010011001001011111110001001,133227178,0,0.060000,0.600000
133244613,82,1000000010111110111110011100000100101100111110010001001001100100111011011000101101,133227178,0,0.060000,0.600000
133244614,83,10100000001110000101110010110100000100100111110010001000000100100101110111010110111,133227178,0,0.050000,0.500000
133244616,84,011001000100111110011110010100100000100100111110010001001001100100111011011000111111,133243657,0,0.070000,0.700000
133244618,85,1111010110000111000010101010110100000100100111110010001001000100100101111011000110101,133268605,0,0.020000,0.800000
133244626,83,11100000001110011101010010110100000100100111110011001001000100100111111001001010101,133247261,0,0.030000,0.600000
133244629,75,000001111011111110101010010001001001111100100010010010001001011111110001001,133238705,0,0.024000,0.600000
133244632,84,110101010001110010101010010110100100100100111110010001001000100100011101001000110101,133266900,0,0.014286,0.500000
133244633,86,11100000011011011110110000110100000100100111110010001001000100100101111010000110001111,133238693,0,0.032000,0.800000
133244635,84,011000000011110011111100001101001101001001111100100010010001001001011110100001100011,133268595,0,0.100000,0.600000
133244636,80,01111001110011111000010001110000100100111110011001001000101100101111011000101111,133243654,0,0.025000,0.500000
133244638,84,011000000011110011111100001101001101001001111100100010010001001001011110100001100011,133237113,0,0.100000,1.000000
133244649,82,1010000001011101111100001001001001001001111100100010010001001001100110110001111110,133252604,0,0.050000,1.000000
133244653,83,11100000010011110001110101100100000100100110110010001000000100100111111001000111101,133235531,0,0.025000,0.500000
133244654,82,1000000010101110111100010101100100100100111111010001001000100100111011011000111101,133262185,0,0.020000,0.500000
133244655,82,1000001010110000011101101101000001001001111100100010010001001001111010111001000011,133245493,0,0.160000,0.800000
133244660,84,011001010100111110011110010100100000100100111110010001001001100101101011011000111111,133245493,0,0.140000,0.700000
133244662,85,0110010001001111101111100101001000001001001111100100010010011001001110110110001111111,133235534,0,0.200000,1.000000
133244668,85,1011001000100111110011100010100100000100100111110010001001001100100111011011000111111,133255833,0,0.028000,0.700000
133244669,84,111001010100111110111110010100100000100100111110010001001001100100111011011000111011,133265294,0,0.060000,0.600000
133244686,79,0000000011111011010010100000000100100111110010001001000100100111011011000110110,133235541,0,0.080000,0.800000
133244693,83,00000001001010010101111111110011010100100111110010001101000100100111100110001011011,133235541,0,0.100000,1.000000
133244696,82,1100000101011000001110110110100000100100111110010001001000100100111101011100100001,133270339,0,0.100000,0.800000
133244698,77,00000000111110111110001010000010010011111001000100100010010010111011000110100,133232165,0,0.060000,0.600000
133244699,78,000000001111101111100010100000100100111110010001001000100100101110110001101001,133232165,0,0.060000,0.600000
133244701,81,100000001011111011111010010010000000100111110010001001000100100111111101110110101,133257456,0,0.060000,0.600000
133244704,86,01000000000111110101100010100100100100100111110010001001001000101111010011000111101011,133257459,0,0.040000,0.600000
133244705,83,10100000001110010101110010110100000100100111110010001001000100100101010011010110101,133247256,0,0.053333,0.800000
133244711,82,1000000010111110111110011100000100100100111110010001001001100100011011011000101101,133235547,0,0.100000,1.000000
133244713,85,1001000001010100001011000100101000000001001111100100010010001001111111010111001100010,133235547,0,0.100000,1.000000
133244719,84,111000011111011110110010000110100100100111110010001001000100100101111011010110110000,133252609,0,0.100000,1.000000
133244720,82,1010000001111101111100001000001001001001111100100010010001001001100110110001111110,133238706,0,0.032000,0.800000
133244723,84,011000000011110011111100001111101101001001111100100010010001001001011110100001100011,133257458,0,0.040000,0.600000
133244725,84,110101010001111010101110010110100000100100111110010001001001100100101111001001100101,133255827,0,0.040000,0.600000
133244727,84,110101010001111010101110010110100000100100111110010001001001100100101111001001100101,133238705,0,0.040000,0.600000
133244729,82,1101000100011100101011100101001001011001000111100100010010001001001011110110001010,133235546,0,0.100000,0.500000
133244736,79,0000001011111011010010100000000100100111110010001001000100100111011011000111110,133238709,0,0.050000,0.500000
133244751,81,100000001110101111101001001000001001001111101100010010001001001101110010001111001,133225409,0,0.030000,0.600000
133244756,77,00000000111110111110001010100010010011111001000100100010010010111011000110100,133265294,0,0.060000,0.600000
133244758,82,1101001100011100101011100101101001001011001111100100010010001001001011110110001010,133237113,0,0.070000,0.700000
133244759,77,00100011011101110011000101101001001111100100010010011001001111110110001111110,133268591,0,0.046667,0.700000
133244763,79,0000000011111011010010100000000100100111110010001001000100100111011011000110110,133251035,0,0.030000,0.600000
133244769,82,1000000011110111101010010110100010100100111110010001001000100100111111001000110101,133257461,0,0.200000,1.000000
133244770,75,000100011010111100101000001001000001011100100010010001001001111111110000101,133237121,0,0.080000,0.800000
133244771,75,000100011010111100101000001001000001111100100010010001001001111111110000101,133257461,0,0.140000,0.700000
133244773,87,011001000100111110010110010100100000100110111110010001011001100100110011011000111111101,133237121,0,0.100000,1.000000
133244774,87,101110000011011011111110011110100100100111011110010001001000100100101111010000110000110,133257461,0,0.120000,0.600000
133244776,83,11100000001110011101010010110100000100100111110010001001000100100111111011001110101,133257461,0,0.160000,0.800000
133244779,83,01000010010111110111110010100100100100100111110110001001001100100111011011000111101,133247273,0,0.017143,0.600000
133244782,82,0000000111101111110101001000001001001111100100010010001001001110111110001111001101,133263567,0,0.060000,0.600000
133244785,82,0000000111101111110101001000001001001111100100010010001001001110111110001111001101,133245509,0,0.046667,0.700000
133244787,85,1001000001010100001011101101101000001001001111100100000010001001001111010110001100011,133252607,0,0.028000,0.700000
133244789,86,01110100010001110010101110010110100000100100111110010001001000100100101101011000110101,133270350,0,0.120000,0.600000
133244790,77,10010001101110111001100010110100100111110010001001001100100111110011001111111,133270350,0,0.120000,0.600000
133244792,79,0000000011111011111000010100000100100111110010001001000100100101110110001101001,133249261,0,0.120000,0.600000
133244793,83,10100000001110010101110010110100000100100111110010001001000100100101110011010110101,133263567,0,0.060000,0.600000
133244795,84,110101000001110010101010010110100000100100111110010001001000100100101111110000110101,133260443,0,0.160000,0.800000
133244796,83,01000010010111110111110010100100100100100111110110001001001100100011011011000111101,133263567,0,0.070000,0.700000
133244798,77,10010001101110111001100010110100100111110010001001001100100111110011001111111,133254155,0,0.022857,0.800000
133244801,83,11111010000111100101010101011010000010010011011001000100100010010010111111100011010,133238687,0,0.160000,0.800000
133244802,86,10010000010101000010111011011010000010010011111001000100100010010011110101100011000101,133240461,0,0.025000,0.500000
133244803,83,11001010100111110111110010100100100100100111110010001001001100100111011011000111011,133238687,0,0.200000,1.000000
133244805,83,11001010100111110111110010100100000100100111110010001001001100100111011011000111011,133235544,0,0.030000,0.600000
133244807,76,0000001011101111110101011000010010011111101000100100110010011101111100011101,133238687,0,0.200000,1.000000
133244809,86,10010000010101000010111011011010000010010011111001000100100010010011110101100011000101,133238687,0,0.200000,1.000000
133244810,82,1010000011100111111100100000100001001001111100100010010001001001011110110101101000,133240461,0,0.025000,0.500000
133244811,83,11101010000111100101010101011010000010010010011001000100100010010010111111100011010,133265294,0,0.060000,0.600000
133244813,82,1010000011100111111100100000100001001001111100100010010001001001011110110101101000,133238687,0,0.200000,1.000000
133244814,82,1000010011110111011100110001100000001001111100100010000011001001010100110101100011,133238687,0,0.200000,1.000000
133244816,86,00110010001001111100111100101001000101001001111100100010000011001001110110110001111101,133238687,0,0.200000,1.000000
133244844,85,0010000000011100111011100100101000001001001111100100010010001001000111110010011101011,133257462,0,0.100000,1.000000
133244845,85,1001001001010100001111101101101000001001001111100100010010001001001111010111001100011,133240462,0,0.060000,0.600000
133244847,86,01001000001010111001011101101101000001001001111100100010010001001001111010111001100011,133252604,0,0.050000,1.000000
133244850,86,01100110010001111001011001010010000010010011111001100100100110010011100101100011111110,133238693,0,0.040000,1.000000
133244854,82,1100000001011111011110110100100000100100111110010001001000100100111111101110110101,133225410,0,0.017143,0.800000
133244856,81,000000101110010001110010100100000100100111100010001001000100100111111011000110000,133255833,0,0.028000,0.700000
133244864,76,0010011101010111001010010110000010011111001000100100110010011111101100111101,133260448,0,0.040000,0.600000
133244872,85,1101000000011100001011100101101010001001001111000100010010001001001011110110101101010,133268610,0,0.028000,0.700000
133244873,83,10001001100111110011110010100100010100100111010010001001001100100111011011000111111,133247262,0,0.035000,0.700000
133244876,84,010001100000110010101010000010100000100100111110010001001000100100101111010010101011,133243658,0,0.100000,1.000000
133244878,80,01111001110011101000010001110000100100111110011001001000100100101111011000101111,133247262,0,0.035000,0.700000
133244880,80,00000000111110111110100101010001001001111100100010010001001001011101100011010011,133247264,0,0.080000,0.800000
133244881,84,110001000100111110111110010100100000100100111110010001001001100100111011011000111111,133263572,0,0.120000,0.600000
133244883,85,0110101010001110010101010010110100100100100111110010001011000100100011101001100110101,133238699,0,0.100000,1.000000
133244884,82,1000000010111110111110011100000100100100111110010001001001100100011011011000101101,133247260,0,0.053333,0.800000
133244886,82,1101100010011111011111001010000000010010011110010001001001100100111011011000111111,133237119,0,0.020000,0.500000
133244893,82,1000000001110111101010010110100010100100111110010001001000100100111111001000110101,133238702,0,0.100000,1.000000
133244897,85,1110100010101110010101110010110100001100100111110010001001000100100101111011000110110,133238706,0,0.028000,0.700000
133244901,83,11001001100111110011110010100100010100100111010010001001001100100111011011100111111,133265304,0,0.070000,0.700000
133244908,83,10100000001100000101110010110100000100100111110010001001001100100101110011010110101,133259013,0,0.046667,0.700000
133244912,86,10010000000011100111011100100101000001001001111100100010010001001001111110010011101011,133257465,0,0.040000,0.600000
133244913,82,1000000010111110111110010100101100100100111110010001001000000100111011011000111001,133268605,0,0.070000,0.700000
133244915,82,1000000010111110111110010100101100100100111110010001001000000100111011011000111001,133245513,0,0.025000,0.500000
133244920,88,0101110000011011011111110000111100100100110111110010001001000100100101101010000110001110,133245513,0,0.025000,0.500000
133244923,88,0101110000011011011111110000110100100100110111110010001001000100100101101010000110001110,133254146,0,0.020000,0.500000
133244925,79,0000001111011111101100100000100100111110010001001000100100110011111000111100110,133251041,0,0.040000,0.800000
133244926,82,1000001010100001101101100101000001001001111100100010010001000001111010111001100011,133259006,0,0.028000,0.500000
133244927,79,0000001011111011010010100000000100100111110010001001000100100111011011000111110,133257450,0,0.070000,0.700000
133244931,79,0000000011011011110000000100000100100111110010001001000100100101110110001101001,133235539,0,0.020000,0.600000
133244936,86,10010000010101000010111011011010000010010011111001000100100010010011110101100011000101,133237123,0,0.066667,1.000000
133244943,82,1010000001111101111100001001000001101001111100100010010001001001100110110001111110,133238707,0,0.066667,1.000000
133244951,85,0011000000001111001101000110110100010000100111110010001001000100100111111001001110101,133260443,0,0.050000,0.800000
133244954,83,11011001100111110111110010100100000100000111110010001001001100100111011011000111011,133265295,0,0.046667,0.700000
133244955,82,1000000010111110111110011100100100100100111110010001001000100100111011011000101101,133259013,0,0.040000,0.600000
133244957,76,0000001111111111000010110101010000011111001000100100010010010101001000110011,133265295,0,0.046667,0.700000
133244958,80,00000000011111011111000010100000100100111110010001001000100100101110110001101001,133245514,0,0.033333,0.500000
133244959,84,111001000110111110011110011100100000100101111110010001001001000100011011111100111111,133240460,0,0.100000,1.000000
133244960,82,1000000001110111101010010110100010100100111110010001001000100100111111001000110101,133265295,0,0.053333,0.800000
133244962,83,11011000100111110111110010100100000100100111110010001001001100100111011011000111011,133240460,0,0.100000,1.000000
133244963,82,1000000010111110111110010100101100100100111110010001001000100100111011011000111001,133240460,0,0.100000,1.000000
133244964,85,1101000000011100001011100101101010001001001111000100010010001001001011110110001101010,133259013,0,0.040000,0.600000
133244966,80,00000000011111011111000010100000100100111110010001001000100100101110110001101001,133265295,0,0.066667,1.000000
133244968,82,1000000010111110111110011100100100100100111110010001001000100100111011011000101101,133257465,0,0.040000,0.600000
133244969,76,0000001111111111000010110101010000011111001000100100010010010101001000110011,133245514,0,0.040000,0.600000
133244970,84,000000000011111001111101010011000010010011111001000100100110010011101111100011110011,133228734,0,0.140000,0.700000
133244973,82,0100000001010111011111011010010001000100111110010001001000100100011111101110110101,133240461,0,0.050000,1.000000
133244976,78,000000011111011010010100000000100100111110010001001000100100111011011000110110,133255842,0,0.100000,0.500000
133244978,80,00001001000011011111001010010010010010011111001000100100010010011001011100011100,133247257,0,0.060000,0.600000
133244979,83,10100000001110010101110010110100000100100111110010001001000100101101010011010110101,133265290,0,0.060000,0.600000
133244981,87,110010000000011100111011100100101000001001001111100100010010001001001111110010011101011,133240461,0,0.050000,1.000000
133244982,86,10010000010101000011111011011010000010010011111001000100100010010011110101110011000110,133240461,0,0.050000,1.000000
133244985,78,001001001111101110100001010000010010011111001000100100010010000110011000110100,133249261,0,0.100000,0.500000
133244986,84,000011000011101110111101010010000010010011111011000100100010010011101111011011110010,133232168,0,0.050000,0.500000
133244988,83,10000110011110111111110100000000100100110010010001001000100100111011111000111100110,133245506,0,0.032000,0.800000
133244994,76,0000010101010111110000001000100001100111110010001001001100100110000110001011,133243650,0,0.040000,0.600000
133244996,83,10100000001110010101110010110100000100100111110010001001000100100101110011010110101,133241975,0,0.040000,0.600000
133245001,83,11100000001110011101010010110100000100100111110010001001000100100111111011001110101,133243652,0,0.066667,1.000000
133245002,86,01110100010001110010101110010110100000100100111110010001001000100100101111001000110101,133266904,0,0.032000,0.800000
133245004,77,00000000111110111110001010000010010011111001000100100010010010111011000111100,133233871,0,0.053333,0.800000
133245005,86,01110100010001110010101110010110100000100100111110010001001000100100101111001000110101,133251041,0,0.040000,0.800000
133245012,77,00000000111110111110001010000010010011111001000100100010010010111011000111100,133266904,0,0.032000,0.800000
133245015,80,00000100111110111110000101000001001001111100100010010001001000011101100011010010,133263572,0,0.120000,0.600000
133245022,83,01100100001110011001010010110100000100000111110110001001000100100111111001001110101,133240467,0,0.030000,0.600000
133245027,86,01110100010001110010101110010110100000100100111110010001001100100100101111011000110101,133240467,0,0.050000,1.000000
133245028,81,100100010011111001111011100100000100100110110010001001001100100011010110001111111,133259014,0,0.120000,0.600000
133245030,76,0000101111111111100001011010001001001111100100010010001001001010100100011001,133259014,0,0.120000,0.600000
133245032,83,01000010011110111011100100001100000001001111100100010000011001001010100110101100011,133259014,0,0.100000,0.500000
133245034,81,100100010011111001111011100100000100100110110010001001001100100011010110001111111,133263559,0,0.120000,0.600000
133245035,84,101110000011100101010100101101000001001001111100100010010001001001110101110011010011,133240467,0,0.050000,1.000000
133245038,81,000000101110010001110010110100000100100111110010001001000100100111111011000110000,133247259,0,0.060000,0.600000
133245040,82,1000000010101110111100010101100100100100111110010001001000100100111011011000111101,133240468,0,0.066667,1.000000
133245041,77,01000101111111111100001011010001001001111100100010010001001001010100110011001,133240468,0,0.053333,0.800000
133245042,75,000100011100111100101000001001001001111100100010010001001001111110110001101,133238707,0,0.066667,1.000000
133245043,83,11010000001111101111100001001001001001001111100100010010001001001100110110001110110,133240468,0,0.066667,1.000000
133245045,77,00000101111111111100001011010001001001111100100010010001001001010100110011001,133238707,0,0.066667,1.000000
133245046,83,11010000001111101111100001001001001001001111100100010010001001001100110110001110110,133240468,0,0.066667,1.000000
133245047,82,1000000010111110111110010100101100100100111110010001001000100100111011011000111001,133235542,0,0.040000,0.600000
133245049,78,000100100001101111100101001001001001001111100100010010001001001110101110001110,133251031,0,0.024000,0.600000
133245055,78,000100100001101111100101001001001001001111100100010010001001001110101110001110,133263566,0,0.033333,0.500000
133245069,75,000001111011111110101010010001001001111100100010010011001001011111110001001,133247273,0,0.046667,0.700000
133245070,84,000000000011111001111101010011000010010011111001000100100110010011101111100011110011,133249265,0,0.060000,0.600000
133245074,83,11100000001110011101010010110100000100100111110010001001000100100111111011001110101,133254155,0,0.053333,0.800000
133245075,84,111000011111011110010010000110100100100111110010001001000100100101111011010110110000,133247273,0,0.053333,0.800000
133245076,79,0100100111101111110001010111000010010011111001000100100010010010111101000010101,133255825,0,0.060000,0.600000
133245078,83,10000000001110000101110000110101000100100111110010001001001100110111110101001101011,133254153,0,0.040000,0.600000
133245088,76,0001000111001111001010010010010010011111001000100100000010011111101100011011,133270343,0,0.040000,0.600000
133245096,75,000100011011111100101000001001000001111100100010010001001001111110110001101,133241974,0,0.030000,0.600000
133245099,76,0001000111001111001010010010010010011111001000100100000010011111101100011011,133247260,0,0.066667,0.800000
133245102,83,01001000100101010111110010100100000100100110110010001001001100100111011011000111111,133240476,0,0.100000,1.000000
133245103,82,1100001010011101001111011010101000100100110110010001001000100100111111001000111101,133260451,0,0.050000,0.500000
133245108,83,01000010010111110111110110100100000100100111110010001001000100100111111101110110101,133243644,0,0.060000,0.600000
133245111,83,01001000100101010111110010100100000100100110110010001001001100100111011011000111111,133240476,0,0.100000,1.000000
133245113,80,01111001110011111100010001110000100100111110011001001000100100100111011000101111,133240476,0,0.060000,0.600000
133245118,84,000000000011111001111101010011000010010011111001000100100110010011101111100011110011,133240476,0,0.100000,1.000000
133245120,84,111001000100111110011110010100000000100100111110010000001001100100101011011000111111,133247259,0,0.060000,0.600000
133245128,80,01111001110011101000010001110000100100111110011001001000100100101111011000101111,133263570,0,0.100000,0.500000
133245130,77,00000000111110111110001010000010010011111001000100100010010010111011000110100,133230488,0,0.160000,0.800000
133245131,77,00000000111110111110001010000010010011111001000100000010010010111011000110000,133240466,0,0.028000,0.600000
133245139,84,011001000100111110011110010100100000100100111110010001001001100100111011011000111111,133240476,0,0.060000,0.700000
133245142,84,110011001000111100101100101001000001001101111100110010010011001001100101100011111110,133225396,0,0.050000,0.500000
133245150,84,111001000100111110111110010100100000100100111110010001001001100100111011011000111111,133241972,0,0.100000,1.000000
133245151,81,100000001010000111110110110100000100100111010010001001000100100111101011100111001,133241972,0,0.100000,1.000000
133245152,85,0010000010011100111011100100101000001001001110100100010010001001001111110010011101011,133241972,0,0.100000,1.000000
133245153,80,01111001110011111000010001110000100100111110011001001000101100101111011000101111,133241972,0,0.100000,1.000000
133245155,87,011001000100111110010110010100100000100110111110010001011001100100110011011000111111101,133241974,0,0.050000,1.000000
133245156,76,0000101111111111100001011010101001001111100100010010001001001010100100111001,133225402,0,0.040000,0.600000
133245160,81,100000101010000111110110010100000100100111110010001001000100100111101011100110001,133259017,0,0.040000,0.600000
133245163,83,00100000001111101111110101001000101001001111100110010010011001001110111110001111001,133268588,0,0.066667,0.600000
133245164,83,11100000001110011101010010110100000100100111110010001001000100100111111011001110111,133238693,0,0.032000,0.800000
133245167,84,000000000011111001111101010011000010010011111001000100100110010011101111100011110011,133243640,0,0.028000,0.700000
133245169,81,100001001111011101110010010110000100100111110010001001000100100101011011010110101,133238706,0,0.032000,0.800000
133245172,83,01000010010111110111110010100101100100100111110010001001000100110111011011000111001,133254155,0,0.053333,0.800000
133245176,84,111110000011100101010100101001001001001001111100100010010001001001110100111001101000,133262191,0,0.100000,0.600000
133245184,81,100000101010001111110110010100000100100111110010001001000100100111100011100110001,133247262,0,0.040000,0.800000
133245192,81,101000000011100111000100011010000010010011111001000100100010010011110100100111010,133230485,0,0.080000,0.800000
133245209,82,1010000001111101111100001000001001001001111100100010010001001001100110110001111110,133254149,0,0.040000,0.600000
133245217,77,00100000111110111110001010000010010011111001000100100010010010111011000110100,133228737,0,0.028000,0.700000
133245220,84,110101000001111010101010010110100000100100111110010001001000100100101111110000110101,133228737,0,0.028000,0.700000
133245222,86,11001000001011100001111101101101000001001001111000110010010000001001111010111000100011,133255829,0,0.025000,0.500000
133245224,84,111000011111011110110010000110100100100111110010001001000100100101111011010110111000,133243643,0,0.080000,0.800000
133245226,84,110101000001111010101010010110100000100100111110010001001000100100101111110000110101,133228737,0,0.028000,0.700000
133245227,83,10000000101111101111100101001011001001001111100100010010001001001110110110001110010,133262194,0,0.060000,0.600000
133245228,82,0000100000111001000111000011010100010010011111001000100100110011011111010100110101,133228737,0,0.024000,0.600000
133245234,85,1001001001010100001011101101101000001001001111100100010010001001001111010111001100011,133262187,0,0.080000,0.800000
133245235,82,1000000001110111101010010110100010100100111110010001001000100100111111001000110101,133255843,0,0.024000,0.600000
133245236,82,1000000001110111101010010110100010100100111110010001001000100100111111001000110101,133260451,0,0.060000,0.600000
133245240,84,111000000011100111010100101101000001001001111100110010010001001001111110110011101010,133262187,0,0.070000,0.700000
133245241,75,000100011010111100101000001001000001111100100010010001001001111110110001101,133260451,0,0.050000,0.500000
133245248,82,1000001010100001011101101001000000001001111100100010010001001001111000101001100010,133247258,0,0.070000,0.700000
133245254,82,1101001100111100101011100101101001001011001111100100010010001001001011110110001010,133243645,0,0.050000,0.500000
133245258,84,011001000100111110011110010100100000100100111110010001001001100100111011011000111111,133252602,0,0.120000,0.600000
133245259,85,1001000001010110001011101101101000001001011111100100010010001001000111010111001100011,133251037,0,0.053333,0.800000
133245260,76,0000001001010111110000100000100100100111110010001001000100100110000110001011,133270342,0,0.060000,0.600000
133245262,80,00000000011100101010100000101010010010011111001000100100110011011111010100110100,133255826,0,0.120000,0.600000
133245264,82,1101000100101100101011100101101001001001001111100100010010001001001011110110001010,133243650,0,0.040000,0.600000
133245267,77,00000000111110111110001010000010010011111001000100100010010010111011000110100,133266902,0,0.032000,0.500000
133245270,86,11110010001001111101111100101001000001001001111100100010010011001001110110110001111110,133245502,0,0.120000,0.600000
133245275,82,1000010011110111011100110001100000001001111100100010000011001001010100110101100011,133257468,0,0.060000,0.600000
133245289,85,0110010101001111100111100101001000001001001111100100010010011001011010110110001111111,133243647,0,0.066667,1.000000
133245290,83,00100000101010000101100010010100000000100111100100010010001001101111010111001100010,133237123,0,0.040000,0.600000
133245293,83,00000000000111101111101100001000001011001011100100010010001001001111111011101111010,133245501,0,0.020000,0.400000
133245301,85,1011001000100111110011100010100100000100100111110010001001001100100111011011000111111,133252605,0,0.035000,0.700000
133245312,84,111001010100111110111110010100100000100100111110010001001001100100111011011000111011,133252603,0,0.070000,0.700000
133245313,82,0100000000111010111110000010100000000100111110010001001000100000111110110000101001,133255825,0,0.050000,0.500000
133245315,83,11100000001110011101010010110100000100100111110010001001000100100111111011001110101,133225396,0,0.050000,0.500000
133245319,84,111110000011100101010100101001000001001001111100100010010001000001110100111001101000,133245495,0,0.020000,0.700000
133245322,83,11100000111001111011001000001000010010011111001000100100010010010111101111011010000,133245495,0,0.022857,0.800000
133245324,76,0001000111011111001010000010010010011111001000101100000010011111101100011011,133265296,0,0.035000,0.700000
133245328,73,0010001110011110010100000100100100111110010000001000000100111111011000110,133247258,0,0.050000,0.600000
133245330,82,1010000001111101111100001011001001001001101100100010010001001001100110110001111110,133265293,0,0.046667,0.700000
133245331,75,000000111111111100001011010101000001111100100010010001001001010100100011001,133240462,0,0.060000,0.600000
133245332,83,00000000001110010101110000110101000110100111110010001001001100110111110101001101011,133266895,0,0.070000,0.700000
133245333,84,100001101001111100111101101001010001001001101100100010010001001001111111010001111010,133233881,0,0.040000,0.600000
133245339,85,1001001001010100001111101101101000001001001111100100010010001001001111010111001100011,133255841,0,0.025000,0.500000
133245341,76,0000010101010111110000001000100101100111110010001001001100100110000110001011,133260454,0,0.040000,0.600000
133245344,83,10100000001110010101110010110100000100100111110010001001100100100101110011010110101,133268594,0,0.025000,0.500000
133245351,83,01000010010111110111110010100100100100100111110110001001001100100111011011000111101,133257456,0,0.060000,0.600000
133245352,85,1110100000001110010101110010110111000100100111110010001001000100100100111011001110101,133233877,0,0.060000,0.600000
133245354,83,11100000010011110001110101100100000100100110110000001000000100100111111001000111101,133251030,0,0.020000,0.500000
133245357,86,10100000011011011111110000110100000100100111110010011001000100100101111010010110001111,133263569,0,0.070000,0.700000
133245360,85,0010000010011100111011100100101000001001001111100100010010001001001111110010011101010,133260449,0,0.120000,0.600000
133245362,76,0000010101010111110000001000100001100111110010001001001100100110000110001011,133252601,0,0.033333,0.500000
133245364,84,111001000100111110111110010100100000100100111110010001001001100100111011011000111111,133270354,0,0.040000,0.600000
133245365,83,10100000001100010101110010110100000100100111110010001001001100100101110011010110101,133257453,0,0.040000,0.600000
133245369,82,1110000011100111111100100000100001000011111100100010010001001001011110110101101000,133243653,0,0.100000,1.000000
133245372,84,010100000001110010101110010110000001100100111110010001001000100100101110011010110101,133270344,0,0.100000,0.700000
133245376,84,010000000011101001111101010011000010010011111001000100100110010011101111100011110011,133260438,0,0.060000,0.600000
133245385,81,100000101010000111110110010101000100100111110010001001000100100111101011100110001,133245512,0,0.026667,0.800000
133245386,80,10100010001110010101110010100100111001001111100100010010001001001011110110001010,133245512,0,0.026667,0.800000
133245389,83,11000000001111010101000110010100010101100111110010001000000100100111011001001110101,133243654,0,0.020000,0.400000
133245390,82,1000001110100001111101100101000001001001111100100010010001001001111010111001100011,133260442,0,0.050000,0.500000
133245391,85,0100000001011111011111011010010000010010011111001000100100010010011111110111011010111,133222213,0,0.040000,0.600000
133245393,82,1000000010111110111110010100101100100100111110010001001000100100111011011000111001,133251032,0,0.120000,0.600000
133245395,88,1101110000011011011111110000110100101100110111110010001001000100100101101010000110001110,133254158,0,0.060000,0.600000
133245399,82,0100000000111010111110000010100000100100111110010001001000100000111110110000101001,133260452,0,0.050000,0.500000
133245403,83,10000000101011101111100101011001001001001111100100010010001001001110110100001111110,133251034,0,0.040000,0.600000
133245405,80,01111001110011111100010001110000100100111110011001001000100100101111011000101111,133265304,0,0.046667,0.700000
133245406,83,11100000001110011101010010110100000100100111110010001001000100100111111011001110101,133225398,0,0.070000,0.700000
133245414,75,000100011100101101101000001001001001111100100010010000001001111110110001101,133243657,0,0.100000,1.000000
133245418,83,00000001001010010101111111110011010100100111110010001101000100100111100110001011011,133252598,0,0.028000,0.700000
133245419,83,11100000001110011101010010110100000100100111110010001001000100100111111011001110111,133263568,0,0.040000,0.600000
133245422,82,1001001000100001011111101101000001001001111100100010010001011001101010111001100011,133255838,0,0.030000,0.600000
133245425,84,010010000010101000101110110110100000100100111110010001001000100100111101011100110001,133268596,0,0.200000,1.000000
133245427,85,1100010001001111100110101101001000001001001101100100010010011011001110100110001111111,133251030,0,0.024000,0.600000
133245428,89,01011100000110110111111100001101001001001101111100100010010001001001011010100001100011100,133260450,0,0.060000,0.600000
133245434,86,01100000011011011111110000110100100100100011110010001001000101100101111010000110001111,133268596,0,0.140000,0.700000
133245439,88,0101110000011011011111110000110100100100110111110010001001000100100101101010000110001110,133268596,0,0.160000,0.800000
133245442,83,11000000010101110111100010101100100100100111110010011001000101100111010011000111101,133243659,0,0.198413,1.000000
133245447,84,110101010001110010101010010110100100100100111110010001001000100100011101001000110101,133243659,0,0.198413,1.000000
133245458,83,10000100101011101111100101011001001001001111100100010010001001001110110100001111110,133243660,0,0.033333,0.500000
133245461,83,11101010000111100101010101011010000010010011011001000100100010010010111111100011010,133247258,0,0.070000,0.700000
133245462,80,00000100010000011101101001000000001001110100100010010001001001111000101001100010,133243660,0,0.066667,1.000000
133245463,83,11011000100111110111110010100100100100100111110010001001001100100111011011000111011,133252602,0,0.120000,0.600000
133245466,83,11100000001110011101010010110100000100100111110011001001000100100111111001001010101,133266900,0,0.014286,0.500000
133245467,83,11100000001110011101010010110100000100100111110011001001000100100111111001001010101,133230482,0,0.025000,0.500000
133245472,83,11101010000111100101010101011010000010010011011001000100100010010010111111100011010,133230482,0,0.030000,0.600000
133245475,80,00000100010000011101101001000000001001110100100010010001001001111000101001100010,133262185,0,0.020000,0.500000
133245480,81,100000001111110111010001001000010010011111001000100100110010111101101100011001101,133266903,0,0.025000,0.500000
133245483,81,100000001111110111010001001000010010011111001000100100110010111101101100011001101,133262181,0,0.120000,0.600000
133245484,79,0000000011111011010010100000000100100111110010001001000100100111011011000111110,133243661,0,0.050000,1.000000
133245485,83,00100000101010001111110110010100001100100111110010001001000010100111101011100110001,133260439,0,0.050000,0.500000
133245487,83,00000001001010010101111111110011010100100111110010001101000100100111100110001011011,133263566,0,0.033333,0.500000
133245489,81,000000011110111111010100100000100100101110010001001000100100111011111000111100110,133228738,0,0.030000,0.600000
133245524,84,000000000011111001111111010011000010010011111001000100100110010011101111100011110011,133230492,0,0.020000,0.600000
133245543,77,00000010101010111110000001000100101100111110010001001001100100110000110001011,133243640,0,0.024000,0.600000
133245577,84,111010001000111001010111001011010000010010011111001000100100010010001101011000110101,133238700,0,0.046667,0.700000
133245580,85,0000000000010100101011111111100110001001001111100100010010001001001111010110001011011,133268596,0,0.200000,1.000000
133245584,88,0111010011000111001010111001011010000010010011111001000100100010010010111101100011010100,133255840,0,0.080000,0.800000
133245586,83,11001000100111110111110010100100000100100111110010001001001100100111011011010111111,133254146,0,0.024000,0.600000
133245595,80,00000000011111011111000010100000100100111110010001001000100100101110110011101001,133257454,0,0.024000,0.600000
133245604,78,001001001111101111100001010000010010011111001000100100010010000110011000110100,133249269,0,0.040000,0.800000
133245611,75,000101011110111100101000001001001001111100100010010000001001111110100001111,133251037,0,0.053333,0.800000
133245614,76,0000100011110111100101000001001001001111100101010010001000001111110110001101,133241971,0,0.025000,0.500000
133245617,85,0100000001011111011111011010010000010010011111001000100100010010011111110111011010111,133251037,0,0.066667,1.000000
133245618,86,11100000011011011111110000110100000100100111010010001001000100100101111010000110001111,133251037,0,0.053333,0.800000
133245638,76,0000000011101111010001011000010010011111001000000100110010011101101100010101,133225402,0,0.040000,0.600000
133245648,82,1000000001110011101010010110100010100100111110010001001000000100111111001001110101,133225409,0,0.030000,0.600000
133245661,84,000011000011101110111101010010000010010011111001000100100010010011101111101011110010,133255825,0,0.060000,0.600000
133245662,82,1000000010111010111110011100000100101100111111010001001001100100111011011000101101,133241973,0,0.050000,0.500000
133245663,83,10000000001110000101110000110101000100100111110010001001001100110111110101001101011,133259010,0,0.032000,0.800000
133245666,84,011000000011110011111100001101001101001001111100100010010001001001011110100001100011,133241973,0,0.060000,0.600000
133245667,84,111000011111011110010010000110100100100111110010001001000100100101111011010110110000,133265296,0,0.050000,1.000000
133245669,85,1001000001010100001011000100101000000001001111100100010010001001101111010111001100010,133245495,0,0.020000,0.700000
133245672,80,10000000011111011111000010100000100100111110010001001000100100101010110001001001,133245495,0,0.022857,0.800000
133245675,83,00100000001111101111110101001000101001001111100110010010011001001110111110001111001,133233877,0,0.060000,0.600000
133245680,83,01110000001110011000110010110100000100100111110010001001000100100011111001001110101,133225410,0,0.160000,0.800000
133245693,81,100000101010000111110110010100000100100111110010101001000100000111101011100110001,133241974,0,0.030000,0.600000
133245700,75,000101011110111100101000001001001001111100100010010000001001111110100001101,133257466,0,0.060000,0.600000
133245701,75,000001111011111110100010010001001001111100100010010001001001011111110001001,133240459,0,0.050000,0.500000
133245711,84,111000011111011110010010000110100100100111110010001001000100100101111011010110110000,133255839,0,0.060000,0.600000
133245721,84,110000000111001110101001011010000010010011111001000100000010010011111100100101000111,133265291,0,0.100000,0.500000
133245732,77,00000000111110111110001010000010010011111001000100100010010010111011000110100,133225409,0,0.030000,0.600000
133245753,82,1000000010111110111110011100000100101100111110010001001001100100111011011000101101,133251032,0,0.120000,0.600000
133245759,84,111001000100111110111110010100100000100110111110010001001001100100111011011000111111,133252596,0,0.060000,0.600000
133245762,83,10100000001110011101010000110100000100100111110010001001000100100111101001001110101,133252596,0,0.060000,0.600000
133245775,83,11001000100111110111110010100100000100100110110010001001001100100111011011000101111,133251042,0,0.120000,0.600000
133245780,88,0101110000011011011111110000111100100100110111110010001001000100100101101010000110001110,133259015,0,0.120000,0.600000
133245792,76,0000001001010111110000100000100100100111110010001001000100100110000110001011,133251042,0,0.100000,0.500000
133245816,77,00000100111110111110000101000010010011111001000100100010010000111011000110100,133257450,0,0.070000,0.700000
133245819,84,110101010001110110111110010110100000100100101110010001001001100100111111000000100101,133257450,0,0.060000,0.600000
133245821,83,11100000001110011101010010110100000100100111110010001001000000100111111011001110101,133255842,0,0.120000,0.600000
133245828,82,0110000001111011111110000110100100100100111110010001001000100100100111010000110001,133235541,0,0.080000,0.800000
133245847,75,000110011101111100101000001001001001111100100010010000001001111110110001101,133252611,0,0.040000,0.600000
133245849,85,1111100000111001010101001010010010010010011111001000100100010010011101001110011010001,133243654,0,0.030000,0.600000
133245857,85,0000000010010100101011111111100110101001001111100100011010001001001111010111001011011,133259007,0,0.160000,0.800000
133245859,84,110000001101011110110000110100000100100111110010001001000100100101111010000110001011,133237119,0,0.024000,0.600000
133245861,81,001000000111110111110000100100100100101111110010001001000100100110011011000111111,133232166,0,0.046667,0.700000
133245872,83,10000000000111110011111010000110000100100111110010001001001100100111011110001111001,133260442,0,0.060000,0.600000
133245884,80,11010000000111001101110010100100100100100111110010001001000100100101111011000101,133262178,0,0.120000,0.600000
133245890,83,01000001010100101011101101101000001001001110100100010010011001001111010110001100010,133247259,0,0.060000,0.600000
133245898,85,1011100010001110101011100101101000001001001111100100010010001001001010110100001101011,133247259,0,0.060000,0.600000
133245903,83,10000000001110000101110000110001000100100111110010001001001100110111110101001101011,133243655,0,0.120000,0.600000
133245921,85,0110010001001111101111100101001000001001001111100100010010011001001110110110001111111,133270341,0,0.060000,0.600000
133245922,81,100000101010000111110110010100000100100111110000001001000100100111101011100110001,133257451,0,0.020000,0.500000
133245933,88,0101110000011011011111110000110100100100110111110010001001000100100101101010000110001110,133240462,0,0.050000,0.500000
133245935,79,0000000001110111110100010010100100100111100010001001000100100111011011000111011,133263568,0,0.040000,0.600000
133245937,83,11100000001110011101110010110100000100100110110010001001000100100111111001101110101,133247258,0,0.070000,0.700000
133245939,82,1101000100011100101011100101001001001001001111100100010010001001001011110110001010,133243645,0,0.060000,0.600000
133245942,84,110001001100111110011110010100100010100100111010010001001001100100111011011000111111,133249262,0,0.060000,0.600000
133245943,75,000001111011111110101010010001001001111100100010010010001001011111110001001,133268605,0,0.060000,0.600000
133245948,77,00000000111110111110001010000010010011111001000100100010010010111011000110100,133252597,0,0.040000,0.600000
133245950,78,010000101010000111110110010100001001001111100100010010000101101111010111001100,133238687,0,0.100000,0.500000
133245953,82,1000000011110111101010010110100010100100111110010001001000100100111111001000110101,133260454,0,0.066667,0.800000
133245957,82,1101001100011100101011100101101001001011001111100100010010001001001011110110001010,133254148,0,0.140000,0.700000
133245960,83,11100000001110011101010010110100000100100111110010001001000100100111111011001110111,133243657,0,0.080000,0.800000
133245961,76,0000010101010111110000001000100101100111110010001001001100101110010110001011,133228737,0,0.024000,0.600000
133245965,86,11001000001011100001111101101101000001001001111000110010010000001001111010111000100011,133252596,0,0.050000,0.500000
133245979,80,01111001110011111100010001110000100100111110011001001000100100101111011000101111,133260453,0,0.050000,0.500000
133245995,87,011100000011011011111110000110100000100100111110010001001000100100101110010000110001111,133245503,0,0.040000,0.600000
133245998,87,011100000011011011111110000110100000100100111110010001001000100100101110010000110001111,133259007,0,0.160000,0.800000
133246018,85,1011001000100111110011100010100100000100100111110010001001001100100111011011000111111,133260442,0,0.060000,0.600000
133246023,81,100000001111110111110001001000010010011111001000110100110010111101101100011001101,133260438,0,0.050000,0.500000
133246025,84,111001000100111110111110010100100000100100111110010001001001100100111011011000111111,133243659,0,0.158730,0.800000
133246026,84,111001000100111110111110010100100000100100111110010001001001100100111011011000111111,133243659,0,0.158730,0.800000
133246029,84,111101010000111110101010101011010000010010011111001000100100010010010111111100011010,133243659,0,0.198413,1.000000
133246033,79,0000001011111011010010100000000100100111110010001001000100100111011011000111110,133260442,0,0.050000,0.500000
133246040,87,011101001100011100101011100101101000001001001111100100010010001001001011110110001101010,133259019,0,0.050000,0.500000
133246044,85,0110010001001111101111100101001000001001001111100100010010011001001110110110001111111,133252610,0,0.024000,0.600000
133246045,84,111010001000111001010111001011010000010010011111001000100100010010001101011000110101,133252610,0,0.024000,0.600000
133246052,82,1000000010111110111010011100000100100100111110010001001000100100111011010000101101,133249263,0,0.028000,0.700000
133246072,87,011001000100111110010110010100100000100110111110010001001001100100110011011000111111101,133265288,0,0.100000,0.500000
133246082,82,1001001000100001011111101101000001001001111100100010010001011001101010111001100011,133255838,0,0.030000,0.600000
133246083,79,0000010011110111110001001111000010010010111001000100100010010010111101100010111,133260441,0,0.035000,0.700000
133246085,81,110000000101001110111001010101000100100111110010001001000100100011111001001100101,133225396,0,0.050000,0.500000
133246087,86,11100000011011011110110000110100000100100111110010001001000100100101111010000110001111,133228727,0,0.040000,0.800000
133246091,84,111110000011100101010100101001001001001001111100100010010001001001110100111001101000,133249272,0,0.030000,0.600000
133246092,83,00100000001111101111110101001000101001001111100110010010011001001110111110001111001,133240476,0,0.060000,0.600000
133246097,75,000100011101111100101000001001001001111100100010010000001001111110110001101,133266903,0,0.030000,0.600000
133246100,86,11001000001010100001111101101101000001001001111000110010010000001001111010111000100011,133225396,0,0.100000,1.000000
133246102,80,10000000111101111110100001000001001001111100100010000001001011101111100011110011,133225398,0,0.060000,0.600000
133246108,77,00000000111110111110001010000010010011111001000100110010010010111011000110100,133228726,0,0.120000,0.600000
133246109,74,00000011101101010101011000010010011101001000100100111010011101101100011101,133262183,0,0.100000,0.500000
133246115,81,100000001111110111010001001000010010011111001000100100110010111101101100011001101,133245509,0,0.040000,0.600000
133246129,84,010000000011111001111111010011000010010011111001000100100110010011101111100011110011,133255824,0,0.160000,0.800000
133246135,84,001100000001110011101100010110100000100100111110011001001000100100111111001001010101,133235539,0,0.020000,0.600000
133246138,89,01011100000110110111111100001101001001001101111100100010010001001001011010100001100011100,133228738,0,0.030000,0.600000
133246140,82,0111000001111011110110010000010000100100111110010001001000100100111111111010101001,133223829,0,0.025000,0.500000
133246143,86,11100000011011011111110000110100100100100111110010001001000100100101111010000110001111,133263558,0,0.120000,0.600000
133246145,84,111110000011100101010100101001001001001001111100100010010001001001110100111001101000,133260447,0,0.120000,0.600000
133246147,84,100000101010000101110110110100000100100111110010001001000100100111101011010110001010,133245506,0,0.024000,0.600000
133246154,86,10100000001011111011111011010010000010010011111001000100100010010011111110111011010111,133263558,0,0.120000,0.600000
133246159,82,0110000001111011111110000110100100100100111110010001001000100100100111010000110001,133249260,0,0.060000,0.600000
133246161,86,10010000010101000010111011011010000010010011111001000100100010010011110101100011001101,133249260,0,0.060000,0.600000
133246164,80,00000000011111011111000010100000100100111110010001001000100100101110110011101001,133266903,0,0.025000,0.500000
133246167,75,000001111011111110100010010001001001111100100010010001001001011111110001001,133249260,0,0.060000,0.600000
133246168,85,1101000000011100001011100101101010001001001111000100010010001001001011110110001101010,133230486,0,0.070000,0.500000
133246169,81,100000101011000000110110110100000100100111110010001001000100100111101011100100001,133238700,0,0.046667,0.700000
133246171,82,0010110000111001010101001011010010010010011111001000100100000010010111010000110101,133254158,0,0.070000,0.700000
133246177,76,0000001111101111010001011000010010011111001000100100110010011101101100011101,133263575,0,0.028000,0.700000
133246178,85,0110000001101101111111000011010010010010011111001000100100010010010111101000011000111,133243659,0,0.198413,1.000000
133246179,82,1000001110100001111101100101000001001001111100100010010001001001111010111001100011,133225411,0,0.100000,1.000000
133246182,82,1000001110100001111101100101000001001001111100100010010001001001111010111001100011,133259007,0,0.160000,0.800000
133246183,82,1000001110100001111101100101000001001001111100100010010001001001111010111001100011,133259007,0,0.160000,0.800000
133246185,88,0101110000011011011111110000110100110100110111110010001001000100100101101010000110001110,133262188,0,0.040000,0.800000
133246187,83,11101000000011100101011100101101110001001001111100100000010001001101001110110011010,133245512,0,0.023333,0.700000
133246188,82,1101000100011100111011100101101001001001001111100100010010001001001011110110001010,133233888,0,0.100000,0.800000
133246189,82,0000000000111001000110000011010100010010011111001000100100110011011111010100110101,133238700,0,0.040000,0.600000
133246192,87,011100000011011011111110000110100000100101111110010001001000100100101110010000110001111,133243643,0,0.060000,0.600000
133246194,82,1101000100101100101011100101101001001001001111100100010010001001001011110110001010,133245498,0,0.033333,0.500000
133246199,84,110101010001110110101110010110100000100100111110010001001001100100101111000000100101,133232171,0,0.024000,0.600000
133246201,82,0000000000111001010101000001010100010010011111001000100100110011011111010100110100,133265299,0,0.040000,0.800000
133246203,86,11100000011011111111110000110100000100100111110010001001000100100101111010010110001111,133245494,0,0.033333,0.500000
133246205,83,11100000001110011101010010110100000100100111110010001001000100100111111011001110101,133245494,0,0.033333,0.500000
133246224,81,100000101010000111110110000100000100100110110010001001000100100111101011100110001,133225394,0,0.060000,0.600000
133246233,83,01000001010100101011101101101000001001001110100100010010011001001111010110101100010,133262194,0,0.060000,0.600000
133246234,82,1000000010111010111110011100000100101100111111010001001001100100111011011000101101,133238702,0,0.050000,0.500000
133246236,85,0010000010011100111011100100101000001001001111100100010010001001001111110010011110011,133259004,0,0.100000,1.000000
133246253,83,10100000001100010101110010110100000100100111110010001001001100100101110011010110101,133243652,0,0.053333,0.800000
133246258,84,010000000001111101011000101001001001001001111100100010010010001111101001000011110101,133266893,0,0.100000,0.500000
133246262,85,1000011000011101110111101010010000010010011111001000000100010010011101111101011110000,133255826,0,0.100000,0.500000
133246263,75,000100011110111100101000001001001001111100100010010001001001111110110001101,133240462,0,0.060000,0.600000
133246268,75,000100011110111100101000001001001001111100100010010001001001111110110001101,133255826,0,0.120000,0.600000
133246274,86,11100000011011011110110000110100000100100111110010001001000100100101111010000110001111,133245520,0,0.100000,0.500000
133246276,86,11100000011011011110110000110100000100100111110010001001000100100101111010000110001111,133255832,0,0.032000,0.800000
133246277,85,1000011000011101110111101010010000010010011111001000000100010010011101111101011110000,133240462,0,0.050000,0.500000
133246324,86,01100110010001111001011001010010000010010011111001100100100110010011100101100011111110,133228722,0,0.040000,1.000000
133246327,84,010000000101111101111101101001000001001001111101100010010011001001111111011101101011,133255826,0,0.120000,0.600000
133246328,82,1000000011111101110100010010000100100111110010001001001100101111011011000110011010,133266894,0,0.030000,0.600000
133246329,84,100000010011110001111011000010000010010011011001000100100010010011111100100011110111,133235545,0,0.028000,0.700000
133246347,80,10000000111101111110101001000001001001111100100010000001001011101111100011110011,133257452,0,0.026667,0.400000
133246349,86,11100000011011011111110000110100100100100111110010001001000100100101111010000110001111,133268610,0,0.050000,0.800000
133246350,81,100000001111110111010001001000010010011111001000100100110010111101101100011001101,133252606,0,0.060000,0.600000
133246353,80,00000000011111011111000010100000100100111110010001001000100100101110110001101001,133225396,0,0.050000,0.500000
133246359,85,1011001000100111110011100010100100000100100111110010001001001100100111011011000111111,133228727,0,0.050000,1.000000
133246361,83,10100000001100010101110010110100000100100111110010001001000100100101110011010110101,133228727,0,0.050000,1.000000
133246365,81,110100000010111011111000010010010000100111110010001001000100100110011011000111110,133266898,0,0.050000,0.500000
133246366,86,01100100011011011111110000100100100100100111110010001001000100100101111010000110001111,133263560,0,0.200000,1.000000
133246369,84,011010001000111001010111001011010010110010011111001000100100010010010111101100010100,133245518,0,0.070000,0.700000
133246372,81,100000101010000111110110010100000100100111110010001001000100100111101011100110001,133263560,0,0.200000,1.000000
133246376,77,00000000110110111110001010000010010011111001000100100010010010111011000110100,133235539,0,0.020000,0.600000
133246383,83,10000000000111110011111010000110000100100111110010001001001100100111011110001111001,133251037,0,0.053333,0.800000
133246391,84,011001000100111110011110010100100000100100111110010001001001100100111011011000111111,133243650,0,0.040000,0.600000
133246393,76,0000010101010111110000001000100101100111110010001001001100100110000110001011,133263573,0,0.040000,0.600000
133246399,76,0000000011101111010001011000010010011111001000100100110010011101101100011101,133254154,0,0.060000,0.600000
133246402,83,11100000010011110001110101100100000100100110110010001000000100100111111001000111101,133249265,0,0.050000,0.600000
133246406,82,1000000010111110111110010100101100100101111110010001001000100100111011011000111001,133259009,0,0.032000,0.800000
133246409,84,110010001001111101111100101001000001001001111100100010010011001001110110110001111111,133270351,0,0.030000,0.600000
133246419,79,0000000011111011111000010100000100100111110010001001000100100101110110001101001,133235547,0,0.050000,0.500000
133246424,86,01000000000111110101100010100100100100100111110010001001001000101111010011000111101011,133232157,0,0.040000,0.600000
133246430,82,1000000010111010111110011100000100100100111110010001001001100100111011011000101101,133254155,0,0.020000,0.700000
133246431,83,00101000001110010101010010110100000000100111110010001001000100100101110100001100011,133270343,0,0.033333,0.500000
133246433,82,1000000010111010111110011100000100100100111110010001001001100100111011011000101101,133270350,0,0.120000,0.600000
133246434,82,0000100000111001000111000011010100010010011111001000100100110011011111010100110101,133252610,0,0.024000,0.600000
133246435,83,10000101010000101110110010100000100100111110010001001000100100111101011110100001111,133252604,0,0.050000,1.000000
133246442,86,11100000011011011111110000110100100100100111110010001001000100100101111010000110001111,133262194,0,0.060000,0.600000
133246447,77,11000000011101111010001011000010010011111001000100100110010011101101100011101,133254156,0,0.028000,0.700000
133246449,79,0000000011111011010010100000000100100111110010001001000100100111011011000110110,133241975,0,0.040000,0.600000
133246455,86,10010000010101000010111011011110000010010011111001000100100010010011110101100011000111,133222213,0,0.040000,0.600000
133246462,87,011001000100111110010110010100100000100110111110010001011001100100110011011000111111101,133230500,0,0.066667,1.000000
133246464,83,10000000101011101111100101011001001001001111100100010010001001001110110100001111110,133230500,0,0.040000,0.600000
133246467,85,1001000001010110001011101101101000001001001111100100010010001001000111010111001100011,133225398,0,0.070000,0.700000
133246469,75,000001111011110110101010010001001001111100100010010010001001011111110001001,133251031,0,0.028000,0.700000
133246474,80,00001001000011011111001010010010010010011111001000100100010010011001011100011100,133268590,0,0.040000,0.600000
133246475,84,100010000011101110011101010000000010010011111001100100100010010011101110010011110010,133232163,0,0.030000,0.600000
133246488,85,1011001000100111110011100010100100000100100111110010001001001100100111011011000111111,133232166,0,0.066667,1.000000
133246489,83,10000000001110000101110000110101000100100111110010001001001100110111110101001101011,133238687,0,0.120000,0.600000
133246490,83,11100000001110011101010010110100000100100111110010001001000100100111111011001110101,133265293,0,0.053333,0.800000
133246493,83,10000000101111101111100111001001001001001101100100010010001001001110110110001011010,133240467,0,0.025000,0.500000
133246496,85,0100000001011111011111011010010000010010011111001000100100010010011111110111011010111,133255833,0,0.032000,0.800000
133246497,84,011000000011110011111100001101001101001001111100100010010001001001011110100001100011,133262195,0,0.050000,1.000000
133246501,82,1000000010100001111101101101000001001001111100100010010001001001111010111001110010,133249260,0,0.060000,0.600000
133246504,75,000001111011111110101010010001001001111100100010010010001001011111110001001,133228730,0,0.024000,0.600000
133246511,83,11100000001110011101010010110100000100100111110010101001000100100111011011001110111,133249265,0,0.050000,0.600000
133246514,86,11100000011011011111110000110100000100100111110010001001000100100101111010000110001111,133230485,0,0.040000,0.800000
133246520,83,11101010000111100101010101011010000010010011011001000100100010010010111111100011010,133262178,0,0.120000,0.600000
133246524,73,0010001110011110010100000100100100111110010001001000000100111111011000110,133260450,0,0.060000,0.600000
133246533,84,011001000100111110011110010100100000100100111110010001001001100100111011011000111111,133266891,0,0.060000,0.600000
133246540,83,01100100010011111001110001010010000000100111110010001001001100100111011011000111111,133259005,0,0.120000,0.600000
133246541,86,11100000011011111111110000110100000110100111110010001001000100100101111010010110001111,133260446,0,0.033333,0.500000
133246542,83,10000000101011101111100101011001001001001111100100010010001001001110110100001111110,133259005,0,0.040000,0.800000
133246543,88,0101110000011011011111110000110100100100110111110010001001000100100001101010000110001110,133235531,0,0.050000,1.000000
133246546,89,01011100000110110111111100001101001001001101111100100010010001001001011010100001100011101,133254147,0,0.046667,0.700000
133246550,82,0111000001111011110110000000010000100100111100010001001000100100111111111010101000,133252609,0,0.080000,0.800000
133246551,82,1101001100011100101011100101101001001011001111100100010010001001001011110110001010,133249263,0,0.024000,0.600000
133246553,81,110100000010111011111000010010010000100111110010001001000100100110011011000111110,133260451,0,0.060000,0.600000
133246556,81,010000000111001010111001011010000010010011111001000100100010010010111001101011001,133254152,0,0.024000,0.600000
133246559,83,11100000001110011101010010110100000100100111110010001001000100100111111011001110101,133252598,0,0.040000,1.000000
133246560,86,11100000011011010111110000110100000100100111110010001001000100100101111010010110001111,133235541,0,0.100000,1.000000
133246563,82,1000000010111110111110010100101100100100111110010001001000100100111011011000111001,133235545,0,0.040000,1.000000
133246564,83,10111000001110010101010010100100000100100111110010001001000100110111010111001101001,133255827,0,0.033333,0.500000
133246565,83,00000000000111101111101100001000001011001011100100010010001001001111111011101111010,133254148,0,0.120000,0.600000
133246569,82,1001001000100001011111101101100001001001111100100010010001011001101010111001100011,133222210,0,0.060000,0.600000
133246577,82,1010000001111101111100001011001001001001101100100010010001001001100110110001111110,133252611,0,0.040000,0.600000
133246581,82,1000001010100001111101101101000001001001111100100010010001001001111010111001110010,133237119,0,0.040000,1.000000
133246582,81,100000101010001111110110010100000100100111110010001001000100100111100011100110001,133237119,0,0.040000,1.000000
133246589,83,10000000000111110011111010000110000100100111110010001001001100100111011110001111001,133257461,0,0.140000,0.700000
133246590,72,001011111111110000101101000100100111100100010010001001001010100100011001,133257461,0,0.100000,0.500000
133246591,85,1101000000011100001011100101101010001001001111000100010010001001011011110110001101010,133237121,0,0.100000,1.000000
133246593,85,1001000001010100001011101101101000001001001111100100000010001001001111010110001100011,133245509,0,0.040000,0.600000
133246596,82,1100001010011111001111011010101000100100110110010001000000100100111111001000111101,133238687,0,0.200000,1.000000
133246598,80,01111001110011111000010001110000100100111110011001001000100100101111011000101111,133257456,0,0.050000,0.500000
133246604,82,0000000000111001010101000001010100010010011111001000100100110011011111010100110100,133245498,0,0.040000,0.600000
133246606,88,0101110000011011011111110000110100100100110111110010001001000100100101101010000110001110,133268605,0,0.070000,0.700000
133246607,87,001110100010001110010101110010010100000100100111110010001001000100100101111011000110101,133245498,0,0.033333,0.500000
133246608,82,1110010001101111100111100111001000001001011111100100010000100010001101111110011111,133243658,0,0.050000,0.500000
133246610,84,110011001000111100101100101001000001001101111100110010010011001001100101100011111110,133265304,0,0.040000,0.600000
133246611,83,11001000100111110111110010100100000100100110110010001001001100100111011011000111111,133263572,0,0.120000,0.600000
133246612,75,000100011100101101101000001001001001111100100010010000001001111110110001101,133260450,0,0.060000,0.600000
133246615,72,001011111111110000101101000100100111100100010010001001001010100100011001,133238699,0,0.100000,1.000000
133246618,78,010000101010000111110110010100001001001111100100010010000101101111010111001100,133266895,0,0.070000,0.700000
133246620,83,00000000000111101111101100001000001011001011100100010010001001001111111011101111010,133270341,0,0.100000,0.500000
133246621,81,000000101110010101110010110100000100100111110010001001000100100111111011000110000,133238699,0,0.100000,1.000000
133246622,82,1101000100011100101011100101001001001001001111100100010010001001001011110110001010,133266895,0,0.100000,1.000000
133246623,86,01000000000111110101100010100100100100100111110010001001001000101111010011000111101011,133266895,0,0.070000,0.700000
133246628,83,10000000101011101111101101011001001001001111100100010010001001001110110100001111110,133251031,0,0.024000,0.600000
133246630,84,111001000100111110011110010100000000100100111110010001001001100100111011110001111111,133238702,0,0.060000,0.600000
133246631,83,11100000001110011101010010110100000100100111110010001001000100100111111011001110111,133262191,0,0.100000,0.600000
133246634,76,0000001001010111110000100000100100100111110010001001000100100110000110001011,133247269,0,0.053333,0.800000
133246636,82,1110000011100111111100100000100001001001111100100010010001001001011110110101101000,133238709,0,0.100000,1.000000
133246637,87,011001100100011110010110010100100000100100111110011001001001110100111001011000111111110,133238709,0,0.100000,1.000000
133246640,82,1000000110111110111110010100101100100100111110010001001000100100111011011000111001,133238709,0,0.100000,1.000000
133246641,83,10001001100111110011110010100100010100100111010010001001001100100111011011000111111,133260440,0,0.030000,0.600000
133246644,83,11100000001110011101010010110100000100100111110010001001000100100111111011001110101,133260447,0,0.120000,0.600000
133246645,80,00000000111110111110100101010001001001111100100010010001001001011101100011010011,133260447,0,0.120000,0.600000
133246648,76,0000001111111111000010110101010000011111001000100100010010010101001000110011,133259013,0,0.040000,0.600000
133246655,86,10010000010101000010111011011010000010010011111001000100100010010011110101100011000101,133243657,0,0.080000,0.800000
133246656,88,1101110000011011011111100000110100101100110111110010001001000100100101101010000110001110,133268588,0,0.025000,0.500000
133246657,84,010000000011111001111111010011000010010011111001000100100110010011101111100011110011,133240463,0,0.100000,1.000000
133246661,83,00010100000111001010101001011011000010010011111001000100100000010010111000000110101,133245494,0,0.033333,0.500000
133246664,84,110110000011100101010100101001010001001001111101100010010001001001110100111001101000,133259011,0,0.046667,0.700000
133246668,83,01001000100111110111110010100100000100100111110010001001001100100111011011000111011,133259011,0,0.046667,0.700000
133246671,86,01001000001010110001011101101101000001001001111100100010010001001001111010111001100011,133268601,0,0.020000,0.500000
133246677,81,100100010011111001111011100100000100100110110010001001001100100011010110001111111,133225410,0,0.120000,0.600000
133246680,86,01110100010001110010101110010110100000100100111110010001001000100100101111011000110101,133240467,0,0.050000,1.000000
133246686,78,000100100001101111100101001001001001001111100100010010001001001110101110001110,133245494,0,0.033333,0.500000
133246691,83,10000000000111110011111010000110000100100111110010001001001100100111011110001111001,133255824,0,0.160000,0.800000
133246692,84,110101010001110110101110010110100000100100111110010001001001100100101111000000100101,133265297,0,0.053333,0.800000
133246695,76,0000000011101111010001011000010010011111001000100100110010011101101100111101,133251030,0,0.024000,0.600000
133246696,84,111001000100111110111110010100100000100100111110010001001001100100111011011000111111,133260452,0,0.060000,0.600000
133246699,82,0000000000111001000111000011010100010010011111001000100100110011011111010100110101,133249265,0,0.060000,0.600000
133246700,76,0010001101110111001100010110100100111110010001001001100100111111011000111111,133247273,0,0.053333,0.800000
133246705,83,11001000100111110111110010100000000100100100110010001001001100100111011010000111111,133235533,0,0.040000,0.600000
133246709,80,00000000011111011111000010100000100100111110010001001000100100101110110011101001,133232171,0,0.024000,0.600000
133246716,78,000100011010101110010100100110100100111110010011001000100100111111001000111111,133241971,0,0.025000,0.500000
133246717,86,01001000001010100001011000100101000000001001111100100010010001001101111010111001100010,133240468,0,0.053333,0.800000
133246718,78,000100011010101110010100100110100100111110010011001000100100111111001000111111,133247259,0,0.060000,0.600000
133246719,82,0000010000111001000111000011010100010010011111001000100100110011010111010100110101,133254157,0,0.060000,0.600000
133246720,83,11101010000011100101010101011010000010010011111001000100100010010010101111100011010,133247259,0,0.060000,0.600000
133246722,76,0001000111001111001010010010010010011111001000100100000010011111101100011011,133240475,0,0.066667,1.000000
133246725,86,10010000010101000010111011011010000010010011111001000100100010010011110101100011000101,133247260,0,0.066667,1.000000
133246732,83,11100000001110011101010010110100000100100111110010001001001100100111111011001110101,133249268,0,0.024000,0.600000
133246735,76,0000100011110111100101000001001001001111100100010010001000001111110110001101,133241963,0,0.050000,1.000000
133246737,76,0000100011110111100101000001001001001111100100010010001000001111110110001101,133262178,0,0.100000,0.500000
133246738,84,011101000100011100101011100101101000010010011111001000100100010010010111001100011010,133257455,0,0.053333,0.800000
133246745,80,00000000011111011111000010100000100100111110010001001000100100101110110001101001,133266894,0,0.030000,0.600000
133246748,84,101110000011100101010100101111000001001001111100100010010001001001110101110011010011,133263570,0,0.100000,0.500000
133246749,76,0000010101010111110000001000100101100111110010001001001100100110000110001011,133241967,0,0.050000,1.000000
133246750,83,11101000100111100001011100101101001101001001111100100010010001001001011110110001010,133241967,0,0.050000,1.000000
133246751,83,10000000001110000101110000110001000100100111110010001001001100110111110101001101011,133232163,0,0.030000,0.600000
133246753,84,110101010001110110111110010110100000100100101110010001001001100100111111000000100101,133255831,0,0.100000,0.500000
133246755,87,010101000100011100101011100101101000001001001111100100010010001001001011110110001101010,133243658,0,0.100000,1.000000
133246756,76,0001000111001111001010000010010010011111001000100100000010011111101100011011,133252610,0,0.024000,0.600000
133246757,80,11010001001011001010111001011010010010000111110010001001000100110101111011000101,133259015,0,0.120000,0.600000
133246759,86,11100000011011011110110000110100000100100111110010101001000100100101111010000110001111,133241971,0,0.050000,1.000000
133246768,83,01000010010111110111110010100101100100100111110010001001000100110111011011000111001,133241973,0,0.050000,0.500000
133246774,82,1101000100101100101011100101101001001001001111100100010010001001001011110110001010,133252596,0,0.060000,0.600000
133246778,80,00000100111110111110000101000001001001111100100010010001001000011111100011010010,133241973,0,0.050000,0.500000
133246782,84,111100100001110010101110010110111000100100111110010001001000100100101111011000110101,133251035,0,0.030000,0.600000
133246783,86,00111110000011100101010100101001000001001001111100110010010001001011110100111001101000,133232166,0,0.046667,0.700000
133246785,82,1101010100011101101011100101101000001001001111100100010010011001001111110000010010,133245504,0,0.040000,0.600000
133246786,85,0010000010011100111011100100101000001001001111100100010010001001001111110010011101011,133241974,0,0.050000,1.000000
133246787,85,0010000010011100111011100100101000001001001111100100010010001001001111110010011111011,133241974,0,0.050000,1.000000
133246788,82,1000001010100001001101101101000001001001111100100010010001001001111000101001100010,133259017,0,0.040000,0.600000
133246793,81,000000101110010101110010110100000100100111110010001001000100100111111011000110000,133243657,0,0.080000,0.800000
133246794,82,1000010011110111011100110001100000001001111100100010000011001001010100110101100011,133228737,0,0.020000,0.500000
133246798,86,01100110010001111001011001010010000010010011111001100100100111010011100101100011111110,133263569,0,0.060000,0.600000
133246799,84,111001000100111110111110010100100000100100111110010001001001100100111011011000111111,133243655,0,0.070000,0.600000
133246802,84,001000001010100101011101101101000001001001110100100010010011001001111010110001100010,133233871,0,0.040000,0.600000
133246806,81,100001001111011101110010010110000100100111110010001001000100100101011011010110101,133259018,0,0.060000,0.600000
133246808,80,00000100111110111110000101000001001001111100100010010001001000011101100011010010,133241976,0,0.066667,1.000000
133246809,83,00000110011110111111110100000000100100110110010001001000100100111011111000111100110,133241976,0,0.040000,0.600000
133246810,80,00000100111110111110000101000001001001111100100010010001001000011101100011010010,133241976,0,0.066667,1.000000
133246811,83,01100100010011111001101011010010000010010011011001001001001001100011010011000111111,133241976,0,0.066667,1.000000
133246812,80,00000100111110111110000101000001001001111100100010010001001000011101100011010010,133259018,0,0.050000,0.500000
133246817,82,1000000001110111101010010110100010100100111110010001001000100100111111001000110101,133262187,0,0.100000,1.000000
133246818,82,1000000001110111101010010110100010100100111110010001001000100100111110001000110101,133260451,0,0.060000,0.600000
133246826,83,11001001100111110011110010100100010100100111010010001001001100100111011011100111111,133259013,0,0.053333,0.800000
133246828,84,111001000100111110111110010100100000100100111110010001001001100100111011011000111111,133260449,0,0.120000,0.600000
133246829,85,1001001001010100001011101101101000001001001111100100010010001001001111010111001100011,133262187,0,0.080000,0.800000
133246830,84,010000000101111101111101101001000001001001111100100010010011001001111111011101101011,133257452,0,0.040000,0.600000
133246831,75,000100011010111100101000001001000001111100100010010001001001111110110001101,133262187,0,0.070000,0.700000
133246833,86,11100000011011011111110000110100100100100111110010001001000100100101111010000110001111,133255843,0,0.120000,0.600000
133246834,83,00100000001111101111110101001000101001001111100110010010011001001110111110001111001,133257452,0,0.033333,0.500000
133246835,85,1001001001010100001011101101101000001001001111100100010010001001001111010111001100011,133262187,0,0.080000,0.800000
133246836,76,0000001001010111110000100000100100100111110010001001000100100110000110001011,133266902,0,0.032000,0.500000
133246837,82,1000001010100001011101101001000000001001111100100010010001001001111000101001100010,133243645,0,0.100000,1.000000
133246841,83,10000000001110000101110000110001000100100111110010001001001100110111110101001101011,133262196,0,0.100000,0.500000
133246846,75,000101011110111100101000001001001001111100100010010001001001111110100001001,133243647,0,0.066667,1.000000
133246848,83,10100000001110010101110010110100000100100111110010001001000100100101110011010110101,133262196,0,0.100000,0.500000
133246850,82,0000000000111001000111000011010100010010011111001000100100110011011111010100110101,133243650,0,0.066667,1.000000
133246852,84,111001000110111110011110011100100000100101111110010001001001000100011011111100111101,133233881,0,0.040000,0.600000
133246853,86,01110100010001110010101110010110100000100100111110010001001000100100101111011000110101,133247270,0,0.070000,0.700000
133246861,85,1111000000011100111010100101101000001001001111100100010010001001001111110110011101111,133243655,0,0.200000,1.000000
133246863,79,0000010011111011010010100000000100100111110010000001000100100111011011001111110,133260452,0,0.050000,0.500000
133246865,86,10010000010101000010111011011010000010010011111001000100100010010011110101100011000111,133240463,0,0.120000,0.600000
133246866,86,01000000000111110101100010100100100100100111110010001001001000101111010011000111101011,133260452,0,0.060000,0.600000
133246867,73,0010001110011100010100000100100100111110010001011000000100111111011000110,133260452,0,0.060000,0.600000
133246871,83,00100000001111101111110101001000101001001111100110010010011001001110111110001111001,133240472,0,0.040000,0.600000
133246878,86,10100000000111110011111010100110000100100111110010001001001100100111011111000111100110,133238700,0,0.040000,0.600000
133246879,83,10000000101011101111110101011001001001001111100100010010001001001110110100001111110,133254158,0,0.080000,0.800000
133246882,84,011001000100111110111110010100100000100100111110010001001001100100111011011000111111,133243659,0,0.198413,1.000000
133246884,80,00000000011111011111000010100000100100111110010001001000100100101110110011101001,133252602,0,0.100000,0.500000
133246885,83,10100000001110010101110010110100000100100111110010001001000100100101110011010110101,133243660,0,0.066667,1.000000
133246886,75,000100011010111100101000001001000001111100100010010001001001111110110001101,133266900,0,0.017143,0.600000
133246889,84,110101010001110010101010010110100000100100111110010001101000000100011101001000110101,133243660,0,0.066667,1.000000
133246890,88,0101110000011011011111110000110100100100110111110010001001000100100101101010000110001110,133243661,0,0.050000,1.000000
133246891,81,100000001111110111010001001000010010011111001000100100110010111101101100011001101,133243661,0,0.050000,1.000000
133246895,75,000101011110111100101000001001001001111100100010010001001001111110100001101,133251038,0,0.020000,0.500000
133246898,82,0100000000111110011111010100110000100100111110010001001001100100111011111000111101,133245493,0,0.200000,1.000000
133246902,77,00000101111111111100001011010001001001111100100010010001001001010100100011001,133245493,0,0.160000,0.800000
133246903,82,1000001010110000011101101101000001001001111100100010010001001001111010111001000011,133235541,0,0.080000,0.800000
133246905,83,11001000100111110011110010100100000100100111110010001101001100100111011011010111111,133252610,0,0.024000,0.600000
133246911,82,1000000010111110111110011100000100100100111110010001001001100100111011011000101101,133252603,0,0.070000,0.700000
133246913,82,1101000000101110111110000100100100001001111100100010010001001001100110110001111101,133245495,0,0.028571,1.000000
133246914,80,00000000011111011111000010100000100100111110010001001000100100101110110011101001,133241973,0,0.060000,0.600000
133246915,82,1000000010111110111110011100000100100100111110010001001001100100111011011000101101,133245495,0,0.020000,0.700000
133246916,84,011000000011110011111100001101001101001001111100100010010001001001011110100001100011,133245495,0,0.028571,1.000000
133246919,81,110100000010111011111000010010010000100111110010001001000100100110011011000111110,133245495,0,0.022857,0.800000
133246921,80,01001001010100001111101100101000011001011111001000100100001010011110101110011000,133252605,0,0.025000,0.500000
133246922,79,0000100100001101011100101001001001001001111100100010010001001001110101110001110,133255825,0,0.060000,0.600000
133246923,83,10000000101011101111100101011001001001001111100100010010001001001110110100001111110,133245496,0,0.200000,1.000000
133246924,81,000000011110111111010100100000100100111110010001001000100100111011111000111100110,133245496,0,0.200000,1.000000
133246925,81,100000101010000111110110010100000100100111110010101001000100000111101011100110001,133245496,0,0.120000,0.600000
133246926,83,01110000001110011000110010110100000100100111110010001001000100100011111001001110101,133265305,0,0.033333,0.500000
133246931,82,1000100001110111101010010110100010100100111110010001001000100100111111001000110100,133265305,0,0.040000,0.600000
133246934,83,11100000001110011101010010110100000100100111110010001001000100100111111011001110111,133233871,0,0.053333,0.800000
133246935,82,1110000011100111101100100000100001001001111100100010000001001001011110111101101000,133233871,0,0.046667,0.700000
133246936,83,11100000111001111011001000001000010010011111001000100000010010010111101111011010001,133243655,0,0.100000,0.500000
133246939,83,01000001010100101011101101101000001001001110100100010010011001001111010110001100010,133260444,0,0.100000,0.500000
133246942,86,10100000011011011111110000110000000100100111110010001001000100100101011010010110001111,133243647,0,0.033333,0.500000
133246943,82,0010110000111001010101001011010010010010011111001000100100000010010111010000110101,133243643,0,0.070000,0.700000
133246944,86,11101000011011111111110000110100000100110111110010001001000100100101111010010110001111,133254154,0,0.050000,0.500000
133246945,84,110010001001111101111100101000000001001001101100100010010011001001110110110001111110,133263574,0,0.060000,0.600000
133246949,77,11000000011101111010001011000010010011111001000100100110010011101101100011101,133245521,0,0.060000,0.600000
133246950,84,111110000011100101010100101001001001001001111100100010010001001001110100111001101000,133245499,0,0.050000,1.000000
133246951,85,1101000100011100101011100101101000001001001111100100010010000001001010110110001101011,133245499,0,0.030000,0.600000
133246956,83,11001000100111110111110010100100000100100111110010001001001100100111011011000111011,133245499,0,0.035000,0.700000
133246957,84,111001000100011110011110010100000000100100111110010001001001100100111011110001111111,133245507,0,0.030000,0.600000
133246958,84,110101010001110010101010010110100100100100111110010001001000100100011101001000110101,133245521,0,0.060000,0.600000
133246961,79,0000001011111011010010100000000100100111110010001001000100100111011011000111110,133252612,0,0.160000,0.800000
133246963,76,0000001011101111110101011000010010011111101000100100110000011101111100011101,133251036,0,0.033333,0.500000
133246964,83,10000101010000101110110010100000100100111110010001001000100100111101011100100001111,133251036,0,0.033333,0.500000
133246966,75,000100011010111100101000001001000001111100100010010001001001111110110001101,133252612,0,0.140000,0.700000
133246967,75,000100011101111100101000001001001001111100100010010000001001111110110001101,133252612,0,0.140000,0.700000
133246968,82,1000001010100001111101100101000001001001111100100010010001001001111010111001100000,133230488,0,0.160000,0.800000
133246973,80,01101001110011111100010001110000101100111110011001001000100100101111011000101111,133260440,0,0.030000,0.600000
133246977,85,0101000000011100001011100101101000101001001011100100010010001001001011100110101101011,133266898,0,0.060000,0.600000
133246978,76,0000010101010111110000001000100101100111110010001001001100100110000110001011,133260440,0,0.030000,0.600000
133246979,83,00000000000111101111101100001000001011001011100100010010001001001111111011101111010,133230486,0,0.040000,0.400000
133246982,80,01101001110011111100010001110000101100111110011001001000100100101111011000101111,133245501,0,0.050000,1.000000
133246985,80,00000000011100101010100000101010010010011111001000100100110011011111010100110100,133222213,0,0.040000,0.600000
133246988,80,01001001010100001111101100101000011001011111001000100100001010011110101110011000,133245501,0,0.050000,1.000000
133246990,85,1100010001001111100110101101001000001001001101100100010010011011001110100110001111111,133265304,0,0.040000,0.600000
133246992,82,1000000010111110111110011100000100100100111110010001001001100100111011011000101101,133245502,0,0.200000,1.000000
133246993,83,11010001000111001010111001011010010010110011111001000100100010010010111101100010101,133245502,0,0.200000,1.000000
133246995,82,1000000011100111111010100100000100100111110010001001000100100111011111000111100110,133245502,0,0.200000,1.000000
133246996,86,01100110010001111001011001010010000010010011111001100100100110010011100101100011111110,133257468,0,0.070000,0.700000
133247001,76,0000010101010111110000001000100101100111110010001001001100100110000110001011,133260453,0,0.060000,0.600000
133247010,83,10000001001101000111101100001000001001011101100100010010001001001111110010001111011,133245503,0,0.066667,1.000000
133247011,76,0000001111101111010001011000010010011111001000100100110010011101101100011101,133240466,0,0.024000,0.700000
133247012,80,01111001110011101000010001110000100100111110011001001000100100101111011000101011,133251035,0,0.030000,0.600000
133247013,81,100000001011111011111011010011000000100111110010001001000100100111111101110110101,133241974,0,0.030000,0.600000
133247014,83,11001000100111110111110010100100000100100111110010001001001100100111011011010111111,133266901,0,0.040000,0.600000
133247015,84,111101010000111110101010101011010000010010011111001000100100010010010111111100011010,133245508,0,0.080000,0.500000
133247018,81,000000011110111111010100100000100100111110010001001000100100111011111000111100111,133260454,0,0.046667,0.700000
133247021,84,001001010100111110011110010100100000100100111110010001001001100101101011011000111111,133225394,0,0.060000,0.600000
133247025,82,1001001000100001011111101101000001001001111100100010010001011001101010111001100011,133249269,0,0.035000,0.700000
133247027,83,01000000010111110111110110100100000100100111110010001000000100100111111101110110101,133249260,0,0.060000,0.600000
133247028,83,10111000001111010101010010100100000100100111110010001001000100100111010111001101001,133245501,0,0.025000,0.500000
133247030,86,11100000011011011101110000110100000100100111110010001001000100100101111010010110001111,133252597,0,0.040000,0.600000
133247032,82,1000000010101110111100010101100100100100111110010001001000100100111011011000111101,133251042,0,0.100000,0.500000
133247035,85,0110000001101101111111000011010010010010011111001000100100010010010111101000011000111,133249263,0,0.028000,0.700000
133247036,82,1100000100011100101011100101101001001001001111100100010010001001001011110110001010,133240462,0,0.060000,0.600000
133247037,83,10000000000111110011111010000110000100100111110010001001001100100111011110001111001,133227178,0,0.060000,0.600000
133247040,83,10111000001111010101010010100100000100100111110010001001000100100111010111001101001,133245506,0,0.040000,1.000000
133247043,86,11100000011011011111110000110100000100100111110010001001000100100101111010000110001011,133247258,0,0.060000,0.800000
133247048,85,0110000001101101111111000011010010010010011111001000100100011010010111101000011000111,133243650,0,0.033333,0.500000
133247049,82,0000000000111001010111000001010100010010011011001000100100110011011111010100110100,133245507,0,0.050000,1.000000
133247051,83,11100000001110011101010010110100000100100111110010001001000100100111111011001110111,133245507,0,0.050000,1.000000
133247053,81,100000001011111011111011010011000000100111110010001001000100100011111101110110101,133235528,0,0.050000,0.600000
133247054,75,000001111011111110101010010001001001111100100010010010001001011111110001001,133245507,0,0.050000,1.000000
133247055,83,11001000100111110111110010100000000100100100110010001001001100100111011011000111111,133268598,0,0.050000,0.500000
133247056,82,1110000011110111101100100000100001001011111100100010010001001001011110110101101000,133245507,0,0.050000,1.000000
133247058,79,0000010011110111110001001111000010010010111001000100100010010010111101100010111,133268598,0,0.025000,0.500000
133247060,83,11100000001110011101010010110100000100100111110010001001000100100111111011001110111,133245507,0,0.050000,1.000000
133247062,83,11001001100111110011110010100100010100100111010010001001001100100111011011100111111,133245507,0,0.030000,0.600000
133247064,75,000100011101111100101000001001001001111100100010010000001001111110110001101,133251033,0,0.070000,0.700000
133247067,82,1101000100011100101011100101001001001001001111100100010010001001001011110110001010,133232168,0,0.050000,0.500000
133247068,85,1111001000100111110111110110100100000100100111110010001001001100100111011011000111111,133247253,0,0.120000,0.600000
133247069,79,0000000011011011110000000100000100100111110010001001000100100101110110001101001,133249261,0,0.120000,0.600000
133247070,75,000100011010111100101000001001000001111100100010010001001001111110110001101,133245508,0,0.050000,1.000000
133247072,84,101010001000111010101110010110100000100100111110010001001000100100101011011000110101,133245508,0,0.025000,0.500000
133247076,82,1010000001111101111100001000001001101001111100100010010001001001100110110001111110,133251033,0,0.070000,0.700000
133247079,76,0000101111111111100001011010101001001111100100010010001001001010100100011001,133268609,0,0.050000,1.000000
133247080,81,100000101010000111110110010100000100100111110010001001000100100111101011100110001,133245508,0,0.050000,1.000000
133247082,82,1000000001110111101010010110100010100100111110010001001000100100111111001000110101,133232168,0,0.050000,0.500000
133247083,84,111110000011100101010100101001001001001001111100100010010001001001110100111001101000,133245508,0,0.050000,1.000000
133247085,83,11100000001110011101010010110100000100100111110010001001000100100111111011001110101,133266907,0,0.024000,0.600000
133247090,84,000000000011111001111101010011000010010011111001000100100110010011101111100011110011,133262183,0,0.120000,0.600000
133247093,84,111100000001110011101110010110100000100100111110010001001000100100111101011001110101,133225398,0,0.070000,0.700000
133247094,80,10000000111101111110100001000001001001111100100010000000001011101111100011110011,133228726,0,0.120000,0.600000
133247096,82,1000000010111100111110010100101100100100111110010001001000100100111011011000111001,133228726,0,0.140000,0.700000
133247106,84,101110000011100101010100101001000001001001111100100010010001001001110101110011010011,133257456,0,0.060000,0.600000
133247107,84,111001000100111110011110010100100000110100111110010001001001100100111011010001111111,133230482,0,0.025000,0.500000
133247110,80,00000000011111011111000010100000100100111110010001000000100100101110110001101001,133257456,0,0.050000,0.500000
133247119,84,011001000100101110111110010100100000100100111110010001001001100100111011011000111111,133263575,0,0.028000,0.700000
133247120,83,10000000000111110011111010000110000100100111110010001001001100100111011110001111001,133245512,0,0.033333,1.000000
133247122,85,0000000010010100101011111111100110101001001111100100011010001001001111010110001011011,133245512,0,0.033333,1.000000
133247123,83,11101010000011100101010101011010000010010011111001000100100010010010101111100011010,133254158,0,0.080000,0.800000
133247125,82,1000101001111011111100010001110000100100111110010001001000100100101111011000101111,133254158,0,0.080000,0.800000
133247126,79,0000000110101011100101001011001001001111100100010010011001001111110110001111111,133245512,0,0.033333,1.000000
133247127,82,0010110000111001010101001011010010010010011111001000100100000010010111010000110101,133245512,0,0.033333,1.000000
133247140,80,01111001110011111000010001110000100100111110011001001000100100101111011000101111,133247262,0,0.035000,0.700000
133247141,82,1000000010111110111110011100100100100100111110010001001100100100111011011000111101,133245516,0,0.040000,0.500000
133247151,84,111001000100111110011110010100100000100100111110010001001001100100011011111100111111,133263576,0,0.025000,0.500000
133247152,76,0010001001110111001100010010100100111110010001001001100100111111011000101111,133245514,0,0.066667,1.000000
133247155,74,00000011101111010101011000010010011101001000100100110010011101101100011101,133240460,0,0.070000,0.700000
133247157,83,01110000001110011000110010110100000100100111110010001001000100100011111001001110101,133266904,0,0.032000,0.800000
133247158,83,11100000001110011101010010110100000100100111110010001001000100100111111011001110101,133245514,0,0.066667,1.000000
133247162,76,0000000011101111010001011000010010011111001000100100111010011101101100011101,133270351,0,0.025000,0.500000
133247165,75,000100011110111100101000001001001001111100100010010001001001111110110001101,133228727,0,0.040000,0.800000
133247166,84,100010000011101110011101010000000010010011111001000100100010010011101110010011110010,133240466,0,0.017143,0.600000
133247167,87,011101000100011100101011100101101000011001001111100100010010001001001011110110001101010,133245515,0,0.040000,1.000000
133247169,76,0000000011101111010001011000010010011111001000100100111010011101101100011101,133245515,0,0.040000,1.000000
133247170,87,011101000100011100101011100101101000011001001111100100010010001001001011110110001101010,133245515,0,0.040000,1.000000
133247172,82,1000001001100001111101100101000001001001111100100010010001001001111010111001100011,133260439,0,0.025000,0.500000
133247173,85,0110010001001111101111100101001000001001001111100100010010011001001110110110001111111,133245515,0,0.040000,1.000000
133247175,87,011101000100011100101011100101101000011001001111100100010010001001001011110110001101010,133255833,0,0.017143,0.700000
133247176,76,0000000011101111010001011000010010011111001000100100111010011101101100011101,133228727,0,0.030000,0.600000
133247177,84,011001000100111110011110010100100000100100111110010001001001100100111011011000111111,133245516,0,0.050000,1.000000
133247178,85,0111110000011100101010100101001000001001001111100110010010001001001110100111001101000,133245516,0,0.025000,0.500000
133247179,86,11100000011011111111110000110100000100100111110010001001000100100101111010010110001111,133241965,0,0.040000,0.600000
133247180,86,10010000010101000010111011011010000010010011111001000100100010010011110101100011000101,133232171,0,0.024000,0.600000
133247183,75,000100011010111100101000001001000001111100100010010001001001111110110001101,133259019,0,0.060000,0.600000
133247185,83,11001000001110011101010010110100000100100111110010001001000100100111111011001110101,133259019,0,0.050000,0.500000
133247186,80,00000000011111011111000010100000100100111110010001001000100100101110110001101001,133228736,0,0.120000,0.600000
133247188,84,110001101001111100111101101001010001001001101100100010010001001001111110010001111010,133259019,0,0.060000,0.600000
133247192,84,110001101001111100111101101001010001001001101100100010010001001001111110010001111010,133228736,0,0.100000,0.500000
133247194,83,11001000001110011101010010110100000100100111110010001001000100100111111011001110101,133241965,0,0.040000,0.600000
133247195,83,01000010011110111011100100001100000001001111100100010000011001001010100110101100011,133265299,0,0.050000,0.600000
133247197,76,0000001011101111110101011000010010011111101000100100110000011101111100011101,133240464,0,0.050000,0.500000
133247198,80,00000000011100101010100000101010010010011111001000100000110011011111010100110100,133228736,0,0.120000,0.600000
133247199,75,000001111011111110101010010001001001111100100010010011001001011111110001001,133247262,0,0.035000,0.700000
133247201,80,00000000011100101010100000101010010010011111001000100000110011011111010100110100,133235533,0,0.046667,0.700000
133247202,82,1101000100011100101011100101101001001011001111100100010010001101001011110110001000,133245513,0,0.025000,0.500000
133247205,83,01101000100101100101011100101101001001001001111100100010010001001001011110110001010,133232171,0,0.024000,0.600000
133247206,84,010001100001110010101010000110100000100100111110010001001000100100101111010010101011,133270343,0,0.033333,0.500000
133247208,83,01100100001110011001010010110100000100000111110110001001000100100111111001001110101,133245503,0,0.040000,0.600000
133247209,83,11100000001110011101010010110100000100100111110011001011000100100111111001001010101,133265294,0,0.050000,0.500000
133247211,81,100000101011000001110110100100000100100111110010001001000000100111101011000100001,133254154,0,0.050000,0.500000
133247214,81,001000000111110111110000100100100100101111110010001001000100100110011011000111111,133255839,0,0.033333,0.500000
133247217,81,110100000010111011111000010010010000100111110010001001000100100110011011000111110,133245518,0,0.100000,1.000000
133247218,81,100000101011000001110110100100000100100111110010001001000000100111101011000100001,133260438,0,0.060000,0.600000
133247232,83,01000001010100001011101101001000000001001110100100010010001001001111000101001100010,133255832,0,0.024000,0.600000
133247233,81,100010100111101111110001000111000010010011111001000100100010010010111101100011111,133262189,0,0.020000,0.500000
133247234,84,111010000001111101111100001001001001001001111100100010010001001001100110110001110110,133266902,0,0.020000,0.500000
133247239,83,11101010000111100101010101011010000010010011011001000100100010010010111111100011010,133262189,0,0.024000,0.600000
133247240,83,11101010000111100101010101011010000010010011011001000100100010010010111111100011010,133245493,0,0.140000,0.700000
133247243,81,110100000011101011111000010010010000100111110110001001000100100100011011000111110,133268602,0,0.060000,0.600000
133247244,83,10000000000111110011111010000110000100100111110010001001001100100111011110001111001,133251032,0,0.120000,0.600000
133247245,77,00100011011101110011000101101001001111100100010010011001001111110110001111110,133245521,0,0.070000,0.700000
133247249,83,10000000000111110011111010000110000100100111110010001001001100100111011110001111001,133245521,0,0.100000,1.000000
133247251,81,110100000011101011111000010010010000100111110110001001000100100100011011000111110,133265298,0,0.040000,0.600000
133247282,85,1000011000011101110111101010010000010010011111001000000100010010011101111101011110000,133238706,0,0.028000,0.700000
133247293,83,10100000001110010101110010110100000100100111110010001001000100100101110011010110101,133252605,0,0.040000,0.800000
133247295,83,11100000111001111011001000001000010010011111001000100100010010010111101111011010000,133265297,0,0.066667,1.000000
133247297,82,1100001010011111001111011010101000100100110110010001001000100100111111001000111101,133262196,0,0.120000,0.600000
133247299,77,00000010101010111110000001000100101100111110010001001001100100110000110000011,133251030,0,0.024000,0.600000
133247305,83,10100000001110010101110010110100000100100111110010001001000100100101110011010110101,133241965,0,0.040000,0.600000
133247330,76,0000010101010111110000001000100001100111110010001001001100100110000110001011,133260452,0,0.060000,0.600000
133247331,82,1101001100011100101011100101101001001011001111100100010010001001001011110110001010,133243655,0,0.100000,0.500000
133247343,79,0000000011111011010010100000000100100111110010001001000100100111011011000111110,133243661,0,0.033333,0.500000
133247364,82,1100100001110011001110010110100000100000111110010001001000101001111110010011101010,133225396,0,0.040000,0.400000
133247366,85,0011000000001111001101000110110100010000100111110010001001000100100111111001001110101,133252596,0,0.060000,0.600000
133247368,83,10001001100111110011110010101100010100100111010010001001001100100111011011000111111,133240472,0,0.053333,0.800000
133247369,82,1101000100011100101011100101001001001001001111100100010010001001001011110110001010,133255830,0,0.040000,0.600000
133247376,82,1110000011100111101100100000100001001001111100100010010001001001011110111101101000,133247262,0,0.040000,0.800000
133247382,82,1000001000100001111101100101000001001001111100100010010001001001111010111001100011,133230485,0,0.080000,0.800000
133247384,82,0110000001111011111110000110100100100100111110010001001000100100100111010000110001,133251029,0,0.066667,1.000000
133247405,86,11100000011011011111110000110100100100100111110010001001000100100101111010000110001111,133235542,0,0.040000,0.600000
133247407,80,01000010101000011111011001010000010010011111001000100100001111011110101110011000,133252596,0,0.040000,0.400000
133247415,80,00000000011100101010100000101010010010011111001000100100110011011111010100110100,133252605,0,0.035000,0.700000
133247421,79,0000100011010101110010100101110100100111110010011001000100100111110011000111111,133225409,0,0.030000,0.600000
133247427,80,00000000011100101010100000101010010010011111001001100100110011011111010100110100,133251034,0,0.033333,0.500000
133247430,85,1111110000011100100010100101001000001001001111100100010010001001001110100111001101000,133251034,0,0.040000,0.600000
133247432,83,11100000001110011101010010110100000100100111110010001001000100100111111011001110101,133265304,0,0.060000,0.800000
133247436,84,111110000011100100010100101001000001001001111100100010010001001001110100111001101000,133243640,0,0.032000,0.800000
133247437,84,111000000011100111010100101101000001001001111100100010010001001001111010110011101010,133251034,0,0.040000,0.600000
133247442,86,11100000011011010111110000110100000100100111110010001001000100100101111010010110001111,133240464,0,0.050000,0.500000
133247444,84,111001000100111110111110010100100000100110111110010001001001100100111011011000111111,133252596,0,0.060000,0.600000
133247455,82,1101000100101100101011100101101001001001001111100100010010001001001011110110001010,133252598,0,0.040000,1.000000
133247471,80,00000101010000001101101001000010001001110100100010010001001001111000101001100010,133252605,0,0.030000,0.600000
133247475,82,1000001010100001101101100101000001001001011100100010010001001001111010111001100011,133247261,0,0.025000,0.500000
133247476,82,0100000000111010111110000010100000100100111110010001001000100000111110110000101001,133245496,0,0.140000,0.700000
133247484,76,0011001111101111111101001100010010011111001000100110010010011100101000110110,133255836,0,0.060000,0.600000
133247507,76,0000010101010111110000001000100101100111110010001001001100100110000100001011,133251035,0,0.025000,0.500000
133247508,82,1000000010111110111110010100101100100100111110010001011000100100111011011000111001,133260445,0,0.024000,0.500000
133247509,85,1011001000100111110011100010100100000100100111110010001001001100100111011011000111111,133247273,0,0.020000,0.700000
133247510,81,100000101010001111110110010100000100100111110010001001000100100111100011100110001,133240472,0,0.040000,0.600000
133247513,83,10000000101011101101100101011001001001001111100100010010001001001110110100001111110,133266894,0,0.030000,0.600000
133247516,83,10000000101011101101100101011001001001001111100100010010001001001110110100001111110,133230492,0,0.020000,0.600000
133247526,83,11001000100111110111110010100000000100100100110010001001000100100111011011000111111,133259007,0,0.120000,0.600000
133247527,83,10000001001101000111101100001000001001001101100100010010001001001111110010001111011,133259007,0,0.140000,0.700000
133247532,83,10000000101011101111100101011001001001001111100100010010001001001110110100001111110,133249260,0,0.060000,0.600000
133247535,85,0010000010011100111011100100101000001001001111100100010010001001001111110010011101011,133232166,0,0.053333,0.800000
133247542,85,0010000010011100111011100100101000001001001110100100010010001001001111110010011101011,133260442,0,0.050000,0.500000
133247545,75,000001111011110110101010010001001001111100100010010010001001011111110001001,133260442,0,0.060000,0.600000
133247547,81,100000101010000111110110010100000100100111110010001001000100100111101011100110001,133260438,0,0.050000,0.500000
133247551,84,001001010100111110011110010100100000100100111110010001001001100101101011011000111111,133260442,0,0.050000,0.500000
133247568,83,10000000001110000101110000110001000100100111110010001001001100110111110101001101011,133243655,0,0.120000,0.600000
133247570,85,1011001000100111110011100010100100000100100111110010001001001100100111011011000111111,133252612,0,0.140000,0.700000
133247572,77,01001001111011111100001011100001001001111100100010010001001001011110110001010,133238687,0,0.120000,0.600000
133247573,87,111000000110110111111100001101001001001001111100100010010001001001011110100001100011110,133259005,0,0.040000,0.800000
133247576,85,0000000010010100101011111111100110101001001111100100011010001001001111010110001011011,133251042,0,0.100000,0.500000
133247595,84,111000000101111001111100101011001001001001111100100010010001011001100010110000011010,133232167,0,0.070000,0.700000
133247597,81,100000101010000111110110010100000100100111110010001001000100100111101011100110001,133232168,0,0.050000,0.500000
133247603,85,0000000000010100101011111111100110001001001111100100010010001001001111010110001011011,133232168,0,0.050000,0.500000
133247614,80,01000010101000011111011001010000010010011111001000100100001011011110101110011000,133259014,0,0.100000,0.500000
133247618,82,1000001010100001110101101101000001001001111100101010010001001001111010111001100010,133265302,0,0.033333,0.500000
133247619,82,1000000001110111101010010110100010100100111110010001001000100100111111001000110101,133243645,0,0.060000,0.600000
133247620,83,01000010010111110111110010100101100100100111110010001001000100110111011011000111001,133243640,0,0.032000,0.800000
133247621,84,111001000100111110011110010100000000100100111110010001001001100100101011001000111111,133245509,0,0.040000,0.600000
133247622,82,1010000001111101111100001000001001101001111100100010010001001001100110110001111110,133228726,0,0.120000,0.600000
133247623,75,000000111111111100001011010101000001111100100010010001001001010100100011011,133222210,0,0.080000,0.800000
133247624,83,10100000001110000101110010110100000100100111110010001000000100100101110111010110111,133260445,0,0.033333,0.500000
133247625,88,0101110000011011011111110000110100100100110111110010001001000100100101101010000110001110,133222210,0,0.100000,1.000000
133247626,83,10100000001110010101110010110100000100100111110010001001000100100101110011010110101,133257466,0,0.050000,0.500000
133247627,86,11100000011011011111110000110100100100100111110010001001000100100101111010000110001111,133268599,0,0.033333,0.500000
133247628,84,111001000100111110011110010100100000010100111110010001001001100100111011010001111111,133238687,0,0.120000,0.600000
133247631,82,1101000100011100101011100101001001001001001111100100010010001001001011110110001010,133260442,0,0.050000,0.500000
133247634,83,01000000010111110111110110100100000100100111110010001001000100100111111101110110101,133260442,0,0.050000,0.500000
133247635,83,00100000101010000111110110010100000100100111110000001001000010100111101011100110001,133268598,0,0.020000,0.400000
133247645,78,000000011111011010010100000001100100111110010001001000100100111011011000110110,133243654,0,0.025000,0.500000
133247648,84,110101010001111010101110010110100000100100111110010001101001100100101111001001100101,133260454,0,0.066667,0.600000
133247653,84,011100000001110011101010010110100000100100111110010001001000100100111111011000100101,133265303,0,0.080000,0.600000
133247654,84,111001000100111110111110010100100000100100111110010001001001100100111011011000111111,133243643,0,0.070000,0.700000
133247656,83,00000110011110111111110100000000100100110110010001011000100100111011111000111100110,133243655,0,0.060000,0.600000
133247660,82,1000000010111110111110011100000100100100111110010001001001100100111011011000101101,133225398,0,0.060000,0.600000
133247662,84,111100000001110001101010010110100000100100111110010001001000100100111101011001110101,133240464,0,0.050000,0.500000
133247663,83,10100000001110010101110010110000001100100111110010001001000100100101110011010110101,133240464,0,0.050000,0.500000
133247666,83,10100000001100010101110010110100000100100111110010001001001100100101110011010110101,133270351,0,0.030000,0.600000
133247670,86,10100000011011011111110000110100000100100111110010001001000100100101111010010110001011,133240464,0,0.050000,0.500000
133247671,81,100100010010101011111010100100000100100110110010001001001100100111011011000111111,133240464,0,0.060000,0.600000
133247672,85,0000000000010100101011111111100110001001001111100100010010001001001111010110001011011,133245511,0,0.025000,0.500000
133247674,76,0000100011110111100101000001001001001111100100010010001000001111110110001101,133245521,0,0.050000,0.500000
133247676,84,101100100001110011001010010110100000100000111110110001001000100100111111001001110101,133251037,0,0.046667,0.700000
133247677,82,0000000111101111110100001000001001001111100100010010001001001010111110001111001101,133247264,0,0.080000,0.800000
133247684,74,00000011101111010101011000010010011101001000100100110010011101101100011101,133228722,0,0.028000,0.700000
133247690,83,11001000100111110111110010000100000100100110110010001001001100100111011011000111111,133245495,0,0.017143,0.600000
133247696,75,000101011110111100101000001001001001111100100010010001001001111110100001101,133259012,0,0.120000,0.600000
133247698,82,1000000010101110111100010101100100100100111110010011001000101100111010011000011101,133263575,0,0.024000,0.600000
133247700,84,000000000011111001111101010011000010011011111001000100100110010011101111010011110011,133263575,0,0.024000,0.600000
133247711,83,11001000100111110111110010100000000100100100110010001001001100100111011011000111111,133265288,0,0.100000,0.500000
133247712,79,0000000110101011100101001011001001001111100100010010011001001111110110001111111,133243653,0,0.060000,0.600000
133247713,84,100010000001001110011101010000000010010011111001000100100010010011101110010011110010,133245506,0,0.024000,0.600000
133247714,76,0000101111111111100001011010101001001111100100010010001001001010100100111001,133227178,0,0.060000,0.600000
133247724,76,0000010101010111110000001000100101100111110010001001001100100110000110001011,133225394,0,0.060000,0.600000
133247726,77,00000000111110111110001010000010010011111101000100110010010010111011000110100,133270352,0,0.100000,0.500000
133247727,84,110000000111001110101001011010000010010011111001000100000010010011111100100101000111,133251032,0,0.100000,0.500000
133247728,76,0000010101010111110000001000100101100111110010001001001100100110000110001011,133225394,0,0.100000,1.000000
133247729,75,000100011000111100101000001001000001111100100010010001001001111110110000101,133260440,0,0.030000,0.600000
133247730,78,000100011010101110010100100110100100111110010011001000100100111111001000111111,133225394,0,0.070000,0.700000
133247733,82,1000001010110000011101101101000001001001111100100010010101001001111010111001000011,133225394,0,0.060000,0.600000
133247737,84,011001010100111110011110010100100000100100111110010001001001100101101011011000111111,133260441,0,0.035000,0.700000
133247740,83,01100100010011111001110001010010000000100111110010001001001100100111011011000111111,133252610,0,0.024000,0.600000
133247742,83,00100000001111101111110101001000101001001111100110010010011001001110111110001111001,133225396,0,0.100000,1.000000
133247743,84,011001000100111110111110010100100000100100111110010001001001100100111011011000111111,133225396,0,0.060000,0.600000
133247745,75,000100011100111110101000001001001001111100100010010000001001111110110001101,133255825,0,0.050000,0.500000
133247746,84,011001000100111110111110010100100000100100111110010001001001100100111011011000111111,133265296,0,0.040000,0.800000
133247747,84,101010001000111010101110010110100000100100111110010001001000100100101011011000110101,133265296,0,0.050000,1.000000
133247748,84,110101010001110110101110010110100000100100101110010001001001100100111111000000100101,133228726,0,0.120000,0.600000
133247749,79,0000000001110111110100010010100100100111100010001001000100100111011011000111011,133228726,0,0.120000,0.600000
133247767,83,00000000001110110101110000110101000110100111110010001001001100110111110101001101011,133252598,0,0.028000,0.700000
133247771,85,0010000010011100111011100100101000001001001111100100010010011001001111110010001101011,133265304,0,0.046667,0.700000
133247772,82,1000001010100001101101100101000001001001011100100010010001001001111010111001100011,133245513,0,0.025000,0.500000
133247773,75,000000111111111100001011010101000001011100100010010001001001010100100011001,133268596,0,0.120000,0.600000
133247774,83,10100000001110010101110010110100000100100111110010001001000100100101110011010110101,133243658,0,0.100000,1.000000
133247776,79,0000001011111011010010100000000100100111110010001001000100100111011011000111110,133247262,0,0.040000,0.800000
133247779,83,00100000001111101111110101001000101001001111100110010010011001001110111110001111001,133263572,0,0.100000,0.500000
133247781,86,11110010001001111101111100101001000001001001111100100010010011001001110110110001111110,133235539,0,0.070000,0.600000
133247783,85,0100000001011111011111011010010000010010011111001000100100010010011111110111011010111,133268596,0,0.200000,1.000000
133247784,83,11001000100111110111110010100100000100100110110010001001001100100111011011000111111,133243658,0,0.070000,0.700000
133247789,76,0000010101011111110000001000100001100111110010001001001100100110000110001011,133254149,0,0.040000,0.600000
133247792,83,10000000101011101111100101011001001001001111100100010010001001001110110100001111110,133252599,0,0.050000,0.500000
133247793,82,0100010000111110011111010100111000100100111110010001001001100100111011110001111001,133249264,0,0.046667,0.700000
133247794,84,111011000100111110011110010100000000100100111110010001001001100100111011110001111111,133257468,0,0.080000,0.800000
133247815,86,01100000011011011111110000110100100100100111110010001001000101100101111010000110001111,133241972,0,0.050000,0.500000
133247817,84,111001000100111110011110010100100000100100111110010001001001100100111011011000111111,133262192,0,0.060000,0.600000
133247819,83,11010101000111001010101001011010000010010011111001000101000100100011101001100110101,133247254,0,0.020000,0.400000
133247823,82,0010110000111101010101001011110010010010011111001000100100000010010111010000110101,133223823,0,0.040000,0.600000
133247825,83,11100000001110011101010010110100000100100111110010001001000100100111111011001110101,133251036,0,0.033333,0.500000
133247826,81,100010001111110111010001001000010010011111001000100100110000111101101100011001101,133249259,0,0.033333,0.500000
133247829,84,110101010001110110101110010110100000100100111110010001001001100100101111000000100101,133225409,0,0.050000,1.000000
133247833,82,1110000011100111111100100000100001000011111100100010010001001001011110110101101000,133251036,0,0.033333,0.500000
133247835,83,11100000001110011101010010110100000100100111110010001001000100100111111011001110101,133241974,0,0.030000,0.600000
133247840,86,10010000010101000010111011011010000010010011111001000100100010010011110101100011000111,133247254,0,0.040000,0.800000
133247843,75,000001111011111110101010010001001001111100100010010001001001011111110001001,133241974,0,0.030000,0.600000
133247846,86,10010000000011100111011100100101000001001001111100100010010001001001111110010011101011,133251042,0,0.100000,0.500000
133247847,76,0000000011100111010001011000010010011111001000100100110010011101101100011101,133251029,0,0.053333,0.800000
133247848,76,0100100011110111100101000001001001001111100100010010001000001111110110001101,133251035,0,0.030000,0.600000
133247849,82,0010110000111001010101001011010010010010011111001000100100000010010111010000110101,133233888,0,0.070000,0.700000
133247850,79,0100100111101111110001010111000010010011111001000100100010010010111101000010101,133243659,0,0.198413,1.000000
133247851,83,11100000001110011101010010110000000100100111111010001001000100100111111011001111101,133228722,0,0.032000,0.800000
133247852,80,01111001110011101000010001110000100100111110011001001000100100101111011000101111,133232171,0,0.020000,0.500000
133247854,85,0010000000011100111001100100101000001001001111100100010010001001001111110010011101011,133265289,0,0.040000,0.800000
133247857,85,1001000001010110001011101101101000001001001111100000010010101001001111010111001100011,133266891,0,0.060000,0.400000
133247858,84,111110000011100101010100101001000001001001111100100010010001000001110100111001101000,133233877,0,0.050000,0.500000
133247860,83,10000000001110000101110000110101000100100111110010001001001100110111110101001101011,133247264,0,0.070000,0.700000
133247862,83,10000000001110000101110000110101000100100111110010001001001100110111110101001101011,133265289,0,0.035000,0.700000
133247865,83,11100000001110011101010010110100000100100111100010001001000100100111111011001110101,133243643,0,0.060000,0.600000
133247866,83,11010000001111101111100001001001001001001111100100010010001001001100110110001110110,133251030,0,0.024000,0.600000
133247867,83,11010000001111101111100001001001001001001111100100010010001001001100110110001110110,133249264,0,0.053333,0.800000
133247868,84,111001010100111100010110010101100000100100111110010001001000100100111011111000111111,133233877,0,0.060000,0.600000
133247873,84,100110000001100101010100101001000001101011111100100010010001001001110100111001101001,133249263,0,0.024000,0.600000
133247875,82,1101000100011100101011100101001001001001001111100100010010001001001011110110001010,133235537,0,0.080000,0.800000
133247878,85,0010000010011100111011100100101000001001001111100100010010001001001111110010011110011,133238702,0,0.060000,0.600000
133247888,89,01011100000110110111111100001101001001001101111100100010010001001001011010100001100011100,133257452,0,0.033333,0.500000
133247889,82,1000000010111110111110010100101100100100111110010001011000100100111011011000111001,133240476,0,0.060000,0.600000
133247894,81,111010000111001100111001011010000010000011111001000100100010100111111001001110101,133254149,0,0.033333,0.500000
133247898,85,1001000001010100001011000100101000000001001111100100010010001001111111010111001100010,133263561,0,0.020000,0.500000
133247899,79,0000000110101011100101001011001001001111100100010010011001001111110110001111111,133252612,0,0.140000,0.700000
133247903,83,11001000100111110111110010100100000100100110110010001001001100100111001011000101111,133223823,0,0.046667,0.700000
133247904,74,00000011101111010101011000010010011101001000100100110010011101101100011101,133263564,0,0.060000,0.600000
133247906,83,10100000001110010101110010110100000100100111110010001001001100100101110011010110101,133235541,0,0.070000,0.700000
133247936,81,100010100111101111110001000111000010010011111001000100100010010010111101100011111,133263562,0,0.050000,0.500000
133247938,84,111000000011100111010100101101000001001001111100100010010001001001111110110011101010,133240461,0,0.025000,0.500000
133247941,83,01000010011110111011100100001100000001001111100100010000011001001010100110101100011,133259004,0,0.060000,0.600000
133247943,83,01000010011110111011100100001100000001001111100100010000011001001010100110101100011,133251039,0,0.040000,0.600000
133247945,82,1010000001111101111100001011001001001001101100100010010001001001100110110001111110,133241967,0,0.030000,0.600000
133247952,84,111001000100111110111110010100100000100100111110010001001001100100111011011000111111,133251039,0,0.040000,0.600000
133247956,83,11001000100111110111110010100100000100100110110010001001001100100111011011000111110,133266894,0,0.030000,0.600000
133247967,83,11000001010110000011101101101000001001001111100100010010001001001111010111001000011,133228726,0,0.200000,1.000000
133247968,88,0001100000010011011111110000110100100100100011110010001001000101100101111010000110001111,133247266,0,0.025000,0.500000
133247969,85,1111100000111001010101001010010010010010011111001000100100010010011101001110011010001,133228726,0,0.200000,1.000000
133247970,86,01001000001010100001010000100101000000001001111100100010010001001101111010111001100010,133240476,0,0.060000,0.600000
133247974,75,000100011100111100101000001001001001111100100010010001001001111110110001101,133228726,0,0.140000,0.700000
133247975,82,1001001000100001011111101101100001001000111100100010010001011001101010111001100011,133245509,0,0.040000,0.600000
133247976,76,0010001101110111001100010110100100111110010001001001100100111111011000111111,133265302,0,0.046667,0.700000
133247977,85,0111110000011100101010100101001000001001001111100110010010001001001110100111001101000,133249265,0,0.060000,0.600000
133247978,83,00000000000111101111101100001000001011001011100100010010001001001111111011101111010,133228726,0,0.200000,1.000000
133247979,85,0100000001011111011111011010010000010010011111001000100100010010011111110111011010111,133228726,0,0.200000,1.000000
133247983,86,01001000001010100001011000100101000000001001111100100010010001001101111010111001100010,133268594,0,0.025000,0.500000
133247985,80,10000000111101111110101001000001001001111100100010000001001011101111100011110011,133245509,0,0.040000,0.600000
133247986,84,110101010001110110101110010110100000100100111110010001001001110100101111000000100101,133245518,0,0.060000,0.600000
133247989,81,000000011110111111010100100000100100101110010001001000100100111011011000111100110,133228730,0,0.040000,1.000000
133247991,81,100000101011000001110110100100000100100111110010001001000000100111101011000100001,133228730,0,0.040000,1.000000
133247995,83,11100000001110011101010010110100000100100111110011001001000100100111111011001110101,133263562,0,0.050000,0.500000
133247997,87,011101000100011100101011100101101000001001001111100100010010001001001011110110001101000,133263562,0,0.050000,0.500000
133247999,84,100010000011101110011101010000000010010011111001000100100010010011101110010011110010,133263562,0,0.050000,0.500000
133248001,78,000000000111110111110001010000010010011111001000100100010010010111011000111100,133228731,0,0.033333,0.500000
133248003,78,000000000111110111110001010000010010011111001000100100010010010111011000111100,133263562,0,0.050000,0.500000
133248004,80,01111001110011111000010001110000100100111110011001001000101100101111011000101111,133228731,0,0.066667,1.000000
133248005,82,1000000010111110111110010100101100100100111110010001001000100100111011011000111001,133263562,0,0.050000,0.500000
133248009,82,1000000010101110111100010101100100100100111110010001001000100100111011011000111101,133238705,0,0.024000,0.600000
133248010,86,01100110010001111001011001010010000010010011111001100100100110010011100101100011111110,133263568,0,0.033333,0.500000
133248018,85,1110010001101111100111100111001000001001011111100100010010010001000110111111001111111,133243650,0,0.040000,0.600000
133248019,84,101110000011100101010100101001000001001001111100100010010001001001110111110011010011,133270342,0,0.060000,0.600000
133248028,85,1101010000011100101010100101111000001001001111100100010010001001001011110110001101011,133254154,0,0.070000,0.600000
133248030,83,11001000100111110111110010100100000100100110110010001001001100100111011011000101111,133228737,0,0.024000,0.600000
133248031,81,100001001111011101110010010110000100100111110010001001000100100101011011010110101,133255829,0,0.030000,0.600000
133248032,84,001001010100111110011110010100100000100100111110010001001001100101101011011000111111,133243653,0,0.060000,0.600000
133248033,82,0100100001010010101110011110110000100100111110010001001000100100101111110000111101,133228737,0,0.040000,1.000000
133248035,83,10100000001110011101010000110110000100100111111010001001000100100111101000001110101,133255829,0,0.025000,0.500000
133248036,83,11001000100111110111110010100000000100100100110010001001001100100111011010000111111,133255829,0,0.030000,0.600000
133248039,83,10000010101000010111011011010000010010011111001000100100010010011110101111011000101,133262194,0,0.060000,0.600000
133248043,83,10000010101000010111011011010000010010011111001000100100010010011110101111011000101,133255829,0,0.030000,0.600000
133248048,82,1110000011100111111100100000100001000011111100100010010001001001011110110101101000,133259009,0,0.028000,0.700000
133248049,76,0000001001010111110000100000100100100111110010001001000100100110000110001011,133225409,0,0.030000,0.600000
133248051,84,110101010001110010101010010110100100100100111110010001001000100100011101001000110101,133228738,0,0.050000,1.000000
133248052,83,10000101010000101110110010100000100100111110010001001000100100111101011100100001111,133247258,0,0.080000,0.800000
133248053,83,11101010000111100101010101011010000010010011011001000100100010010010111111100011010,133252602,0,0.120000,0.600000
133248054,83,11101010000111100101010101011010000010110011011001000100100010010010111111100011010,133230482,0,0.040000,0.800000
133248055,83,01100100001110011001010010110100000100000111110110001001000100100111111001001110101,133230482,0,0.050000,1.000000
133248059,88,1101110000011011011111110000110100101100110111110010001001000100100101101010000110001110,133259008,0,0.050000,0.500000
133248067,85,0000000010010100101011111111100110101001001111100100011010001001001111010110001011011,133255839,0,0.060000,0.600000
133248068,76,0000000011100111010001011000010010011111001000100100110010011101101100011101,133270343,0,0.040000,0.600000
133248069,86,10010000000011100111011100100101000001001001111100100010010001001001111110010011101011,133247262,0,0.040000,0.800000
133248077,86,10010000000011100111011100100101000001001001111100100010010001001001111110010011101011,133247273,0,0.022857,0.800000
133248080,75,000001111011011110101010010001001001111100100010010011001001011111110001101,133249263,0,0.024000,0.600000
133248085,83,01000000010111110111110110100100000100100111110010001001000100100111111101110110101,133245503,0,0.040000,0.600000
133248087,79,0000100100001101011100101001001001001001111100100010010001001001110101110001110,133255827,0,0.033333,0.500000
133248091,77,00000000111110111110001010000010010011111001000100000010010010111011000110000,133249262,0,0.060000,0.600000
133248093,83,10100000001110010101110010110100000100100111110010001001000100100101110011010110101,133247270,0,0.070000,0.700000
133248095,84,111100000001110011101010010110100000100100111110010001001000100100111101011001110101,133266893,0,0.100000,0.500000
133248098,83,11100100001100011101010010110100000100100111110010101001000100110111101011001110101,133260449,0,0.100000,0.500000
133248105,82,0000000000111001000111000011010100010010011111001000100100110011011111010100110101,133252601,0,0.040000,0.600000
133248106,85,1101000100010100101011100101101000001001001111100100011010000001001010110110001101011,133249262,0,0.050000,0.500000
133248107,83,10001001100111110011110010100100010100100111010010001001001100100111011011000111111,133252601,0,0.040000,0.600000
133248109,81,000000011110111111010100100000100100111110010001001000100100111011111100111100110,133254156,0,0.024000,0.600000
133248112,86,10100000000111110011111010100110000100100111110010001001001100100111011111000111100110,133252604,0,0.040000,0.800000
133248116,75,000001111011111110101010010001001001111100100010010011001001011111110001001,133260439,0,0.030000,0.600000
133248120,80,00000000011111011111000010100000100100111110010001001000100100101110110001101001,133249268,0,0.024000,0.600000
133248122,83,00000000000111001000111000011010100010010011111001000100100110011011111010100110101,133254158,0,0.070000,0.700000
133248143,84,011001010100111110011110010100100000100100111110010001001001100101101011011000111111,133251036,0,0.033333,0.500000
133248145,84,011001010100111110011110010100100000100100111110010001001001100101101011011000111111,133251036,0,0.033333,0.500000
133248157,84,001001010100111110011110010100100000100100111110010001001001100101101011011000111111,133232161,0,0.066667,1.000000
133248159,84,110101010001110110101110010110100000100100111110010001001001100100101111000000100101,133232163,0,0.030000,0.600000
133248162,75,000001111011111110101010010001001001111100100010010011001001011111110001101,133254148,0,0.140000,0.700000
133248163,84,000000000011111001111101010011000010010011111001000100100110010011101111100011110011,133254148,0,0.140000,0.700000
133248168,84,110010001001111101111100101000000001001001101100100010010011001001110110110001111110,133238706,0,0.024000,0.600000
133248169,75,000001111011011110101010010001001001111100100010010011001001011111110001101,133262189,0,0.024000,0.600000
133248171,77,10000011001010111110000100000100100100101110010001001000100100110000110001011,133232166,0,0.066667,1.000000
133248172,81,110000000101001110111001010101000100100111110010001001000100100011111001001100101,133265304,0,0.050000,0.800000
133248173,77,11000000011101111010001011000010010011111001000100100110010011101101100011101,133232167,0,0.100000,1.000000
133248175,81,110000000101001110111001010101000100100111110010001001000100100011111001001100101,133232167,0,0.080000,0.800000
133248177,81,110000000101001110111001010101000100100111110010001001000100100011111001001100101,133232167,0,0.100000,1.000000
133248178,81,110000000101001110111001010101000100100111110010001001000100100011111001001100101,133251031,0,0.020000,0.500000
133248179,77,11000000011101111010001011000010010011111001000100100110010011101101100011101,133262177,0,0.028000,0.700000
133248180,77,11000000011101111010001011000010010011111001000100100110010011101101100011101,133252596,0,0.060000,0.600000
133248181,77,11000000011101111010001011000010010011111001000100100110010011101101100011101,133238702,0,0.060000,0.600000
133248182,81,110000000101001110111001010101000100100111110010001001000100100011111001001100101,133238706,0,0.032000,0.800000
133248183,77,11000000011101111010001011000010010011111001000100100110010011101101100011101,133265292,0,0.070000,0.700000
133248184,81,110000000101001110111001010101000100100111110010001001000100100011111001001100101,133262177,0,0.032000,0.800000
133248186,81,110000000101001110111001010101000100100111110010001001000100100011111001001100101,133232167,0,0.100000,1.000000
133248187,81,000000101110010101110010110100000100100111110010001001000100100111111011000110000,133240472,0,0.040000,0.600000
133248189,81,110000000101001110111001010101000100100111110010001001000100100011111001001100101,133252596,0,0.060000,0.600000
133248190,84,111001000110111110011110011100100000100101111110010001001001000100011011111100111101,133255836,0,0.060000,0.600000
133248194,85,1101000000011110001011100101101010001001001111000100010010001001001011110110001101010,133233881,0,0.066667,0.600000
133248195,81,100000101011000001110110100100000100100111110010001001000000100111101011000100001,133251040,0,0.120000,0.600000
133248196,75,000100011100101101101000001001001001111100100010010000001001111110110001101,133245495,0,0.020000,0.700000
133248224,85,1011001000100111110011100010100100000100100111110010001001001100100111011011000111111,133222213,0,0.040000,0.600000
133248227,81,100000101010000111110110010100000100000111110010001001000100100111101011100110001,133245507,0,0.025000,0.500000
133248229,83,00000000000111101111101100001000001011001011100100010010001001001111111011101111010,133249260,0,0.050000,0.500000
133248230,80,11010000000111001101110010100100100100100111110010001001000100100101111011000101,133245494,0,0.033333,0.500000
133248237,84,111001000100111110011110010100000000100100111110010001001001100100111011110000111111,133249265,0,0.060000,0.600000
133248239,86,10010000010101000010111011011010000010010011111001000100100010010011110101100011000101,133245511,0,0.025000,0.500000
133248240,81,100000101010000111110110010100000100100111110010001001000100100111101011100110001,133251033,0,0.080000,0.800000
133248241,76,0000011001010111110000100000100100100101100010001001000100100110000110001011,133230485,0,0.060000,0.600000
133248243,83,00010100000111001010101001011011000010010011111001001100100000010010111000000110101,133249264,0,0.040000,0.600000
133248245,85,0010000000011100111011100100101000001001001111100100010010001001001111110010011101011,133245498,0,0.033333,0.500000
133248247,83,10100000001100000101110010110100000100100111110010001001001100100101110011010110101,133260441,0,0.035000,0.700000
133248251,86,11100000010011011111110000110100100100100111100010001001100100100101111010000110001111,133243660,0,0.026667,0.400000
133248258,87,010010000010101000010111011011010000010010011111001000100100010010011110101100011000101,133243660,0,0.033333,0.500000
133248266,82,1101000100101100101011100101101001001001001111100100010010001001001011110110001010,133228731,0,0.033333,0.500000
133248278,81,100000001011111011111011010011000000100111110010001001010100100111111101110110101,133266899,0,0.050000,0.700000
133248286,83,10100000001110010101110010110100000100100111110010101001000100100101110011010110101,133260446,0,0.033333,0.500000
133248287,77,00100011011101110011000101101001001111100100010010011001001111110110001111110,133240475,0,0.040000,0.600000
133248289,76,0001000111001111001010010010010010011111001000110100000010011111101100011011,133235534,0,0.200000,1.000000
133248294,83,11101000100111100001011100101101001101001001111100100010010001001001011110110001010,133235537,0,0.100000,1.000000
133248295,76,0000011001010111110000100000100100100101100010001001000100100110000110001011,133259006,0,0.050000,0.500000
133248297,83,00100000001111101111110101001000101001001111100110010010011001001110111110001111001,133240464,0,0.050000,0.500000
133248300,84,110001101001111100111101101001010001001001101110100010010001001001111111010001111010,133245494,0,0.026667,0.400000
133248301,82,1000000010111010111110010100101100100100111110010001001000100100111011011000111001,133254159,0,0.060000,0.600000
133248304,80,10000000111101111110100001000001001001111100100010000001001011101111100011110011,133241971,0,0.025000,0.500000
133248307,75,000100011010111100101001001001000001111100100010010001001001111110110000101,133230482,0,0.030000,0.600000
133248310,82,0000000000111001010111000001010100010010011011001000100100110011011111010100110100,133230482,0,0.030000,0.600000
133248311,81,100000101010000111110110000100000100100110110010001001000100100111101011100110001,133257467,0,0.070000,0.700000
133248316,83,01000010010111110111110010100101100100100111110010001001000100010111011011000111001,133232165,0,0.050000,0.500000
133248317,86,01100000011011011111110000110100100100100011010010001001000101100101111010000110001111,133257467,0,0.050000,0.500000
133248319,75,000100011010111100101000001001000001111100100010010001001001111110110001101,133232165,0,0.050000,0.500000
133248320,83,10100000001110010101110010110100000100100111110010001001000100100101110011010110101,133232165,0,0.060000,0.600000
133248323,78,000000001111101111100010100000100100111110010001001000100100101110110001101001,133232165,0,0.060000,0.600000
133248325,83,10000000000111110011111010000110000100100111110011001001001100100111011110001111001,133232165,0,0.070000,0.700000
133248326,83,10100000001110010101110010110100000100100111110010001001000100101101010011010110101,133257467,0,0.060000,0.600000
133248327,86,01000000000111110101100010100100100100100111110010001001001000101111010011000111101011,133241967,0,0.030000,0.600000
133248329,82,1010000001111101111100001001001001001001111100100010010001001001100110110001110110,133255827,0,0.033333,0.500000
133248331,83,00000000000111101111101100001000001011001011100100010010001001001111111011101111010,133254148,0,0.120000,0.600000
133248334,86,01000000000111110101100010100100100100100111110010001001001000101111010011000111101011,133240466,0,0.017143,0.600000
133248335,84,110001101001111100111101101001010001001001101100100010010001001001111110010001111010,133255827,0,0.040000,0.600000
133248336,84,110001101001111100111101101001010001001001101100100010010001001001111110010001111010,133255839,0,0.040000,0.500000
133248337,82,1100001010011101001111011010101000100100110110010001001000100100111111001000111101,133257459,0,0.035000,0.700000
133248343,86,01100110010001111001011001010010000010010011111001100100100110010011100101100011111110,133262182,0,0.050000,0.500000
133248345,86,01101100011011011111110000100100100100100111110010001001000100100101111010000110001111,133247265,0,0.040000,0.600000
133248349,77,00000000111110111110001010000010010011111001000100100010010010111011000110100,133251029,0,0.066667,1.000000
133248357,84,111100000001110001101010010110100000100100111110010001001000100100111101011001110101,133265294,0,0.060000,0.600000
133248363,85,0000000000010100101011111111100110001001001111100100010010001001001111010110001011011,133260446,0,0.053333,0.500000
133248365,85,1001001001010100001111101101101000001001001111100100010010001001001111010111001100011,133240462,0,0.060000,0.600000
133248367,86,01100110010001111001011001010010000010010011111001100100100110010011100101100011111110,133238693,0,0.040000,1.000000
133248369,82,1110000011100111101100100000100001001001111100100010010001001001011110111101101000,133238693,0,0.040000,1.000000
133248370,77,00000000111110111110001010000010010011111001000100100010010010111011000111100,133257463,0,0.080000,0.800000
133248372,85,1101000100011100101011100101101000001001001111100100010010000001001010110110001101011,133268588,0,0.030000,0.600000
133248374,76,0000101111111111100001011010101001001111100100010010001001001010100100111001,133255829,0,0.030000,0.600000
133248376,83,00100000001111101111110101001000101001001111100110010010011001001110111110001111001,133228737,0,0.020000,0.500000
133248378,86,10010000010101000011111011011010000010010011111001000100100010010011110101110011000110,133260448,0,0.040000,0.600000
133248379,81,101000000011100111010100011010000010010011111001000100100010010011110100100111010,133257464,0,0.033333,1.000000
133248380,84,011000000011110011111100001101001101001001111100100010010001001001011110100001100011,133260448,0,0.040000,0.600000
133248382,82,0100100001010010101110011110100000100100111110010001001000100100101111110000111101,133238696,0,0.050000,1.000000
133248387,78,010000101010000111110110010100001001001111100100010010000101101111010111001100,133238707,0,0.046667,0.700000
133248388,75,000100011000111100101000001001000001111100100010010001001001111110110000100,133238699,0,0.100000,1.000000
133248389,75,000100011000111100101000001001000001111100100010010001001001111110110000101,133255834,0,0.060000,0.600000
133248390,75,000001111011111110101010010101001001111100100010010001001001011111110001001,133238699,0,0.100000,1.000000
133248391,83,11101000000011100101011100101101110001001001111100100000110001001101001110110011010,133238699,0,0.100000,1.000000
133248400,88,0001100000010011011111110000110100100100100011110010001001000101100101111010000110001111,133238702,0,0.100000,1.000000
133248406,83,11001001100111110011110010100100010100100111010010001001001100100111011011100111111,133238706,0,0.028000,0.700000
133248417,84,110110000011100101010100101001000001001001111101100010010001001001110100111001101000,133243640,0,0.040000,0.700000
133248419,80,00000000111110111110100101010001001001111100100010010001001001011101100011010011,133228730,0,0.032000,0.800000
133248422,87,110010000000011100111011100100101000001001001111100100010010001001001111110010011101011,133245495,0,0.022857,0.800000
133248423,78,000000011111011010010100000000100100111110010001001000100100111011011000110110,133228734,0,0.120000,0.600000
133248424,84,111001000110111110011110011100100000100101111110010001001001000100011011111100111111,133245506,0,0.020000,0.500000
133248425,84,111001000100111110111110010100100000100110111110010001001001100100111011011000111111,133243650,0,0.040000,0.600000
133248426,83,10000110011110111111110100000000100100110010010001001000100100111011111000111100110,133227178,0,0.050000,0.500000
133248427,80,10100010001110010101110010110100100100100111110010001001000100100101110110001010,133240462,0,0.100000,1.000000
133248430,83,10100000001110010101110010110100000100100111110000001001000100100101110011010110101,133230488,0,0.140000,0.700000
133248431,83,10100000001110010101110010110100000100100111110010001001000100100101110011010110101,133230488,0,0.160000,0.800000
133248432,84,011101000100011100101011100101101000010010011111001000100100010010010111001100011010,133252612,0,0.160000,0.800000
133248433,83,10100000001110010101110010110100000100100111110000001001000100100101110011010110101,133243657,0,0.070000,0.700000
133248434,84,010000000011111001111111010011000010010011111001000100100110010011101111100011110011,133230488,0,0.140000,0.700000
133248438,84,111010100000111001010101010110100000100100111110010001001000100100101111011000110101,133254152,0,0.024000,0.600000
133248441,82,1101000100011100101011100101001001001001001111100100010010001001001001110110001010,133260449,0,0.120000,0.600000
133248442,85,0010010101001111100111100101001000001001001111100100010010011001011010110110001111110,133255825,0,0.060000,0.600000
133248445,84,111100000001110011101010010110100000100100111110010001001000100100111111011001110111,133247259,0,0.060000,0.600000
133248446,77,01000101111111111100001011010001001001111100100010010001001001010100110011001,133259018,0,0.060000,0.600000
133248449,84,110101010001111010101110010110100000100100111110010000001001100100101111001001100101,133266896,0,0.046667,0.700000
133248451,84,111000000110110111011000011010000010011011111001000100100010010010111101000011000111,133249263,0,0.024000,0.600000
133248452,83,11001000100111110111110010100000000100100100110010001001001100100111011011000101111,133241971,0,0.030000,0.600000
133248457,81,100001001111011101110010000110000100100111110010001001000100100101011011010110101,133263557,0,0.024000,0.600000
133248459,84,010000000011111001111101010011000010010011111001000100100110010011101111100011110011,133263566,0,0.040000,0.600000
133248460,82,1000000010111110111110010100101100100100111110010001001000100100111011011000111001,133228738,0,0.035000,0.700000
133248463,83,11010000001111101111100001001001001001001111100100010010001001001100110110001110110,133259015,0,0.140000,0.700000
133248465,83,10000000000111110011111010000110000100100111110010001001001100100111011110001111001,133263566,0,0.040000,0.600000
133248469,80,00000000011111011111000010100000100100111110010001001000100100101110110011101001,133240475,0,0.033333,0.500000
133248494,82,1010000001111101111100001011001001001001101100100010010001001001100110110001111110,133259015,0,0.120000,0.600000
133248496,83,01000010010111110111110110100100000100100111110010001001000100100111111101110110101,133240468,0,0.066667,1.000000
133248499,82,1100001010011101001111011010101000100100110110010001001000100100111111001000111101,133243644,0,0.050000,0.500000
133248507,83,00100000001111101111110101001000101001001111100110010010011001001110111110001111001,133251042,0,0.100000,0.500000
133248509,79,0000001011111011010010100000000100100111110010001001000100100111011011000111110,133241965,0,0.066667,1.000000
133248510,84,110101000001110010101010010110100000100100111110010001001000100100101111110000110101,133251042,0,0.100000,0.500000
133248511,79,0000001011111011010010100000000100100111110010001001000100100111011011000111110,133241965,0,0.066667,1.000000
133248512,82,1010000001111101111100001000001001001001111100100011010001001001100110110001111110,133228736,0,0.100000,0.500000
133248513,83,01000001010100101011101101101000001001001110100100010010011001001111010110001100010,133241965,0,0.066667,1.000000
133248514,83,00100000001111101111110101001000101001001111100110010010011001001110111110001111001,133259019,0,0.050000,0.500000
133248519,80,01111001110011101000010001110000100100111110011001001000100100101111011000101111,133266894,0,0.030000,0.600000
133248520,83,10100000001110000101110010110100000100100111110010001001000100100101110111010110101,133266907,0,0.024000,0.600000
133248522,84,111010001000111001010111001011010000010010011111001000100100010010001101011000110101,133233871,0,0.053333,0.800000
133248528,88,0101110000011011011111110000110100100100110111110010001001000100100101101010000110001110,133243647,0,0.033333,0.500000
133248529,82,0000000000111001000111000011010100010010011111001000100100110011011111010100110101,133259011,0,0.046667,0.700000
133248531,76,0000010101010111110000001000100101100111110010001001001100100110010110001011,133233871,0,0.040000,0.600000
133248532,84,111010001000111001010111001011010000010010011111001000100100010010001101011000110101,133266907,0,0.020000,0.500000
133248534,84,111010001000111001010111001011010000010010011111001000100100010010001101011000110101,133254147,0,0.053333,0.800000
133248535,83,01100100010011111001110001010010000000100111110010001001001100100111011011000111111,133254148,0,0.120000,0.600000
133248542,83,11100000001110011101010010110100000100100111110010001001000100100111111011001110101,133241972,0,0.100000,1.000000
133248543,82,1000001010100001001101101101000001001001111100100010010001001001111000101001100010,133241972,0,0.100000,1.000000
133248544,80,01111001110011101000010001110000100100111110011001001000100100101111011000101111,133241972,0,0.100000,1.000000
133248550,82,1101000100101100101011100101101001001001001111100100010010001001001011110110001010,133241973,0,0.100000,1.000000
133248551,86,11100000011011111111110000110100000110100111110010001001000100100101111010010110001111,133255829,0,0.025000,0.500000
133248552,83,10100000001110010101110010110100000100100111110010101001000100100101110011010110101,133255829,0,0.025000,0.500000
133248553,83,11100000001110011101010010110100000100100111110010001001000100100111111011001110111,133241975,0,0.066667,1.000000
133248555,80,00000100111110111110000101000001001001111100100010010001001000011101100011010010,133241976,0,0.066667,1.000000
133248556,83,01100100010011111001101011010010000010010011011001001001001001100011010011000111111,133241976,0,0.066667,1.000000
133248557,80,00000100111110111110000101000001001001111100100010010001001000011101100011010010,133241976,0,0.066667,1.000000
133248560,85,0100010001001111100110111101001000001001001101100100010010011011001110100110001111111,133259018,0,0.060000,0.600000
133248561,80,00000100111110111110000101000001001001111100100010010001001000011101100011010010,133270341,0,0.050000,0.500000
133248564,83,11100000001110011101010010110100000100100111110010001001000100100111111011001110101,133265289,0,0.040000,0.800000
133248569,83,10100000001110000101110010110100000100100111110010001001000100100101110111010110101,133238706,0,0.032000,0.800000
133248570,80,00000000011111011111000010100000100100111110010001000000100100101110110001101001,133247273,0,0.046667,0.700000
133248577,73,0000011110111011101010100100100100111110010001001001100100001111111000110,133254149,0,0.040000,0.600000
133248581,76,0000011001010111110000100000100100100101100010001001000100100110000110001011,133254149,0,0.033333,0.500000
133248585,82,1000000010101110111100010101100100100100111110010001001000101100111010011000111101,133230488,0,0.140000,0.700000
133248588,84,110010001001111101111100101001000001001001111100100010010011001001110110110001111111,133228737,0,0.024000,0.600000
133248589,84,110101000001111010101010010110100000100100111110010001001000100100101111110000110101,133243643,0,0.100000,1.000000
133248593,82,0000100000111001000111000011010100010010011111001000100100110011011111010100110101,133263563,0,0.060000,0.600000
133248594,81,100100010011101011111010100100000100100110110010001001001100100111011011000111111,133263563,0,0.060000,0.600000
133248595,84,110101000001111010101010010110100000100100111110010001001000100100101111110000110101,133262194,0,0.060000,0.600000
133248597,86,11001000001011100001111101101101000001001001111000110010010000001001111010111000100011,133262194,0,0.060000,0.600000
133248598,83,11000000110111110111110010100101100100100111110010001001000100100111011011000111001,133243643,0,0.100000,1.000000
133248601,86,11100000011011011111110000110100100100100111110010001001000100100101111010000110001111,133235537,0,0.080000,0.800000
133248604,83,10111000001111010101010010100100000100100111110010001001000100100111010111001101001,133260453,0,0.060000,0.600000
133248606,86,11110010001001111101111100101001000001001001111100100010010011001001110110110001111110,133265304,0,0.046667,0.700000
133248607,79,0100100111101111110001000111000010010011111001000100111010010010111101100010101,133245502,0,0.100000,0.500000
133248610,84,001001010100111110011110010100100000100100111110010001001001100101101011011000111111,133249264,0,0.046667,0.700000
133248617,83,10111000001110010101010010100100000100100111110010001001000100100101010111001101001,133260453,0,0.060000,0.600000
133248619,84,000000000011111001111111010011000010010011111001000100100110010011101111100011110011,133249264,0,0.046667,0.700000
133248621,86,11110010001001111101111100101001000001001001111100100010010011001001110110110001111110,133262191,0,0.060000,0.600000
133248625,85,1011001000100111110011100010100100000100100111110010001001001100100111011011000111111,133245502,0,0.120000,0.600000
133248627,82,0100000000111010111110000010100000000100111110010001001000100000111110110000101001,133243647,0,0.066667,1.000000
133248629,84,010000000011111001111101010011000010010011111001000100100110010011101111100011110011,133268608,0,0.040000,0.600000
133248630,83,10000000000111110011111010000110000100100111110110001001001100100111011110001111001,133263571,0,0.120000,0.600000
133248631,82,0100000000111010110110000010100000000100111110010001001000100000111110110000101001,133260446,0,0.033333,0.500000
133248633,81,110100000011101011111000010010010000100111110110001001000100100100011011000111110,133263571,0,0.120000,0.600000
133248643,75,000100011100111110101000001001001001111100100010010000001001111110110001101,133257465,0,0.040000,0.600000
133248646,84,011001000100111110011110010100100000100100111110010001001001100100111011011000111111,133263572,0,0.120000,0.600000
133248647,84,111001010100111110111110010100100000100100111110010001001001100100111011011000111011,133255825,0,0.060000,0.600000
133248648,81,000000101110010101110010110100000100100111110010001001000100100111111011000110000,133263572,0,0.120000,0.600000
133248652,84,011001000100111110011110010100100000100100111110010001001001100100111011011000111111,133263572,0,0.120000,0.600000
133248655,86,10010000010101000010111011011110000010010011111001000100100010010011110101100011000111,133263572,0,0.120000,0.600000
133248657,83,11100000111001111011001000001000010010011111001000100100010010010111101111011010000,133268596,0,0.200000,1.000000
133248658,83,11100000001110011101010010110100000100100111110010001001000100100111111011001110101,133255825,0,0.060000,0.600000
133248661,83,01001000100101010111110010100100000100100110110010001001001100100111011011000111111,133255825,0,0.060000,0.600000
133248664,81,000010101110010101110010110100000100100111110010001001000100100111111011000110000,133255825,0,0.060000,0.600000
133248666,85,1000011000011101110111101010010000010010011111001000000100010010011101111101011110000,133240462,0,0.050000,0.500000
133248669,73,0010001110011110010100000100100100111110010000001000000100111111011000110,133265293,0,0.040000,0.600000
133248671,84,100001101000111100111101101001010001001001101100100010010001001001111111010001111010,133243645,0,0.060000,0.600000
133248672,82,0000000000111001100111000011010100010010011111001000100100110011011111010100110101,133233881,0,0.046667,0.600000
133248673,75,000000111111111100001011010101000001111100100010010001001001010100100011001,133247258,0,0.060000,0.800000
133248674,83,00000000001110010101110000110101000110100111110010001001001100110111110101001101011,133233881,0,0.040000,0.500000
133248678,84,111001000110111110011110011100100000100101111110010001001001000100011011111100111101,133233881,0,0.040000,0.600000
133248680,82,0000000000111001000111000011010100010010011111001000100100110011011111010100110101,133232169,0,0.040000,0.700000
133248682,82,1010000001111101111100001011001001001001101100100010010001001001100110110001111110,133251044,0,0.060000,0.600000
133248683,84,100001101001111100111101101001010001001001101100100010010001001001111111010001111010,133251037,0,0.053333,0.800000
133248684,82,1100000010111110111110010100101100100100111110010001001000100100111011011000111001,133227178,0,0.060000,0.600000
133248685,84,101010001000111010101110010110100000100100111110010001001000100100101011011000110101,133251044,0,0.060000,0.600000
133248687,83,00000000001110010101110000110101000110100111110010001001001100110111110101001101011,133260455,0,0.040000,0.600000
133248688,82,0000000000111001000111000011010100010010011111001000100100110011011111010100110101,133233881,0,0.046667,0.600000
133248689,84,101010001000111010101110010110100000100100111110010001001000100100101011011000110101,133240462,0,0.060000,0.600000
133248690,83,10100000001110010101110010110100000100100111110010001001100100100101110011010110101,133254154,0,0.060000,0.500000
133248692,82,1101000100011100101011100101001001001001001111100100010010001001001011110110001010,133252607,0,0.032000,0.800000
133248693,78,100000101010101111100000010001001011001111100100010010001001001100001110010110,133249265,0,0.060000,0.600000
133248695,82,1101000100011100101011100101001001001001001111100100010010001001001011110110001010,133270344,0,0.080000,0.800000
133248696,76,0000010101010111110000001000100101100111110010001001001100100110000110001011,133260454,0,0.040000,0.600000
133248698,86,01001000001010100001011000100101000000001001111100100010010001001101111010111001100010,133268589,0,0.028000,0.700000
133248699,83,10100000001110010101110010110100000100100111110010001001100100100101110011010110101,133254154,0,0.060000,0.500000
133248700,76,0000010101010111110000001000100101100111110010001001001100100110000110001011,133249265,0,0.060000,0.600000
133248701,82,0100100001010010101110011110100000000100111110010001001000100100101111110000111101,133268603,0,0.033333,0.500000
133248702,82,1000001010110000011101101101000001001001111100100010010101001001111010111001000011,133249265,0,0.050000,0.600000
133248703,75,000100011100111100101000001001001001111100100010010001001001111110110001101,133265302,0,0.040000,0.600000
133248704,84,110101010001110110101110010110100000100100111110010001001001110100101111000000100101,133247257,0,0.060000,0.600000
133248709,84,110011001000111100101100101001000001001101111100110010010011001001100101100011111110,133251030,0,0.020000,0.500000
133248710,81,110100000010111011111000010010010000100111110010001001000100100110011011000111110,133266907,0,0.024000,0.600000
133248714,83,10000001101111101111100101001011001001001111100100010010001001001110110110001110011,133243652,0,0.066667,1.000000
133248715,85,0010000000011100111011100100101000001001001111100100010010001001001111110010011101011,133251030,0,0.024000,0.600000
133248717,82,0000000000111001000111000011010100010010011111001000100100110011011111010100110101,133243652,0,0.066667,1.000000
133248718,83,11000000001111011101000110010100010101100111110010001001000100100111011001001110101,133243652,0,0.066667,1.000000
133248719,85,0010000000011100111011100100101000001001001111100100010010001001001111110010011101011,133243652,0,0.066667,1.000000
133248720,83,11100000010011110001110101100100000100100110110000001000000100100111111001000111101,133268606,0,0.060000,0.600000
133248721,85,1110100000001110010101110010110111000100100111110010001001000100100100111011001110101,133251030,0,0.024000,0.600000
133248725,86,10100000011011011111110000110100000100100111110010011001000100100101111010010110001111,133251030,0,0.020000,0.500000
133248726,86,10100000011011011111110000110100000100100111110010001001000100100101111010010110001111,133233877,0,0.060000,0.600000
133248727,75,000100011011111100101000001001000001111100100010010001001001111110110001101,133265296,0,0.040000,0.800000
133248732,75,000100011101111100101000001001001001111100100010010000001001111110110001101,133247270,0,0.060000,0.600000
133248733,82,1000001010100001111101101101000001001001111100100010010001001001111010111001110010,133243653,0,0.050000,0.500000
133248734,83,10001001100111110011110010101100010100100111010010001001001100100111011011000111111,133270344,0,0.120000,0.700000
133248735,82,1110000011100111111100100000100001000011111100100010010001001001011110110101101000,133252601,0,0.033333,0.500000
133248736,82,1000000010111110111110011100000100100100111110010001001001100100111011011000101101,133243655,0,0.120000,0.600000
133248742,83,11100000001110011101010010110100000110100111110000001001000100100111111011001110101,133249264,0,0.040000,0.600000
133248748,80,00001001000011011111001010010010010010011111001000100100010010011001011100011100,133265304,0,0.053333,0.800000
133248749,79,1000100011010101110010100101110100100111110010001001001100100110010110001111110,133249264,0,0.060000,0.800000
133248752,85,1100010001001111100110101101001000001001001101100100010010011011001110100110001111111,133259013,0,0.046667,0.700000
133248753,83,11100000001110011101010010110100000100100111110010001001000100100111111011001110111,133240463,0,0.060000,0.600000
133248757,83,11100000001110011101010010110100000100100111110010001001000100100111111011001110111,133243657,0,0.100000,1.000000
133248762,78,001100011010101010010100001100100100111110011001001001100100111101011000111111,133259013,0,0.040000,0.600000
133248763,78,001100011010101010010100001100100100111110011001001001100100111101011000111111,133252608,0,0.040000,0.600000
133248765,81,000000101110010101110010110100000100100111110010001001000100100111111011000110000,133243657,0,0.100000,1.000000
133248766,83,11100000001110011101010010110100000100100111110011001001000100100111111011001110101,133260445,0,0.024000,0.500000
133248768,82,1000000010111110111110010100101100100101111110010001001000100100111011011000111001,133254151,0,0.070000,0.700000
133248769,81,000000011110111111010100100000100100101110010001001000100100111011111000111100110,133251031,0,0.020000,0.500000
133248771,81,100000001111110111010001001000010010011111001000100100110010111101101100011001101,133243661,0,0.050000,1.000000
133248773,76,0000010101010111110000001000100101100111110010001001001100100110000110001011,133243640,0,0.024000,0.600000
133248776,80,10100010001110010101110010110100100100100111110010001001000100100101110110001010,133251031,0,0.024000,0.600000
133248777,86,01110100010001110010101110010110100000100100011110010001001001100000101101011000110101,133243661,0,0.050000,1.000000
133248778,84,011010000000111001010111001011010010010010011111001000100100010010010111101100010100,133251038,0,0.020000,0.500000
133248779,83,11101000100111100001011100101101001101001001111100100010010001001001011110110001010,133249263,0,0.032000,0.800000
133248785,83,11001000100111110111110010100100000100100111110010001001001100100111011011010111111,133225396,0,0.060000,0.600000
133248786,76,0000000011101111010001011000010010011111001000100100110010011101101100011101,133245496,0,0.200000,1.000000
133248788,81,100000101010000111110110010100000100100111110010101001000100000111101011100110001,133247261,0,0.020000,0.400000
133248791,84,111001000100111110111110010100100000100100111110010001001001100100111011011000111111,133240463,0,0.120000,0.700000
133248793,83,11100000001110011101010010110100000100100111110010001001000100100111111011001110101,133259011,0,0.053333,0.800000
133248794,86,01100000011011011111110000110100100100100111110010001001000101100101111010000110001111,133259005,0,0.140000,0.700000
133248798,88,0101110000011011011111110000110100110100110111110010001001000100100101101010000110001110,133254147,0,0.053333,0.800000
133248802,75,000100011010111100101000001001000001111100100010010001001001111110110001101,133251036,0,0.040000,0.600000
133248806,76,0000010101010111110000001000100101100111110010001001001100100110000110001011,133263574,0,0.050000,0.500000
133248807,81,100000101010000111110110010100000100100111110010101001000100100111101011100110001,133262188,0,0.035000,0.700000
133248816,83,00010100000111001010101001011011000010010011111001000100100000010010111000000110101,133266892,0,0.025000,0.700000
133248817,82,0000010000111001000111000011010100010010011111001000100100110011010111010100110101,133268603,0,0.040000,0.600000
133248820,82,0010110000111001010101001011010010010010011111001000100100000010010111010000110101,133260454,0,0.040000,0.600000
133248823,76,0010011101010111001010010110000010011111001000100100110010011111101100011101,133268597,0,0.023333,0.700000
133248824,85,1111110000011100100010100101001000001001001111100100010010001001001110100111001101000,133240462,0,0.060000,0.600000
133248826,81,100000001011111011111011010011000000100111110010001001000100100011111101110110101,133245507,0,0.050000,1.000000
133248827,83,11001001100111110011110010100100010100100111010010001001001100100111011011100111111,133245507,0,0.050000,1.000000
133248828,83,11001001100111110011110010100100010100100111010010001001001100100111011011100111111,133235528,0,0.050000,0.500000
133248829,83,11100000001110011101010010110100000100100111110010001001000100100111111011001110111,133268598,0,0.050000,0.500000
133248830,81,100000001011111011111011010011000000100111110010001001000100100011111101110110101,133245507,0,0.050000,1.000000
133248831,82,1110000011110111101100100000100001001011111100100010010001001001011110110101101000,133235528,0,0.050000,0.600000
133248832,83,11100000001110011101010010110100000100100111110010001001000100100111111011001110111,133245507,0,0.050000,1.000000
133248833,83,11001000100111110111110010100000000100100100110010001001001100100111011011000111111,133245507,0,0.050000,1.000000
133248836,75,000001111011111110101010010001001001111100100010010010001001011111110001001,133251032,0,0.140000,0.700000
133248838,85,0010000010011100111011100100101000001001001111100100010010001001001111110010011101010,133251032,0,0.120000,0.600000
133248839,85,1011001000100111110011100010100100000100100111110010001001001100100111011011000111111,133225394,0,0.060000,0.600000
133248841,85,0010000010011100111011100100101000001001001111100100010010001001001111110010011101011,133245507,0,0.025000,0.500000
133248843,82,0000000000111001010111000001010100010010011011001000100100110011011111010100110100,133251032,0,0.120000,0.600000
133248846,76,0000010101010111110000001000100101100111110010001001001100100110000110001011,133245508,0,0.050000,1.000000
133248847,83,10000000001110000101110000110001000100100111110010001001001100110111110101101101011,133249271,0,0.060000,0.600000
133248848,75,000100011101111100101000001001001001111100100010010000001001111110110001101,133232168,0,0.060000,0.600000
133248849,83,10000000101111101111100111001001001001001101100100010010001001001110110110001011010,133247270,0,0.060000,0.600000
133248850,83,00100100001111101111110101001000101001001111100110010010011001001110111110001111001,133266907,0,0.024000,0.600000
133248851,83,00100100001111101111110101001000101001001111100110010010011001001110111110001111001,133228726,0,0.100000,0.500000
133248852,85,1101000000011100001011100101101010001001001111000100010010001001001011110010001101010,133270351,0,0.050000,0.600000
133248853,78,000100011010101110010100101010100100111110010011001000100100111111011000111111,133240464,0,0.050000,0.500000
133248854,75,000100011010111100101000001001000001111100100010010001001001111110110001101,133245511,0,0.050000,1.000000
133248855,78,000000001111101111100010100000100100111110010001001000100100101110110001101001,133245494,0,0.033333,0.500000
133248856,81,100000001011111011111010010010000000100111110010001001000100100111111101110110101,133245511,0,0.050000,1.000000
133248858,84,110101000001111010101010010110100000100100111110010001001000100100101111110000110101,133240464,0,0.050000,0.500000
133248861,78,001100001100111110011100111010100101111110010001001000100100111010011000111111,133245511,0,0.050000,1.000000
133248862,84,101110000011100101010100101001000001001001111100100010010001001001110101110011010011,133245494,0,0.033333,0.500000
133248863,81,100000001011111011111010010010000000100111110010001001000100100111111101110110101,133257456,0,0.060000,0.600000
133248866,85,0010000010011100111011100100101000001001001111100100010010001001001111110010011101010,133245511,0,0.050000,1.000000
133248867,83,10100000001100000101110010110100000100100111110010001001001100100101110011010110101,133240464,0,0.060000,0.600000
133248869,85,1111010110000111000010101010110100000100100111110010001001000100100101111011000110101,133240464,0,0.050000,0.500000
133248871,84,110010001001111101111100101001000001001001111100100010010011001001110110110001111111,133249269,0,0.035000,0.700000
133248873,84,110010001001111101111100101001000001001001111100100010010011001001110110110001111111,133245512,0,0.033333,1.000000
133248874,85,0100000000111110011111010100110000100100111110010001001001110100111011111000111100110,133251032,0,0.120000,0.600000
133248878,82,1010000001111101111100000001011001001001111100100010010001001001100110110001111110,133252608,0,0.080000,0.600000
133248882,86,10010000010101000010111011011010000010010011111001000100100010010011110101100011000101,133245516,0,0.025000,0.500000
133248884,84,110001101001111100111101101001010001001001101100100010010001001001111110010001111010,133245516,0,0.030000,0.600000
133248885,80,00000000011111011111000010100000100100111110010001001000100100101110110001101001,133232171,0,0.024000,0.600000
133248887,82,0100100001010010101110011110110000100100111110010001001000100100101111110000111101,133265299,0,0.050000,1.000000
133248888,80,00000000011111011111000010100000100100111110010001001000100100101110110011101001,133228730,0,0.032000,0.800000
133248890,79,0000001011111011010010100000000100100111110010001001000100100111011011000111110,133238709,0,0.050000,0.500000
133248895,81,110100000010111011111000010010010000100111110010001001000100100110011011000111110,133249265,0,0.060000,0.600000
133248896,84,111110000011100101010100101001000001001001111100100010010001001001110100111001101000,133228730,0,0.032000,0.800000
133248898,86,00010000000011100111011100100101000001001001111100100010010001001001111110010011101011,133268589,0,0.032000,0.800000
133248899,85,0110010001001111101111100101001000001001001111100100010010011001001110110110001111111,133228730,0,0.028000,0.700000
133248901,82,1000000010100001111101101101000001001001111100100010010001001001111010111001110010,133249265,0,0.070000,0.700000
133248902,81,110100000010111011111000010010010000100111110010001001000100100110011011000111110,133249265,0,0.060000,0.600000
133248903,85,0010000010011100111011100100101000001001001110100100010010001001001111110010011101011,133245518,0,0.100000,1.000000
133248904,85,1111100000111001010101001010010010010010011111001000100110010010011101001110011010001,133228730,0,0.028000,0.700000
133248906,83,10100000001110010101110010110100000100100111110010001001000100100101110011010110101,133228730,0,0.032000,0.800000
133248907,84,111110000011100101010100101001000001001001111100100010010001001001110100111001101000,133260450,0,0.060000,0.600000
133248908,83,00000000000111101111101100001000001011001011100100010010001001001111111011101111010,133262189,0,0.016000,0.400000
133248909,85,0010000010011100111011100100101000001001001110100100010010001001001111110010011101011,133245520,0,0.200000,1.000000
133248911,83,01000001010100001011101101001000000001001110100100010010001001001111000101001100010,133255832,0,0.024000,0.600000
133248912,84,111010000001111101111100001001001001001001111100100010010001001001100110110001110110,133245520,0,0.100000,0.500000
133248915,85,1101000100011100101011100101101000001001001111100100010010000001001010110110001101011,133266902,0,0.020000,0.500000
133248917,84,110110000011100101010100101001000001001001111101100010010001001001110100111001101000,133255832,0,0.028000,0.700000
133248919,82,1000000010101110111100010101100100100100111110010001001000101100111010011000111101,133268602,0,0.050000,0.500000
133248922,76,0001000110111101001010000010010000011111001000100100010010011111101100011011,133245499,0,0.030000,0.600000
133248923,84,000000000011111001111101010011000010011011111001000100100110010011101111010011110011,133245521,0,0.100000,1.000000
133248924,82,0000000111101111110101001000001001001111100100010010001001001010111110001111001101,133245521,0,0.100000,1.000000
133248927,82,1101001100011100101011100101101001001011001111100100010010001001001011110110001010,133245521,0,0.100000,1.000000
133248929,79,0000000110101011100101001011001001001111100100010010011001001111110110001111111,133247252,0,0.050000,1.000000
133248930,82,1110000011100111101100100010100001001001111100100010110001001001011110111101101000,133268594,0,0.025000,0.500000
133248932,84,100010000011101110011101010000000010010011111001000100100010010011101110010011110010,133247252,0,0.050000,1.000000
133248933,84,111001000100111110111110010100100000100100111110010001001001100100111011011000111111,133247257,0,0.070000,0.700000
133248937,83,01000010010111110111110010100100100100100111110110001001001100100111011011000111101,133260454,0,0.040000,0.600000
133248938,81,100010100111101111110001000111000010010011111001000100100010010010111101100011111,133247266,0,0.030000,0.600000
133248940,83,10000000000111110011111010000110000100100111110010001001001100100111011110001111001,133260454,0,0.040000,0.600000
133248941,85,1001000001010110001011101101101000001001001111100100010010001001000111010111001100011,133260454,0,0.046667,0.700000
133248945,82,1101000100011100101011100101001001011001000111100100010010001001001011110110001010,133266903,0,0.030000,0.600000
133248946,81,110000000101001110111001010101000100100111110010001001000100100011111001001100101,133251030,0,0.020000,0.500000
133248947,86,00110010001001111100111100101001000001001001111100100010010011001001110110110001111110,133262187,0,0.070000,0.700000
133248949,75,000001111011111110101010010001001001111100100010010010001001011111110001001,133268609,0,0.060000,0.600000
133248952,86,11100000011011011110110000110100000100100111110010001001000100100101111010000110001111,133266903,0,0.025000,0.500000
133248954,78,000100111010101110010100101100100100111110011001001001100100111111011000111111,133225409,0,0.035000,0.700000
133248956,84,101110000011100101000100101001000001001001111100100010010001001001010101110011010011,133223829,0,0.025000,0.500000
133248957,76,0000010101010111110000001000100101100111110010001001001100100110010110001011,133270345,0,0.050000,0.600000
133248969,82,0010110000111001010101001011010010010010011111001000100100000010010111010000110101,133247255,0,0.040000,1.000000
133248972,85,1111100000111001010101001010010010010010011111001000100100010010011101001110011010001,133247255,0,0.040000,1.000000
133248974,84,110101010001110110101110010110100000100100101110010001001001100100111111000000100101,133247255,0,0.040000,1.000000
133248975,81,100000101010000111110110010100000100100111110010001001000100101011101011100110001,133238705,0,0.024000,0.600000
133248977,84,110101010001110110101110010110100000100100111110010001001001100100101111000000100101,133247255,0,0.040000,1.000000
133248979,82,1000000010111110111110010100101100100100111110010001001000100100111011011000111001,133268604,0,0.050000,1.000000
133248980,84,100010000011101110011101010000000010010011111001000100100010010011101110010011110010,133260441,0,0.040000,0.800000
133248983,85,1111100000111001010101001010010010010010011111001000100100010010011101001110011010001,133260441,0,0.040000,0.800000
133248984,80,00001001000011011111001010010010010010011111001000100100010010011001011100011100,133247255,0,0.040000,1.000000
133248987,84,110000001101101111111000011010000010010111110010001001000100100101111010000110001111,133247256,0,0.066667,1.000000
133248988,84,111001000100111110011110010100000000100100111110010001001001100100101011011000111111,133257454,0,0.024000,0.600000
133248990,83,11100000001110011101010010110100000100100111110010001001000100100111111011001110101,133247256,0,0.066667,1.000000
133248991,84,111001000100111110011110010100000000100100111110010001001001100100101011011000111111,133257463,0,0.070000,0.700000
133248993,83,10100000001110010101110010110100000100100111110010001001000100101101110011010110101,133255828,0,0.040000,0.600000
133248994,82,1000000001010111101010010110100010100100111110010001001000100100101111001000110101,133257459,0,0.024000,1.000000
133248996,76,0010001101110111001100010110100100111110010001001001100100111111011000111111,133245514,0,0.040000,0.600000
133248997,84,111001000100111110011110010100000000100100111110010001001001100100101011011000111111,133245514,0,0.040000,0.600000
133248998,84,110101010001110110101110010110100000100100111110010001001001110100101111000000100101,133265300,0,0.040000,0.600000
133249000,83,11100000001110011101010010110100000100100111110010001001000100100111111011001110101,133265300,0,0.040000,0.600000
133249001,85,1011001000100111110011100010100100000100100111110010001001001100100111011011000111111,133255842,0,0.120000,0.600000
133249003,84,011001000100111110111110010100100000100100111110010001001001100100111011011000111111,133265300,0,0.046667,0.700000
133249005,83,10000000101111101111100111001001001001001101100100010010001001001110110110001011010,133260454,0,0.040000,0.600000
133249006,75,000001111011111110101010010001001001111100100010010011001001011111110001001,133255842,0,0.120000,0.600000
133249007,83,10100000001100010101110010110100000100100111110010001001001100100101110011010110101,133260450,0,0.100000,0.700000
133249008,77,00000000111110111110001010000010010011111101000100110010010010111011000110100,133247257,0,0.100000,1.000000
133249010,86,11100000011011011110110000110100000100100111110010001001000100100101111010000110001111,133260450,0,0.100000,0.600000
133249011,83,01000000010111110111110110100100000100100111110010001001000100100111111101110110101,133266892,0,0.025000,0.800000
133249012,84,011010001000111001010111001011010010010010011111001000100100010010010111101100010100,133266892,0,0.025000,0.800000
133249013,82,1000000110111110111110010100101100100100101110010001001000100100111011011000111001,133265300,0,0.040000,0.600000
133249016,82,1010000001111101111100001001001001001001111100100010010001001001100110110001111110,133247258,0,0.100000,1.000000
133249017,82,1000000010111110111110011100100100100100111110010001001100100100111011011000111101,133247258,0,0.100000,1.000000
133249019,84,011001010100111110011110010100100000100100111110010001001001100101101011011000111111,133247258,0,0.100000,1.000000
133249020,84,110000000111001110101001011010000010010011111001000100000010010011111100100101000111,133243645,0,0.050000,0.500000
133249023,86,01110100010001110010101110010110100000100100111110010001001000100100101111001000110101,133230488,0,0.160000,0.800000
133249035,85,1111001000100111110111110110100100000100100111110010001001001100100111011011000111111,133255834,0,0.060000,0.600000
133249036,84,111010001000111010101110110110100000100100111110010001001000100100101011011000110101,133265301,0,0.100000,1.000000
133249045,83,11100000001110011101010010110100000100100111110010001001000100100111111011001110101,133254150,0,0.080000,0.800000
133249046,82,1001001000100001011111101101000001001001111100100010010001011001101010111001100011,133245496,0,0.140000,0.700000
133249047,82,1010000001111101111100001001001001101001111100100010010001001001100110110001111110,133251029,0,0.053333,0.800000
133249053,73,0010001110011110010100000100100100111110010011001000000100101111011000110,133254150,0,0.060000,0.600000
133249057,76,0000001001010111110000100000100100100111110010001001000100100110000110001011,133245496,0,0.160000,0.800000
133249060,81,100000101011000001110110100100000100100111110010001001000000100111101011000100001,133247261,0,0.025000,0.500000
133249062,84,110101010001111010101110010100100000100100111110010001001000100100011101001100110101,133247261,0,0.050000,1.000000
133249063,83,00100000001111101111110101001000101001001111100110010010011001001110111110001111001,133254150,0,0.070000,0.700000
133249066,79,0000001011111011010010100000000100100111110010001001000100100111011011000111110,133266891,0,0.050000,0.500000
133249067,84,111000011111011110110010000110100100100111110010011001000100100101111011010110110000,133265299,0,0.025000,0.800000
133249068,85,0110000001101101111111000011010010000010011111001000100100010010010111101000011000111,133243658,0,0.080000,0.800000
133249070,76,0010011101010111001010010110000010011111001000100100110010011111101100111101,133268605,0,0.060000,0.600000
133249072,84,110101000001111010101010010110100000100100111110010001001000100100101111110000010101,133232171,0,0.024000,0.600000
133249073,84,000000000011111001111101010011000010010011111001000100100110010011101111100011110011,133247262,0,0.050000,1.000000
133249074,85,1101000100011100101011100101101000001001001111100100010010000001001010110110001101011,133230485,0,0.070000,0.700000
133249076,83,10100000001110000101010010110100000100100111110010001001000101100101110001010110101,133243658,0,0.080000,0.800000
133249083,85,1100100010011111011111001010010000010010011111001000100100110010011101101100011111111,133241967,0,0.030000,0.600000
133249085,83,11100000001110011101010010110100000100100111110010001001000100100111111011001110101,133266894,0,0.030000,0.600000
133249089,76,0000010101010111110000001000100101100111110010001001001110100110000110001011,133232163,0,0.030000,0.600000
133249090,82,1100001010100001111101100101000001001001111100100010010001001101111010011001100011,133265305,0,0.033333,0.500000
133249096,83,10100000001110010101110010110100000100100111110010001001000100100101110011010110101,133268606,0,0.080000,0.800000
133249097,84,110101010001110110101110010110100000100100111110010001001001100100101111000000100101,133268606,0,0.070000,0.700000
133249100,83,10000000101011101111100101011001001001001111100100010010001001001110110100001111110,133245513,0,0.030000,0.600000
133249103,82,0100100001010010101100011110100001100100111110010001001000100100101111110000111101,133247264,0,0.100000,1.000000
133249105,82,1110000011100111101100100010100001001001111100100010110001001001011110111101101000,133228722,0,0.032000,0.800000
133249106,83,10100000001110010101110010110100000100100111110010001001000100100101110011010110101,133245516,0,0.050000,0.500000
133249108,76,0010001101110111001100010110100100111110010001001001100100111111011000111111,133247264,0,0.100000,1.000000
133249109,82,1110000011110111101100100000100001001011111100100010010001001001011110110101101000,133266896,0,0.053333,0.800000
133249110,75,000100011010111100101000001001000001111100100010010001001001111111110000101,133245508,0,0.030000,0.600000
133249112,83,11100000101110011101010010110100000100100111110010001001000100100111111011001110101,133270347,0,0.060000,0.600000
133249113,83,10100000001110010101110010110100000100100111110010101001000100100101110011010110101,133255837,0,0.050000,0.500000
133249114,82,1110000011110111101100100000100001001011111100100010010001001001011110110101101000,133252612,0,0.140000,0.700000
133249116,82,1000000010111110111110010100101100100101111110010001001000100100111011011000111001,133245508,0,0.025000,0.500000
133249117,77,00000010111011110100010110000100100111110010001001001100100111011011000111011,133252606,0,0.060000,0.600000
133249120,86,11100000010011011111110000110100100100100111100010001001100100100101111010000110001111,133247265,0,0.033333,0.500000
133249125,83,10000000000111110011111010000110000100100111110010001001001100100111011110001111001,133255837,0,0.060000,0.600000
133249126,75,000101011110111100101000001001001001111100100010010001001001111110100001101,133245495,0,0.022857,0.800000
133249127,84,100001010100001011101100101000001001001111100100010010001001001111010111001000011111,133268594,0,0.030000,0.600000
133249129,84,111101000001100010101010010110100000100100111110010001001000100100101011011000110101,133245495,0,0.022857,0.800000
133249133,83,10000000101011101111100101011001001001001111100100010010001001001110110100001111110,133247266,0,0.030000,0.600000
133249134,80,00001001000011011111001010010010010010011111001000100100010010011001011100011100,133262186,0,0.053333,0.800000
133249135,82,1000000001110011101010010110100010100100111110010001001000000100111111001001110101,133268594,0,0.030000,0.600000
133249136,84,111100000001110011101010010110100000100100111110010001001000100100111101011001110101,133247266,0,0.030000,0.600000
133249137,83,10111000001110010101010010100100000100100111110010001001000100100101010111001101001,133254148,0,0.160000,0.800000
133249139,77,00000000111110111110001010000010010011111001000100000010010010111011000110000,133247266,0,0.050000,1.000000
133249142,84,100010000011101110011101010000000010010011111001000100100010010011101110010011110010,133238693,0,0.032000,0.800000
133249159,84,111001000100111110011110010100100000110100111110010001001001100100111011010101111111,133262196,0,0.100000,0.500000
133249164,85,0001100000001110011001110010110100010100100111110010001001100100110111111001001110101,133263565,0,0.060000,0.600000
133249166,84,111001000100111110011110010100100000110100111110010001001001100100111011010001111111,133238707,0,0.046667,0.700000
133249168,85,0100000001011111011111011010010000010010011111001000100100010010011111110111011010111,133240468,0,0.066667,1.000000
133249170,82,0100100001010010101110011110100000100100111110010001001000100100101111110000111101,133228736,0,0.120000,0.600000
133249171,84,011101000100011100101011100101101000010010011111001000100100010010010111001100011010,133247259,0,0.060000,0.600000
133249175,80,00000000011111111111000010100000100100111110010001001000100100101110110011101001,133255837,0,0.060000,0.600000
133249177,84,111010001000111010101110010110100000110100111110010001001000100100101011011000110101,133238696,0,0.025000,0.500000
133249180,82,1010000010111100111110010100101100100100111110010001001000100100111011011000111001,133240476,0,0.100000,0.600000
133249181,83,00000000000111101111101100001000001011001011100100010010001001001111111011101111010,133240460,0,0.070000,0.700000
133249182,82,0111000001111011110110000000010000100100111100010001001000100100111111111010101000,133243653,0,0.050000,0.500000
133249183,86,01100110010001111001011001010010000010010011111001100100100110010011100101100011111110,133240476,0,0.060000,0.600000
133249184,83,11100000001110011101010010110100000100100111111010001001000100100111111011001110101,133259006,0,0.050000,0.500000
133249185,82,0111000001111011110110000000010000100100111100010001001000100100111111111010101000,133251030,0,0.020000,0.500000
133249188,83,11100000001110011101010010110100000100100111111010001001000100100111111011001110101,133247270,0,0.100000,1.000000
133249189,82,1101000100101100101011100101101001001001001111100100010010001001001011110110001010,133262194,0,0.060000,0.600000
133249191,82,1110000011100111101100100000100001001001111100100010010001001001011110111101101000,133262194,0,0.060000,0.600000
133249192,82,0100000101010001111110110010100001100100111110010001001000010100111101011100110001,133252600,0,0.060000,0.600000
133249193,82,1000000010101110111100010101100100100100111110010001001000100100111011011000111101,133262194,0,0.060000,0.600000
133249194,83,10001001100111110011110010100100010100100111010010001001001100100111011011000111111,133252600,0,0.060000,0.600000
133249195,87,011100000011011011111110000110100000100100111110010001001000100100101110010000110001111,133252600,0,0.060000,0.600000
133249196,88,0010101000100011100111011100101101000001001001111100100010010001001001011110110001101010,133247271,0,0.016667,0.500000
133249197,83,10000000101011101111100101011001001001001111100100010010001001001110110100001111110,133247271,0,0.016667,0.500000
133249198,83,10001001100111110011110010100100010100100111010010001001001100100111011011000111111,133247271,0,0.020000,0.600000
133249199,81,000000000111001010101000001010100100100111110010001001001100110111110101001101001,133252600,0,0.060000,0.600000
133249202,84,111001000100111110111110010100100000100100111110010001001001100100111011011000111111,133259016,0,0.080000,0.800000
133249203,82,1001001000100001011111101101000001001001111100100010010001011001101010111001100011,133257457,0,0.025000,0.500000
133249205,82,1001001000100001011111101101000001001001111100100010010001011001101010111001100011,133241967,0,0.025000,0.500000
133249208,85,0111110000011100101010100101001000001001001111100110010010001001001110100111001101000,133257457,0,0.030000,0.600000
133249209,84,001000001010100101011101101101000001001001110100100010010011001001111010110001100010,133262178,0,0.140000,0.700000
133249213,82,0100000000111110011111010100110000100100111110010001001001100100111011111000111101,133257457,0,0.030000,0.600000
133249217,82,0100000000111110011111010100110000100100111110010001001001100100111011111000111101,133232163,0,0.030000,0.600000
133249218,84,111001000100111110111110010100100000100100111110010001001001100100111011011000111111,133232163,0,0.030000,0.600000
133249219,81,000000101110010101110010110100000100100111110010001001000100100111111011000110000,133252596,0,0.060000,0.600000
133249220,81,110000000101001110111001010101000100100111110010001001000100100011111001001100101,133238702,0,0.050000,0.500000
133249221,81,110000000101001110111001010101000100100111110010001001000100100011111001001100101,133247273,0,0.053333,0.800000
133249222,81,110000000101001110111001010101000100100111110010001001000100100011111001001100101,133252596,0,0.060000,0.600000
133249223,81,110000000101001110111001010101000100100111110010001001000100100011111001001100101,133262191,0,0.100000,0.500000
133249224,85,1011001000100111110011100010100100000100100111110010001001001110100111011011000111111,133265292,0,0.060000,0.600000
133249225,77,11000000011101111010001011000010010011111001000100100110010011101101100011101,133240472,0,0.046667,0.700000
133249226,77,11000000011101111010001011000010010011111001000100100110010011101101100011101,133252596,0,0.060000,0.600000
133249227,81,110000000101001110111001010101000100100111110010001001000100100011111001001100101,133232167,0,0.080000,0.800000
133249228,81,000000101110010101110010110100000100100111110010001001000100100111111011000110000,133252596,0,0.060000,0.600000
133249230,81,110000000101001110111001010101000100100111110010001001000100100011111001001100101,133252596,0,0.060000,0.600000
133249231,81,000000101110010101110010110100000100100111110010001001000100100111111011000110000,133265304,0,0.060000,0.800000
133249233,77,11000000011101111010001011000010010011111001000100100110010011101101100011101,133240472,0,0.046667,0.700000
133249234,81,110000000101001110111001010101000100100111110010001001000100100011111001001100101,133265292,0,0.080000,0.800000
133249235,85,1011001000100111110011100010100100000100100111110010001001001100100111011011000111111,133238702,0,0.060000,0.600000
133249236,81,110000000101001110111001010101000100100111110010001001000100100011111001001100101,133232167,0,0.080000,0.800000
133249240,76,0000000011101111010001011000010000011111001000100100110010011101101100011101,133243650,0,0.040000,0.600000
133249242,84,010000000101111101111101101001000001001001111101100010010011001001111111011101101011,133270349,0,0.040000,0.600000
133249243,81,001001001111011111100010101110000100100111110010001001000100100101111011000101110,133245494,0,0.033333,0.500000
133249244,76,0000000011101111010001011000010000011111001000100100110010011101101100011101,133223829,0,0.025000,0.500000
133249245,86,01100110010001111001011001010010000010010011111001100100100110010011100101100011111110,133249259,0,0.040000,0.600000
133249246,83,00000110011110111111110100000000100100110110010001001000100100111011111000111100110,133247254,0,0.035000,0.700000
133249248,83,10100000001110010101110010110100000100100111110010001001000100100101110011000110101,133230488,0,0.160000,0.800000
133249254,87,011101000100011100101011100101101000001001001111100100010010011000001011010110001101010,133260455,0,0.040000,0.600000
133249255,82,0000000001111100111101010011000010010011111001000100100110010011101111100011110011,133254152,0,0.028000,0.700000
133249257,83,10100010001110010101110010110100000100100111110010001001000100100101110011010100101,133247254,0,0.040000,0.800000
133249284,86,01100110010001111001011001010010000010010011111001100100100110010011100101100011111110,133254147,0,0.040000,0.600000
133249288,82,1101100010011111011111001010000000010010011110010001001001100100111011011000111111,133259005,0,0.020000,0.400000
133249290,86,01000001000111110101100010100100100100100111110010001001001000101111010011000111101011,133235531,0,0.030000,0.600000
133249304,84,010011100001110010101010000110100000100100111110010001001000100100101111010010101010,133262196,0,0.100000,0.500000
133249305,77,00000000111110111110001010000010010011111001000100100010010010111011000111100,133222210,0,0.060000,0.600000
133249309,82,1010000001111101111100001011001001001001101100100010010001001001100110110001111110,133241965,0,0.033333,0.500000
133249337,83,11100000001110011101010010110100000100100111111010001001000100100111111011001110101,133238700,0,0.040000,0.600000
133249347,85,1110100000001110010101110010110111000100100111110010001001000100100100111011001110101,133225402,0,0.040000,0.600000
133249348,81,001000000111110111110000100100100100101111110010001001000100100110011011000111111,133260439,0,0.033333,0.500000
133249357,85,1111010001000111010101110010110100000100100111110010001001000100100101111011000110101,133245511,0,0.025000,0.500000
133249362,78,000100111010101110010100101100100100111110011001001001100100111111011000111111,133247261,0,0.030000,0.600000
133249364,82,1110100010000110010101110010110100001001001111001000100100010010010111001100011010,133247261,0,0.020000,0.400000
133249365,78,001001001111101111100001010000010010011111001000100100010010000110011000110100,133254150,0,0.080000,0.800000
133249366,84,011001000100111110011110010100100000100100111110010001001001100100111011011000111111,133228736,0,0.120000,0.600000
133249381,80,00000000011100101010100000101010010010011111001000100000110011011111010100110100,133241974,0,0.025000,0.500000
133249386,84,111010100000111001010101010110100000100100111110010001001000100100101111011000110101,133251034,0,0.040000,0.600000
133249392,80,01111001110011111000010001110000100100111110011001001000101100101111011000101111,133265301,0,0.070000,0.700000
133249397,82,1000000010111010111110011100000100101100111111010001001001100100111011011000101101,133262191,0,0.060000,0.500000
133249402,84,101110000011100101110100101111000001001001111100100010010001001001110101110011010011,133252598,0,0.160000,1.000000
133249406,82,1000001010100001101101100101000001001001011100100010010001001001111010111001100011,133245496,0,0.140000,0.700000
133249414,75,000101011110111100101000001001001001111100100010010001001001111110100001101,133259015,0,0.140000,0.700000
133249416,85,1111010001000111010101110010110100000100100111110010001001000100100101111011000110101,133252611,0,0.046667,0.700000
133249420,86,10100000011011011111110000110000000100100111110010001001000100100101011010010110001111,133255836,0,0.060000,0.600000
133249429,82,1101000100011100101011100101001001001001001111100100010010001001001011110110001010,133265292,0,0.080000,0.800000
133249432,87,011101000100011100101011100101101000001001001111100100010010001001001011010110001101011,133243657,0,0.080000,0.800000
133249433,82,0100000101010001111110110010100001100100111110010001001000010100111101011100110001,133245514,0,0.033333,0.500000
133249440,77,00000010101010111110000001000100101100111110010001001001100100110000110000011,133260451,0,0.060000,0.600000
133249441,78,001100001100111110011100111010100101111110010001001000100100111010011000111111,133263567,0,0.060000,0.600000
133249444,83,11100000001110011101010010110100000100100111110010001001000100100111111011001110101,133243661,0,0.025000,0.500000
133249464,84,111001000100111110111110010100100000100100111110010001001001100100111011011000111111,133232166,0,0.040000,0.700000
133249466,75,000101010110111100101000001001001001111100100010010001001001111110100001101,133260447,0,0.120000,0.600000
133249470,83,10000000101011101111101101011001001001001111100100010010001001001110110100001111110,133260444,0,0.100000,0.500000
133249474,86,11100000011011011111110000110100000100100111110010001001000100100101111010010110001111,133260438,0,0.050000,0.500000
133249476,83,10100000001110010101110010110100000100100111110010001001000100100101110011010110101,133268602,0,0.060000,0.600000
133249482,83,10000000101111101111100111001001001001001101100100010010001001001110110110001011010,133260452,0,0.060000,0.600000
133249484,83,10000000001110000101110000110001000100100111110010001001001100110111110101001101011,133260452,0,0.060000,0.600000
133249488,83,01000000010101110111100010101100100100100111110010011001000100100111011011000111101,133240463,0,0.100000,0.600000
133249491,74,00000011101111010101011000010010011101001000100100110010011101101100011101,133232163,0,0.025000,0.500000
133249493,83,11100000001110011101010010110100000100100111110010001001000100100111111011001110101,133247256,0,0.053333,0.800000
133249524,74,00000011101111010101011000010010011101001000100100110010011101101100011101,133232168,0,0.050000,0.500000
133249525,73,0010001110011110010100000100100100111110010001001000000100111111011000110,133249271,0,0.070000,0.700000
133249528,76,0000010101010111110000001000100101100111110010001001001100100110000110001011,133249271,0,0.050000,0.500000
133249529,76,0000010101010111110000001000100101100111110010001001001100100110010110001011,133245495,0,0.017143,0.600000
133249530,81,110100000011101011111000010010010000100111110110001001000100100100011011000111110,133262195,0,0.035000,0.700000
133249531,84,011001010100111110011110010100100000100100111110010001001001100101101011011000111111,133243661,0,0.030000,0.600000
133249535,82,0010110000111001010101001011010010010010011111001000100100000010010111010000110101,133243645,0,0.060000,0.600000
133249536,72,001011111111110000101101000100100111100100010010001001001010100100011001,133243644,0,0.040000,0.400000
133249537,80,01111001110011101000010001110000100100111110011001001000100100101111011000101111,133243644,0,0.060000,0.600000
133249538,84,011000000011110111111100000101001001001001111100100010010001001001011110100001100011,133237113,0,0.080000,0.800000
133249541,77,00000010111011110100010110000100100111110010001001001100100111011011000111011,133260445,0,0.040000,0.600000
133249542,82,1000001010100101011101101101000001001001111100100010010111001001111010110001100010,133260454,0,0.040000,0.600000
133249544,84,111000000101111001111100111001001001001001111100100010010101001001100110110010011010,133222210,0,0.080000,0.800000
133249545,77,00000101111111111100001011010001001001111100100010010001001001010100100011001,133237113,0,0.080000,0.800000
133249546,83,10000000001110000101110000110101000100100111110010001001001100110111110101001101011,133222210,0,0.100000,1.000000
133249547,82,1000000010111110111110010100101100100100111110010001001000100100111011011000111001,133238705,0,0.040000,0.600000
133249548,85,0111110000011100101010100101001000001001001111100110010010001001001110100111001101000,133255839,0,0.060000,0.600000
133249549,81,000000101110010001110010110100000100100111110010001001000100100111111011000110000,133237113,0,0.080000,0.800000
133249550,75,000001111011111110101010010001001001111100100010010010001001011111110001001,133245503,0,0.060000,0.700000
133249552,82,1110000011100111111100100000100001001001111100100010010001001001011110110101101000,133255830,0,0.060000,0.600000
133249553,84,110010001001111101111100101001000001001001111100100010010011001001110110110001111111,133222210,0,0.100000,1.000000
133249554,83,10100000001110000101110010110100000100100111110010001000000100100101110111010110111,133233888,0,0.140000,0.700000
133249555,83,11100000001110011101010010110100000100100111110010001001000100100111111011001110101,133225411,0,0.160000,0.800000
133249556,84,110001001100111110011110010100100010100100111010010001001001100100111011011000111111,133262196,0,0.100000,0.500000
133249557,84,110001101001111100111101101001010001001001101100100010110001001001111111010001111010,133257459,0,0.030000,0.600000
133249559,76,0000001011101111110101011000010010011111101000100100110000011101111100011101,133237113,0,0.060000,0.600000
133249560,84,011000000001111011101000110110100010101100111110010001001000100101111111001001110101,133245508,0,0.025000,0.500000
133249561,84,111001000100111110011110010100100000010100111110010001001001100100111011010001111111,133252606,0,0.050000,0.500000
133249563,84,011001000100111110011110010100100000100100111110010001001001100100111011011000111111,133252597,0,0.040000,0.600000
133249564,77,00000000111110111110001010000010010011111001000100100010010010111011000111100,133265301,0,0.100000,1.000000
133249570,78,000100011010101110010100101110100100111110010011001000100100111111011000111111,133263556,0,0.033333,0.500000
133249576,82,1000000001110111101010010110100010100100111110010001001000100100111111001000110101,133243654,0,0.025000,0.500000
133249577,82,1100001010100001111101100101000001001001111100100010010001001101111010011001100011,133266898,0,0.050000,0.500000
133249578,81,100000101010000111110110010100000100100111110010001001000100100111101011100110101,133270352,0,0.120000,0.600000
133249580,84,111010001000111001010111001011010000010010011111001000100100010010001101011000110101,133262190,0,0.035000,0.700000
133249581,84,011001000100111110011110010100100000100100111110010001001001100100111011011000011111,133245508,0,0.030000,0.600000
133249587,82,1101001100011100101011100101101001001011001111100100010010001001001011110110001010,133240461,0,0.025000,0.500000
133249588,76,0000010101010111110000001000100101100111110010001001001100100110000100001011,133270351,0,0.025000,0.500000
133249596,81,100000001011111011110110100100000100100111110010001001000100100111111101110110101,133245494,0,0.033333,0.500000
133249598,85,0000000000010100101011111111100110001001001111100100010010001001001111010110001011011,133245494,0,0.033333,0.500000
133249600,83,00010100000111001010101001011011000010010011111001001100100000010010111000000110101,133265304,0,0.040000,0.600000
133249601,81,100000101010000111110110010100000100100111110010001001000100100111101011100110001,133243652,0,0.066667,1.000000
133249605,86,10100000011011011111110000110100000100100111110010001001000100100101111010010110001111,133260440,0,0.035000,0.700000
133249606,82,1101001100011100101001100101101001001011001111100100010010001001001011110110001010,133230500,0,0.033333,0.500000
133249607,85,0010000010011100111011100100101000001001001111100100010010001001001111110010011101011,133263561,0,0.020000,0.500000
133249608,80,01000010101000011111011001010000010010011111001000100100001011011110101110011000,133263575,0,0.024000,0.600000
133249609,82,1000000110111110111110010100101100100101111110010001001000100100111011011000111001,133223823,0,0.066667,1.000000
133249610,85,1001000001010110001011101101101000001001001111100100010010001001000111010111001100011,133223823,0,0.066667,1.000000
133249623,81,100000101010000111110110010100000100100111110010001001000100100111101011100110001,133223829,0,0.050000,1.000000
133249625,83,11100000001110011101010010110100000100100111110010001001000100100111111011001110101,133223829,0,0.050000,1.000000
133249626,83,11001000100111110111110010100100000100100110110010001001001100100111011011000101111,133223829,0,0.050000,1.000000
133249639,83,11010000001111101111100001001001001001001111100100010010001001001100110110001110110,133225398,0,0.070000,0.700000
133249643,86,11010100010001110101011100101101000001001001111100100010010001001001010110100001001011,133225398,0,0.080000,0.800000
133249644,80,01111001110011111000010001110000100100111110011001001000100100101111011000101111,133225398,0,0.100000,1.000000
133249646,88,0101110000011011011111110000110100100100110111110010001001000100100101101010000110001110,133225398,0,0.100000,1.000000
133249648,86,11010100010001110101011100101101000001001001111100100000010001001001010110100001101011,133233877,0,0.050000,0.500000
133249658,82,1110000011100111111100100000100001001001111100100010010001001001011110110101101000,133232171,0,0.024000,0.600000
133249660,81,100000101011000001110110100100000100100111110010001001000000100111101011000100001,133247262,0,0.035000,0.700000
133249661,86,11100000011011011110110000110100000100100111110010001001000100100101111010000110001111,133263572,0,0.120000,0.600000
133249663,80,11100000111001111110010000010000100100111110010001001000101100101110011010110100,133251037,0,0.053333,0.800000
133249667,82,1000000010101110111100010101100100100100111110010001001000101100111010011000111101,133251037,0,0.053333,0.800000
133249680,87,010101000100011100101011100101101000001001001111100100010010001001001011110110001101010,133225402,0,0.040000,0.600000
133249681,85,1110100111110111101100100001101001001001111100100010010001001001011110110101101100000,133259009,0,0.040000,1.000000
133249683,84,111001000100111110011110010100100000100100111110010001001001100100011011111100111111,133241974,0,0.030000,0.600000
133249689,83,00010100000111001010101001011011000010010011111001001100100000010010111000000110101,133265289,0,0.030000,0.600000
133249690,81,010000000011110111010101101101000101001001111100100010010010010011111100100111010,133247264,0,0.060000,0.600000
133249692,83,11100000001110011101010010110000000100100111111010001001000100100111111011001110101,133247264,0,0.070000,0.700000
133249701,82,1101000100011100101011100101001001011001001111100100010010001001001011110110001010,133225409,0,0.025000,0.500000
133249708,84,111010001000111010101110110110100000100000111110010001001000100100101011011000110101,133245514,0,0.040000,0.600000
133249709,83,11101010000111100101010101011010000010010011011001000100100010010010111111100011010,133252601,0,0.033333,0.500000
133249710,87,001110100010001110010101110010010100000100100111110010001001000100100101111011000110101,133235537,0,0.080000,0.800000
133249712,85,0011000000001111001101000110110100010000100111110010001001000100100111111001001110101,133260449,0,0.120000,0.600000
133249714,82,1101000100011100101011100101001001001001001111100100010010001001001011110110001010,133257451,0,0.024000,0.600000
133249715,83,10000010001110000101110000110101000100100111110010001001001100110111110101001101011,133240460,0,0.080000,0.800000
133249716,84,010000000011101001111101010011000010010011111001000100100110010011101111100011110011,133240460,0,0.080000,0.800000
133249717,85,0011000000001111001101000110110100010000100111110010001001000100100111111001001110101,133260451,0,0.060000,0.600000
133249728,76,0010001001110111001100010010100100111110010001000001100100111111011000101111,133243652,0,0.040000,0.600000
133249733,83,10000000000111110011111010000110000100100111110010001001001100100111011110001111001,133254149,0,0.040000,0.600000
133249734,86,01110100010001110010101110010110100000100100111110010001001001100000101101011000110101,133223823,0,0.040000,0.600000
133249735,83,10100000001110010101110010110100000100100111110010001001000100100101110011000110101,133254149,0,0.040000,0.600000
133249739,84,111000001101111001111100111001001001001001111100100010010001001001100110110010011010,133245520,0,0.100000,0.500000
133249740,83,11001000100111110111110010100100000100100110110010001001001100100111011011000101111,133254152,0,0.024000,0.600000
133249742,86,10010000000011100111011100100101010001001001111100100010010001001001111110010011101011,133265288,0,0.100000,0.500000
133249745,83,10110000001110010101010010000100000100110111110010001001000100100111010111001101001,133254152,0,0.024000,0.600000
133249746,81,110100000010111011111000010010010000100111110010001001000100100110011011000111110,133233877,0,0.060000,0.600000
133249750,84,111110000011100101011100101001000001001001111100100010010001001001110100111001101000,133257464,0,0.033333,1.000000
133249751,80,10000000011111011111010010100000100100111110010001001000100100101110110101101001,133251033,0,0.080000,0.800000
133249752,82,1010000001111101111100011001001001001001111100100010010001001001100110110001111110,133263574,0,0.050000,0.500000
133249754,83,11100000001110011101010010110100000100100111110010001001000100100111111011001110101,133257464,0,0.033333,1.000000
133249756,87,011001000100111110010110010100100000100110111110010001011001100100110011011000111111101,133249264,0,0.040000,0.600000
133249758,84,110001000100111110111110010100100000100100111110010001001001100100111011011000111111,133238696,0,0.030000,0.600000
133249759,81,000000011110111011010100100000100100111110010001001000100100111011111000111100111,133257464,0,0.033333,1.000000
133249764,84,111001000100111110111110010100100001100100111110010001001001100100111011011000111111,133263562,0,0.060000,0.600000
133249766,80,00000000011100101010100000101010010010011111001000100100110011011111010100110100,133225396,0,0.050000,0.500000
133249767,81,100000101010000111110110010100000100100011110010001001000100100111101011100110001,133254153,0,0.053333,0.800000
133249768,84,111001000100111110111110010100100000100100111110010001001001100100111011011000111111,133254153,0,0.040000,0.600000
133249771,84,010000000101111101111101101001000001001001111101100010010011001001111111011101101011,133235541,0,0.060000,0.600000
133249772,85,1011001000100111110011100010100100000100100111110010001001001100100111011011000111111,133245493,0,0.140000,0.700000
133249773,84,010001100001110010101010000110100000100100111110010001001000100100101111110010101011,133266894,0,0.030000,0.600000
133249776,82,1000000010101110111100010101100100100100111110010011001000100110111011011000111101,133270354,0,0.033333,0.500000
133249782,88,0001100000010011011111110000110100100100100011110010001001000101100101111010000110001111,133228726,0,0.200000,1.000000
133249783,82,1000000001110111101010010110100010100100111110010001001000100100111111001000110101,133228726,0,0.200000,1.000000
133249785,84,110101000001111010101010010110100000100100111110010001001000100100101111110000110101,133228726,0,0.200000,1.000000
133249786,85,1101000000011100001011100101101010001001001111000100010010001001001011110110101101010,133255825,0,0.050000,0.500000
133249790,83,01000001010100101011101101101000001001001110100100010010011001001111010110001100010,133228727,0,0.050000,1.000000
133249792,82,1000000010111110111110011100000100101100111110010001001001100100111011011000101101,133228727,0,0.050000,1.000000
133249793,83,00100000001111101111110101001000101001001111100110010010011001001110111110001111001,133228727,0,0.050000,1.000000
133249794,82,1000001010110000011101101101000001001001111100100010010001001001111010110001000011,133228727,0,0.050000,1.000000
133249795,79,0000010001111011111000010100000100100111110010001101000100100111110110001001001,133255825,0,0.050000,0.500000
133249796,85,1110010001101111100111100111001000001001011111100100010010010001000110111111001111111,133228727,0,0.050000,1.000000
133249802,86,01100100011011011111110000100100100100100111110010001001000100100101111010000110001111,133255841,0,0.025000,0.500000
133249803,83,11100000001110011101010010110100000100100111110010001001000100100111111011001110101,133228730,0,0.032000,0.800000
133249804,84,011010001000111001010111001011010010010010011111001000100100010010010111101100010100,133238700,0,0.046667,0.700000
133249805,84,111001000100111110111110010100100000100100111110010001001001100100111011011000111111,133263560,0,0.160000,0.800000
133249806,82,0010110000111001010101001011010010010010011111001000100100000010010111010000110101,133263562,0,0.060000,0.600000
133249810,76,0010001101110111001100010110100100111110010001001001100100111111011000111111,133255842,0,0.120000,0.600000
133249811,81,100000001011111011110110100100000100100111110010001001000100100111111101110110101,133270339,0,0.200000,0.800000
133249814,78,001100011010101010010100001100100100011110011001001001100100111101011000111111,133255842,0,0.100000,0.500000
133249815,83,11100000001110011101010010110100000100100111110010001001000100100111111011001110111,133265294,0,0.060000,0.600000
133249816,81,100000001011111011111011010010100000100111110010001001000100100111111101110110101,133255842,0,0.100000,0.500000
133249817,83,00000110011110111111110100000000100100110110010001011000100100111011111000111100110,133265294,0,0.060000,0.600000
133249818,85,0101000000011100001011100101101000101001001011100100010010001001001011100110101101011,133255827,0,0.033333,0.500000
133249820,82,1000001010100001111101101101000001001001111100100010010001001001111010111001110010,133243659,0,0.198413,1.000000
133249821,81,100000001011111011110110100100000100100111110010001001000100100111111101110110101,133228734,0,0.200000,1.000000
133249822,76,0000101111111101100001011010001001001111100100010010001001001010100100011001,133240461,0,0.025000,0.500000
133249823,83,01101000100111110111110010100100000100100111110010001001001100100111011011010111111,133228734,0,0.140000,0.700000
133249824,82,1101000100101100101011100101101001001001001111100100010010001001001011110110001010,133260450,0,0.060000,0.600000
133249825,88,1010101000100011100101011100101101000001001001111100100010010001001001011010110001101010,133265290,0,0.060000,0.600000
133249826,83,10000000101011101111100111011001001001001111100100010010001001001110110100001111110,133255827,0,0.033333,0.500000
133249828,81,100000101010000111110110010100000100100111110010001001000010100111101011100110001,133265290,0,0.050000,0.500000
133249829,74,00000011101111010101011000010010011101001000100100110010011101101100011101,133268594,0,0.035000,0.700000
133249830,83,10000000000111110011111010000110000100100111110010001001001100100111011110001111001,133240461,0,0.030000,0.600000
133249838,81,100000101010000111110110010100000100100111110010001001000100100111101011100110001,133268596,0,0.200000,1.000000
133249839,84,011001000100111110111110010100100000100100111110010001001001100100111011011000111111,133249265,0,0.060000,0.600000
133249841,81,100000101010000111110110010100000100100111110010001001000100100111101011100110001,133263563,0,0.070000,0.700000
133249843,86,01100110010001111001011001010010000010010011111001100100100110010011100101100011111110,133243643,0,0.060000,0.600000
133249844,76,0000001001010111110000100000100100100111110010001001000100100110000110001011,133247254,0,0.040000,0.800000
133249845,82,0110000001111011111110000110100100100100111110010001001000100100100111010000110001,133262181,0,0.140000,0.700000
133249846,81,100000001111110111010001001000010010011111001000100100110010111101101100011001101,133259009,0,0.032000,0.800000
133249853,83,11100000001110011101010010110100000100100111110010001001000100100111111011001110101,133232157,0,0.040000,0.600000
133249854,83,10100000001110000101110010110100000100100111110010001001000100100101110111010110111,133252603,0,0.080000,0.800000
133249856,82,1000000010111110111110011100000100101100111110010001001001100100111011011000101101,133237123,0,0.046667,0.700000
133249861,82,1000000010111010111110011100000100100100111110010001001001100100111011011000101101,133270350,0,0.120000,0.600000
133249864,82,1110000011100111111100100000100001001001111100100010010001001001011110110101101000,133230486,0,0.100000,1.000000
133249866,82,1101000100101100101011100101101001001001001111100100010010001001001011110110001010,133249258,0,0.040000,0.600000
133249867,83,01000010011110111011100100001100000001001111100100010000011001001010100110101100011,133230487,0,0.200000,1.000000
133249868,82,1100000101111000001110110110100000100100111110010001001000100100111101011100100001,133230487,0,0.160000,0.800000
133249869,88,0101110000011011011111110000110100100100110111110010001001000100100101101010000110001110,133230488,0,0.140000,0.700000
133249870,84,011000000011110011111100001101001101001001111100100010010001001001011110100001100011,133249268,0,0.024000,0.600000
133249871,77,00000000111110111110001010000010010011111101000100110010010010111011000110100,133252612,0,0.120000,0.600000
133249873,84,111001000100111110111110010100100000100100111110010001001001100100111011011000111111,133235546,0,0.120000,0.600000
133249875,74,00000011101111010101011000010010011101001000100100110010011101101100011101,133230492,0,0.033333,1.000000
133249876,83,11001000100111110111110010100100000100100110110010001001001100100111011011000101111,133237123,0,0.046667,0.700000
133249877,81,001000000111110111110000100100100100101111110010001001000100100110011011000111111,133230492,0,0.033333,1.000000
133249882,87,011101000100011100101011100101101100011001001111100100010010001001001011110110001101010,133260439,0,0.025000,0.500000
133249894,84,111000000101111001111100101011000001001001111100100010010001011001100010110000011010,133222213,0,0.033333,0.500000
133249898,78,000100111010101110010100101101100100111110011001001001100100111111011000011111,133266898,0,0.050000,0.500000
133249900,82,1000000010111110111110011100000100100100111110010001001001100100111011011000101101,133265290,0,0.070000,0.700000
133249903,82,1000000010111110111110011100000100100100111110010001001001100100111011011000101101,133251032,0,0.120000,0.600000
133249906,82,1100000001011111011110110100100000100100111110010001001000100100111111101110110101,133265290,0,0.060000,0.600000
133249907,83,10100000001110010101110010110100000100100111110010001001000100101101110011010110101,133265290,0,0.060000,0.600000
133249908,79,0000001011111011010010100000000100100111110010001001000100100111011011000111110,133245499,0,0.030000,0.600000
133249909,83,10100000001110010101110010110100000100100111110010001001000100101101110011010110101,133245503,0,0.033333,0.500000
133249911,83,10100000001110010101110010110100000100100111110010001001000100101101110011010110101,133255830,0,0.040000,0.600000
133249912,80,00100100010000101111110110100000100100111110010001010001011001101010111001100011,133252603,0,0.040000,0.400000
133249913,82,1000000001110111101010010110100010100100111110010001001000100100111111001000110101,133252605,0,0.050000,1.000000
133249914,78,001100001100111110011100111010100101111110010001001000100100111010011000111111,133252603,0,0.080000,0.800000
133249915,82,1110000011110111101100100000100001001011111100100010010001001001011110110001101000,133259008,0,0.050000,0.500000
133249937,76,0000010101010111110000001000100101100111110010001001001100100110010110001011,133232163,0,0.025000,0.500000
133249943,82,1110000011110111101100100000100001001011111100100010010001001001011010110111101000,133255831,0,0.100000,0.500000
133249944,75,000001111011111110101010010001001001111100100010010011001001011111110001101,133232163,0,0.050000,1.000000
133249957,82,0100010100111101111110001000111000010010011111001000100100010010010111101100010111,133225402,0,0.040000,0.600000
133249959,77,11000000011101111010001011000010010011111001000100100110010011101101100011101,133259012,0,0.070000,0.700000
133249960,77,11000000011101111010001011000010010011111001000100100110010011101101100011101,133240472,0,0.046667,0.700000
133249961,77,11000000011101111010001011000010010011111001000100100110010011101101100011101,133265292,0,0.070000,0.700000
133249962,86,10010000010101000010111011011010000010010011111001000100100010010011110101100011000111,133268609,0,0.025000,0.800000
133249963,86,01100110010001111001011001010010000010010011111001100100100110010011100101100011111110,133245508,0,0.025000,0.500000
133249965,87,011101000100011100101011100101101000001001001111100100010010001001001011110110001101010,133255837,0,0.060000,0.600000
133249967,83,10111000001111010101010010100100000100100111110010001001000100100111010111001101001,133254151,0,0.080000,0.800000
133249969,76,0000100011110111100101000001001001001111100100010010001000001111110110001101,133233877,0,0.050000,0.500000
133249972,84,110110000011100101010100101001000001001001111101100010010001001001110100111001101000,133251040,0,0.100000,0.500000
133249973,84,011100000001110011101010010110100000100100111110010001001000100100111111011000100101,133251040,0,0.120000,0.600000
133249974,85,1101010001000111010101110010110100000100100111110010001001000100100101011011000110101,133245513,0,0.030000,0.600000
133249977,84,011100000001110011101010010110100000100100111110010001001000100100111111011000100101,133232171,0,0.040000,1.000000
133249979,79,1000000010101110111101101001100100010011111001000100100010010001111110111011010,133251040,0,0.100000,0.500000
133249980,83,11001000100111110111110010000100000100100110110010001001001100100111011011000111111,133262186,0,0.040000,0.600000
133249982,85,1011001000100111110011100010100100000100100111110010001001001100100111011011000111111,133268590,0,0.040000,0.600000
133249986,79,0000100011011011010010100000000100100111110010001001000100100111010011000110111,133237123,0,0.066667,1.000000
133249989,84,100000001010111011111011010110010010010011111001000100100010010011101101000011111101,133245507,0,0.025000,0.500000
133249990,85,1101000000011100001011100101101010001001001111000100010010001001001011110010001101010,133270352,0,0.100000,0.500000
133249991,85,0001100000001110011001110010110100010100100111110110001001100100110111111001001110101,133251032,0,0.080000,0.400000
133249997,82,1000001010100101011101101101000001001001111100100010010111001001111010110001101010,133251030,0,0.024000,0.600000
133249998,75,000001111011111110101010010001001001111100100010010010001001011111110001001,133251033,0,0.060000,0.600000
133250004,76,0000101111111111100001011010101001001111100100010010001001001010100100011001,133252599,0,0.060000,0.600000
133250005,77,00000000111110111110001010000010010011111001000100100010010010111011000110100,133262183,0,0.100000,0.500000
133250011,75,000100011010111100101000001001000001111100100010010001001001101110110001101,133265293,0,0.046667,0.700000
133250012,79,0000100100001101011100101101001001001001111100100010010001001001110101110001110,133232169,0,0.053333,0.800000
133250013,86,01001000001010110001011101101101000001001001111100100010010001001001111010111001100011,133265293,0,0.053333,0.800000
133250021,83,11000000011100111111000100100000100100111110010001001000100100111011111000111100110,133257451,0,0.024000,0.600000
133250030,84,011000000011110011111100001101001101001001111100100010010001001001011110100001100011,133237113,0,0.100000,1.000000
133250031,84,101000000011100101011100101101000001001001111100100110010001001001011100110101101010,133262184,0,0.060000,0.600000
133250032,73,0000011110111011101010100100100100111110010001001001100100001111111000110,133235528,0,0.040000,1.000000
133250033,84,101000000011100101011100101101000001001001111100100110010001001001011100110101101010,133235528,0,0.024000,0.600000
133250034,81,100000001011111011111011010011000000100111110010001001000100100111111101110110101,133266899,0,0.060000,0.800000
133250035,84,011000000001111011101000110110100010101100111110010001001000100101111111001001110101,133262184,0,0.050000,0.500000
133250036,75,000001111011111110101010010001001001111100100010010011001001011111110001001,133266899,0,0.060000,0.800000
133250038,87,101000000001111100111110101001100001001001111100100010010011001001110111110001111001101,133262184,0,0.060000,0.600000
133250039,85,1100000010011010001111011000010000010010011011001000100100010010011111100100011110110,133235528,0,0.040000,1.000000
133250040,84,110101010001110110101110010110100000100100101110010001001101100100111111000000100101,133235528,0,0.040000,1.000000
133250042,82,1010000010111100111110010100101100100100111110010001001000100100111011011000111001,133252609,0,0.100000,1.000000
133250044,85,0110010001001111101111100101001000001001001111100100010010011001001110110110001111111,133255835,0,0.080000,0.800000
133250046,79,0000000011111011010010100000000100100111110010001001000100100111011011000110110,133251030,0,0.024000,0.600000
133250047,82,1000000110111110111110010100101100100100111110010001001000100100111011011000111001,133235537,0,0.100000,1.000000
133250049,81,110100000010111011111000010010010000100111110010001001000100100110011011000111110,133235537,0,0.100000,1.000000
133250050,82,0100010100111101111110001000111000010010011111001000100100010010010111101100010111,133266907,0,0.024000,0.600000
133250060,83,00000110011110111111110100000000100100110110010001001000100100111011111000011100110,133254159,0,0.050000,0.500000
133250061,84,111000000011100111010100101101000001001001111100100010010001001001111110110011101010,133260445,0,0.024000,0.600000
133250066,85,1011001000100111110011100010100100000100100111110010001001001100100111011011000111111,133233871,0,0.046667,0.700000
133250067,84,111000000011100111010100101101000001001001111100100010010001001001111010110011101010,133252605,0,0.040000,0.800000
133250073,82,1000000001110111101010010110100010100100111110010001001000100100111111001000110101,133251037,0,0.053333,0.800000
133250074,86,01000000100011111001111101000011000010010011111001000100100110010011101010100011110011,133235542,0,0.066667,1.000000
133250077,83,10100000001110010101110010110100000100100111110010001001000100100101010011010110101,133257454,0,0.024000,0.600000
133250078,86,01000000000111110101100010100100100100100111110010001001001000101111010011000111101011,133235545,0,0.040000,1.000000
133250079,83,10100000001110010101110010110100000100100111110010001001000100100101010011010110101,133266894,0,0.030000,0.600000
133250080,83,10100000001110010101110010110100000100100111110010001001000100100101010011010110101,133235545,0,0.040000,1.000000
133250081,82,1000000010111110111110010100101100100100111110010001001000100100111011011000111001,133266894,0,0.030000,0.600000
133250082,80,00000100111110111110000101000001001001111100100010010001001000011111100011010010,133270346,0,0.053333,0.800000
133250083,82,1000000010111110111110010100101100100100111110010001001000100100111011011000111001,133247256,0,0.053333,0.800000
133250086,78,000100011010101110010100101110100100111110010011001000100100111110011000111111,133257459,0,0.040000,0.800000
133250092,82,1000000010101110111100010101100100100100111110010001001000100100111011011000111101,133247256,0,0.053333,0.800000
133250093,83,00000110011110111111110100010000100100110110010001011000100100111011111000111100110,133235545,0,0.040000,1.000000
133250095,80,00000100111110111110000101000001001001111100100010010001001000011111100011010010,133235545,0,0.040000,1.000000
133250096,86,01000000000111110101100010100100100100100111110010001001001000101111010011000111101011,133247256,0,0.040000,0.600000
133250097,80,00000100111110111110000101000001001001111100100010010001001000011111100011010010,133235545,0,0.040000,1.000000
133250098,86,11100000011011011111110000110100100100100111110010001001000100100101111010000110001111,133235545,0,0.040000,1.000000
133250100,83,10100000001110010101110010110100000100100111110010001001000100100101010011010110101,133266894,0,0.030000,0.600000
133250102,83,10000000111101111110101001000001001011111100100010010101001001110111110001111001100,133245502,0,0.100000,0.500000
133250109,83,11001000100111110011110110100100000100100111110011001001000100100111010110001111111,133259011,0,0.033333,0.700000
133250114,84,111100000001110011101010010110100000100100111110010001001000100100111101011001110101,133260446,0,0.033333,0.500000
133250115,77,00000010111011110100010110000100100111110010001001001100100111011011101111011,133260446,0,0.040000,0.600000
133250119,84,011001000100111110011110010100100000100100111110010001001001100100111011011000111111,133245503,0,0.040000,0.600000
133250120,80,01111001110011111100010001110000100100111110011001001000100100101111011000101111,133237113,0,0.070000,0.700000
133250125,84,100110000001100101010100101000000001101011111100100010010001001001110100111001101001,133247265,0,0.033333,0.500000
133250126,85,1100010001001111100110101101001000001001001101100100010010011011001110100110001111111,133247265,0,0.040000,0.600000
133250132,86,11100000011011011111110000110100000100100111110010001001000100100101111010000110001111,133237119,0,0.040000,1.000000
133250133,74,00000011101101010101011000010010011101001000100100110010011101101100011101,133237119,0,0.040000,1.000000
133250136,86,11100000011011011111110000110100000100100111110010001001000100100101111010000110001011,133257461,0,0.160000,0.800000
133250137,83,10100000001110010101110010110100000100100111110010001001000100100101110011010110101,133257452,0,0.033333,0.500000
133250143,83,11100000001110011101010010110100000100100111100010001001000100100111111011001110101,133255839,0,0.050000,0.500000
133250144,76,0000010101010111110000001000100101100111110010001001001100100110000110001011,133259011,0,0.040000,0.600000
133250148,83,10000000101011101111100101011001001001001111100100010010001001001110110100001111110,133260452,0,0.060000,0.600000
133250152,84,110101010001110110111110010110100000100100101110010001001001100100110111000000100101,133238693,0,0.040000,1.000000
133250153,76,0000010101010111110000001000100101100111110010001001001100100110000110001011,133257464,0,0.023333,0.700000
133250165,81,000000101110010101110010110100000100100111110010001001000100100111111011000110000,133252612,0,0.160000,0.800000
133250166,78,000100011010101110010100101110100100111110010011001000100100111111001000111111,133235544,0,0.025000,0.500000
133250167,87,001110100010001110010101110010010100000100100111110010001001000100100101111011000110101,133249265,0,0.060000,0.700000
133250169,84,011010001000111001010111001011010010010010011111001000100100010010010111101100010100,133263572,0,0.120000,0.600000
133250170,82,1010000001111101111100001001001001101001111100100010010001001001100110110001111110,133245498,0,0.033333,0.500000
133250171,84,100010000011001110011101010000000010010011111001000100100010010011101110010011110010,133263572,0,0.120000,0.600000
133250172,85,1011001000100111110011100010100100000100100111110010001001001100100111011011000111111,133254154,0,0.060000,0.600000
133250175,82,1000000010111110111110011100000100100100111110010001001001100100011011011000101101,133266895,0,0.080000,0.800000
133250176,85,0110101010001110010101010010110100100100100111110010001011000100100011101001100110101,133270341,0,0.100000,0.500000
133250177,85,0110101010001110010101010010110100100100100111110010001011000100110011101001100110101,133266895,0,0.080000,0.800000
133250178,76,0000011001010111110000100000100100100101100010001001000100100110000110001011,133238699,0,0.100000,1.000000
133250180,82,0110000000111001100110001010100010100100111110010001011000100100111111001001110101,133270341,0,0.100000,0.500000
133250181,76,0000011001010111110000100000100100100101100010001001000100100110000110001011,133238699,0,0.100000,1.000000
133250183,83,11101010000111100101010101011010000010010011011001000100100010010010111111100011010,133255824,0,0.160000,0.800000
133250184,84,111001000100111110011100000100100000100100111010000001101001100100111011111000011111,133259012,0,0.120000,0.600000
133250185,83,01000000010111110111110110100100000100100111110010001001100100110111111101110110101,133257465,0,0.033333,0.500000
133250188,82,1010000001011101111100001001001001001001111100100010010001001001100110110001111110,133257465,0,0.040000,0.600000
133250194,80,00000000011111011111000010100000100100111110010001001000100100101110110011101001,133257454,0,0.024000,0.600000
133250195,81,000000101110010101110010110100000100100111110010001001000100100111111011000110000,133260445,0,0.040000,0.600000
133250199,82,1000000001110111101010010110100010100100111110010001001000100100111111001000110101,133260445,0,0.040000,0.600000
133250202,81,000000011110111111010100100000100100111110010001001000100100111011111000111100111,133251031,0,0.024000,0.600000
133250207,84,111001000100111110111110010100100000100100111110010001001001100100111011011000111111,133249262,0,0.070000,0.700000
133250209,86,10010000000011100111011100100101000001001001111100100010010001001001111110010011101011,133240475,0,0.033333,0.500000
133250210,84,111001010100111100010110010101100000100100111110010001001000100100111011111000111111,133252608,0,0.080000,0.600000
133250211,84,111001000100111110111110010100100000100100111110010001001001100100111011011000111111,133249262,0,0.070000,0.700000
133250212,85,0010000000011100111001100100101000001001001111100100010010001001001111110010011101011,133249262,0,0.060000,0.600000
133250213,82,1110000011100111101100100010100001001001111100100010110001001001011110111101101000,133245516,0,0.040000,0.500000
133250216,80,00000000111110111110100101010001001001111100100010010001001001011101100011010011,133238709,0,0.100000,1.000000
133250218,83,01000001010100101011101101101000001001001110100100010010011001001111010110001100010,133240459,0,0.100000,1.000000
133250221,82,1000000011110111111010100100000100101111110010001001000100100111011111000111100110,133240459,0,0.100000,1.000000
133250227,76,0000010101010111110000001000100101100111110010001001001100100110000110001011,133245506,0,0.024000,0.600000
133250230,83,10100000001110010101110010110100000100100111110000001001000100100101110011010110101,133240463,0,0.100000,1.000000
133250233,87,110010000000011100111011100100101000001001001111100100010010001001001111110010011101011,133243657,0,0.080000,0.800000
133250234,86,10010000010101000010111011011010000010010011111001000100100010010011110101100011000101,133245514,0,0.033333,0.500000
133250235,85,1101000000011100001011100101101010001001001111000100010010001001001011110110001101010,133243657,0,0.070000,0.700000
133250236,83,10100000001110010101110010110100000100100111110010001001000100100101110011010110101,133243657,0,0.080000,0.800000
133250237,84,111001000100111110011110010100100000100100111110010001001001100100111011011000111111,133243657,0,0.070000,0.700000
133250238,83,10100000001110010101110010110100000100100111110000001001000100100101110011010110101,133240463,0,0.100000,1.000000
133250240,82,0110000000111001100110001010100010100100111110010001011000100100111111001001110101,133240463,0,0.100000,1.000000
133250241,84,011101000100011100101011100101101000010010011111001000100100010010010111001100011010,133240463,0,0.060000,0.600000
133250242,78,000000101111111111100001011010001001001111100100010010001001001010100100011001,133247271,0,0.016667,0.500000
133250244,84,011101000100011100101011100101101000010010011111001000100100010010010111001100011010,133247271,0,0.016667,0.500000
133250245,86,10010000010101000010111011011010000010010011111001000100100010010011110101100011000101,133233871,0,0.053333,0.800000
133250246,84,011001000100111110011110010100100000100100111110010001001001100100111011011000111111,133243643,0,0.070000,0.700000
133250247,86,01110100010001110010101110010110100000100100111110010001001000100100101111011000110101,133228737,0,0.028000,0.700000
133250249,77,00000010101011111110000001000100101100110110010001001001100100110000110001011,133243657,0,0.060000,0.600000
133250250,88,1101110000011011011111100000110100101100110111110010001001000100100101101010000110001110,133268588,0,0.033333,0.500000
133250252,86,01110100010001110010101110010110100000100100111110010001001000100101101111011000110101,133260452,0,0.050000,0.500000
133250254,83,00010100000111001010101001011011000010010011111001000100100000010010111000000110101,133240464,0,0.100000,1.000000
133250258,83,01000010011110111011100100001100000001001111100100010000011001001010100110101100011,133240467,0,0.050000,1.000000
133250259,86,01110100010001110010101110010110100000100100111110010001001000100100101111011000110101,133259014,0,0.120000,0.600000
133250260,84,110101010001111010101110010110100000100100111110010000001001100100101111001001100101,133247269,0,0.040000,0.600000
133250264,82,1110000011100111101100100010100001001001111100100010110001001001011110111101101000,133243647,0,0.033333,0.500000
133250265,84,111000000101111001111100101011000001001001111100100010010001011001100010110000011010,133259013,0,0.040000,0.600000
133250267,82,0100000101010000111110110110100000100100111110010001001010100100111101011100110001,133254155,0,0.046667,0.700000
133250268,86,11100000011011011111110000110100000100100111110010001001000100100101111010010110001111,133247273,0,0.053333,0.800000
133250272,82,0010110000111001010101001011010010010010011111001000100100000010010111010000110101,133262179,0,0.140000,0.700000
133250273,82,1101000100011100101011100101001001001001001111100100010010001001001011110110001010,133241964,0,0.100000,1.000000
133250274,85,0110101010001110010101010010110100000100100111110010001011000100100011101001100110101,133257455,0,0.046667,0.700000
133250275,83,11100000001110011101010010110100000100100111110010001001000100100111111011001110101,133241965,0,0.066667,1.000000
133250280,83,11100000001110011101010010110100000100100111110010001001000100100111111011001110101,133259019,0,0.050000,0.500000
133250283,82,1100000101011000001110110110100000100100111110010001001000100100111101011100100001,133262180,0,0.070000,0.700000
133250287,86,01110100010001110010101110010110100000100100111110010001001000100100101111001000110101,133247271,0,0.016667,0.500000
133250289,85,1110100000001110010101110010110111000100100111110010001001000100100100111011001110101,133241975,0,0.040000,0.600000
133250290,85,1110100000001110010101110010110111000100100111110010001001000100100100111011001110101,133263569,0,0.080000,0.800000
133250292,83,11100000001110011101010010110100000100100111110010001001000100100111101011001110101,133230497,0,0.040000,0.600000
133250293,81,101000000011100101011100101101000001001001111100100100100010010110111001101011010,133241967,0,0.050000,1.000000
133250297,83,10000000001110000101110000110001000100100111110010001001001100110111110101001101011,133263570,0,0.100000,0.500000
133250299,83,10000000001110000101110000110001000100100111110010001001001100110111110101001101011,133241967,0,0.050000,1.000000
133250300,83,11101000100111100001011100101101001101001001111100100010010001001001011110110001010,133241967,0,0.025000,0.500000
133250301,80,00000000011100101010100000101010010010011111001000100000110011011111010100110100,133263570,0,0.100000,0.500000
133250303,81,101000000011100101001100101101000001001001111100100100100010010110111001101011010,133241967,0,0.040000,0.800000
133250304,86,11100000011011011111110000110100000100100111110010001001000100100101111010000110001011,133232163,0,0.025000,0.500000
133250305,80,00000000011111011111000010100000100100111110010001001000100100101110110001101001,133241967,0,0.050000,1.000000
133250307,88,0101110000011011011111110000110100100100110111110010001001000100100101101010000110001110,133255828,0,0.040000,0.600000
133250308,77,00000000111110111110001010000010010011111001000100000010010010111011000110000,133255833,0,0.028000,0.700000
133250314,82,1101001100011100101011100101101001001011001111100100010010001001001011110110001010,133252610,0,0.020000,0.500000
133250315,82,1000000011111101110100010010000100100111110010001001001100101111011011000110011010,133243644,0,0.060000,0.600000
133250317,82,1101000100101100101011100101101001001001001111100100010010001001001011110110001010,133241973,0,0.060000,0.600000
133250318,83,10110000001110010101010010100100000100110111110010001001000100100111010111001101001,133241973,0,0.100000,1.000000
133250319,82,1101000100101100101011100101101001001001001111100100010010001001001011110110001010,133240472,0,0.040000,0.600000
133250320,80,00000100111110111110000101000001001001111100100010010001001000011111100011010010,133241973,0,0.050000,0.500000
133250321,85,1100000101010000101110110110100000101100111110010101001000100100111101011010110001010,133241973,0,0.100000,1.000000
133250322,82,1101000100101100101011100101101001001001001111100100010010001001001011110110001010,133241973,0,0.060000,0.600000
133250329,80,00000100111110111110000101000001001001111100100010010001001000011101100011010010,133245504,0,0.033333,0.500000
133250331,80,00000100111110111110000101000001001001111100100010010001001000011101100011010010,133241976,0,0.066667,1.000000
133250333,81,100000001011111011111011010010000000100111110010001001000100100111111101110110101,133259018,0,0.060000,0.600000
133250334,81,100000001011111011111011010010000000100111110010001001000100100111111101110110101,133259018,0,0.060000,0.600000
133250335,85,0100010001001111100110111101001000001001001101100100000010011011001110100110001111111,133266895,0,0.060000,0.600000
133250336,83,00000110011110111111110100000000100100110110010001001000100100111011111000111100110,133241976,0,0.066667,1.000000
133250337,80,00000100111110111110000101000001001001111100100010010001001000011101100011010010,133259018,0,0.050000,0.500000
133250339,80,00000100111110111110000101000001001001111100100010010001001000011101100011010010,133259018,0,0.050000,0.500000
133250341,80,00000100111110111110000101000001001001111100100010010001001000011101100011010010,133259018,0,0.050000,0.500000
133250342,80,00000100111110111110000101000001000001111100100010010001001000011101100011010010,133241976,0,0.053333,0.800000
133250343,81,110010001001111101101011010010000010010011011001001001001001100011010011000111111,133241976,0,0.000000,0.000000
133250344,81,100001001111011101110010010110000100100111110010001001000100100101011011010110101,133241976,0,0.066667,1.000000
133250345,80,00000100111110111110000101000001001001111100100010010001001000011101100011010010,133259018,0,0.050000,0.500000
133250347,78,100001010100000111011010010000000100111010010001001000110100111100010100110001,133252608,0,0.060000,0.500000
133250349,83,11001000100111110111110010100100000100100110110010001001001100100111011011000111111,133268609,0,0.030000,0.600000
133250356,85,0111000000101111001111100101011001001001001111100100010010001011001100010110000011010,133232171,0,0.020000,0.500000
133250357,81,101000000011100111000100011010000010010011111001000100100010010011110100100111010,133230485,0,0.080000,0.800000
133250363,82,1000001110100001111101100101000001001001111100100010010001001001111010111001100011,133247262,0,0.040000,0.800000
133250366,86,11100000011011011101110000110100000100100111110010001001000100100101111010010110001111,133245516,0,0.050000,0.500000
133250370,84,111000000011100101010100101101000001001001111100100010010001001001111110110011101011,133245513,0,0.030000,0.600000
133250374,84,011001000100111110011110010100100000100100111110010001001001100100111011011000011111,133257465,0,0.040000,0.600000
133250376,83,01000010010111110111110110100100000100100111110010001001000100100111111101110110101,133243643,0,0.100000,1.000000
133250378,83,11000000110111110111110010100101100100100111110010001001000100100111011011000111001,133243643,0,0.100000,1.000000
133250379,81,100100010011101011111010100100000100100110110010001001001100100111011011000111111,133243643,0,0.100000,1.000000
133250381,84,110010001001111101111100101001000001001001111100100010010011001001110110110001111111,133262194,0,0.070000,0.700000
133250382,84,111000011111011110110010000110100100100111110010001001000100100101111011010110111000,133252600,0,0.060000,0.600000
133250384,75,000100011010111100101000001001000001111100100010010001001001111110110001101,133262187,0,0.070000,0.700000
133250386,82,0000000000111001000111000011010100010010011111001000100100110011011111010100110101,133247258,0,0.070000,0.700000
133250396,86,01100000011001011111110000110100100100100111110010001001000101100101111010000110001111,133268608,0,0.040000,0.600000
133250399,83,11001001100111110011110010100100110100100111010010001001001100100111011011100111111,133255828,0,0.033333,0.500000
133250404,75,000001111011111110101010010001001001111100100010010010001001011111110001001,133265298,0,0.030000,0.600000
133250405,84,110001101001111100111101101001010001001001101100100010010001001001111110010001111010,133252608,0,0.040000,0.600000
133250407,82,0100000000111010111110000010100000000100111110010001001000100000111110110000101001,133265296,0,0.035000,0.700000
133250408,84,111110000011100101010100101001001001001001111100100010010001001001110100111001101000,133243653,0,0.050000,0.500000
133250411,83,11100000001110011101010010110100000100100111110010001001000100100111111011001110101,133257468,0,0.100000,1.000000
133250412,83,11100000001110011101010010110100000100100111110010001001000100100111111011001110101,133263574,0,0.050000,0.500000
133250413,80,01111001110011111100010001110000100100111110011001001000100100101111011000101111,133247273,0,0.046667,0.700000
133250414,82,1000001010100001011101101001000000001001110100100010010001001001011000101001000010,133263574,0,0.050000,0.500000
133250419,81,100000001010000111110110110100000100100111010010001001000100100111101011100111001,133243657,0,0.100000,1.000000
133250423,80,00000000011111111111000010100000100100111110010001001000100100101110110011101001,133266891,0,0.050000,0.500000
133250424,80,00000000011111111111000010100000100100111110010001001000100100101110110011101001,133243658,0,0.100000,1.000000
133250434,75,000100011101111100101000001001001001111100100010010000001001111110110001101,133268596,0,0.160000,0.800000
133250439,84,011001000100111110111110010100100000100100111110010001001001100100111011011000111111,133254158,0,0.070000,0.700000
133250440,83,11100000001110011101010010110100000100100111110011001001000100100111111001001010101,133243660,0,0.066667,1.000000
133250443,75,000100011010111100101000001001000001111100100010010001001001111110110001101,133243660,0,0.066667,1.000000
133250444,84,110101010001111010101110010110100000100100111110010000001001100100101111001001100101,133252610,0,0.024000,0.600000
133250447,75,000101011110111100101000001001101001111100100010010001001001111110100001101,133251038,0,0.020000,0.500000
133250449,83,10000000000111110011111010000110000100100111110010001001001100100111011110001111001,133245493,0,0.140000,0.700000
133250451,87,011001100010011111001111011010010000010010011011001000100100110010011101001100011111110,133249263,0,0.024000,0.600000
133250452,77,00000000111110111110001010000010010011111001000100100010010010111011000111100,133255826,0,0.120000,0.600000
133250453,82,0100000000111110011111010100110000100100111110010001001001100100111011111000111101,133252610,0,0.024000,0.600000
133250456,84,011001010100111110011110010100100000100100111110010001001001100101101011011000111111,133235541,0,0.070000,0.700000
133250457,77,00000101111111111100001011010001001001111100100010010001001001010100100011001,133245493,0,0.200000,1.000000
133250459,84,110101010001111010101110010110100000100100111110010000001001100100101111001001100101,133230482,0,0.025000,0.500000
133250461,79,0000000001111011111000010100000100100111110010001101000100100101110110001001001,133245493,0,0.140000,0.700000
133250462,86,01100110010001111001011001010010000010010011111001100110100110010011100101100011111110,133245493,0,0.120000,0.600000
133250463,86,01100110010001111001011001010010000010010011111001100110100110010011100101100011111110,133235541,0,0.060000,0.600000
133250465,82,1101000100011100101011100101001001001001001111100100010010001001001011110110001010,133257459,0,0.024000,0.800000
133250466,75,000101011110111100101000001001001001111100100010010001001001111110100001101,133245493,0,0.160000,0.800000
133250470,81,010000000111001010111001011010000010010011111001000100100010010010111001101011001,133254152,0,0.024000,0.600000
133250473,81,010000000111001010111001011010000010010011111001000100100010010010111001101011001,133245494,0,0.066667,1.000000
133250474,76,0000001011101111110101011000010010011111101000100100110010011101111100011101,133245494,0,0.033333,0.500000
133250475,75,000101011110111100101000001001001001111100100010010001001001111110100001101,133254152,0,0.024000,0.600000
133250480,81,100001001111011101110010000110000100100111110010001001000100100101011011010110101,133270345,0,0.040000,0.800000
133250481,83,11101010000111100101010101011010000010010011011001000100100010010010111111100011010,133245495,0,0.028571,1.000000
133250482,80,01001001010100001111101100101000011001011111001000100100001010011110101110011000,133255825,0,0.040000,0.400000
133250484,83,10000000001110000101110000110101000100100111110010001001001100110111110101001101011,133245495,0,0.028571,1.000000
133250485,84,011000000011110011111100001101001101001001111100100010010001001001011110100001100011,133265296,0,0.040000,0.800000
133250486,79,0000100100001101011100101001001001001001111100100010010001001001110101110001110,133225396,0,0.050000,0.500000
133250487,81,110100000010111011111000010010010000100111110010001001000100100110011011000111110,133252605,0,0.040000,0.800000
133250488,82,1101000000101110111110000100100100001001111100100010010001001001100110110001111101,133254153,0,0.040000,0.600000
133250489,82,1000000010111110111110011100000100100100111110010001001001100100111011011000101101,133265296,0,0.040000,0.800000
133250491,80,00000000111110111110100101010001001001111100100010010001001001011101100011010011,133252605,0,0.040000,0.800000
133250492,81,110100000010111011111000010010010000100111110010001001000100100110011011000111110,133254153,0,0.040000,0.600000
133250493,86,01000000000101110101100010100100100100100111110010001001001100101111010011000111101011,133259010,0,0.032000,0.800000
133250495,82,1000000010111110111110011100000100100100111110010001001001100100111011011000101101,133255828,0,0.053333,0.600000
133250498,83,10000000101011101111101101011001001001001111100100010010001001001110110100001111110,133245496,0,0.160000,0.800000
133250501,83,11101010000011100101010101011010000010010011111001000100100010010010111101100011010,133251042,0,0.100000,0.500000
133250503,82,1000100001110111101010010110100010100100111110010001001000100100111111001000110100,133247261,0,0.030000,0.600000
133250504,83,10000000101011101111100101011001001001001111100100010010001001001110110100001111110,133265305,0,0.040000,0.600000
133250509,81,110100000011101011111000010010010000100111110110001001000100100100011011000111110,133245496,0,0.140000,0.700000
133250510,83,01110000001110011000110010110100000100100111110010001001000100100011111001001110101,133247261,0,0.025000,0.500000
133250511,88,0101110000011011011111110000100100100100110111110010001001000100100101101010000110001110,133254150,0,0.070000,0.700000
133250512,83,01110000001110011000110010110100000100100111110010001001000100100011111001001110101,133245496,0,0.200000,1.000000
133250513,76,0000000011101111010001011000010010011111001000100100110010011101101100011101,133247261,0,0.030000,0.600000
133250516,82,1000100001110111101010010110100010100100111110010001001000100100111111001000110100,133245496,0,0.200000,1.000000
133250518,76,0000000011101111010001011000010010011111001000100100110010011101101100011101,133265305,0,0.040000,0.600000
133250519,83,01000010010111110111110010100100100100100111110110001001001100100111011011000111101,133235531,0,0.025000,0.500000
133250524,82,0010110000111001010101001011010010010010011111001000100100000010010111010000110101,133245498,0,0.066667,1.000000
133250526,84,110010001001111101111100101000000001001001101100100010010011001001110110110001111110,133254154,0,0.060000,0.600000
133250528,84,111110000011100101010100101001001001001001111100100010010001001001110100111001101000,133225394,0,0.070000,0.700000
133250531,84,010001100000110010101010000010100000100100111110010001001000100100101111000010101011,133262193,0,0.120000,0.600000
133250533,82,0100100001010010101110011110100000100100111110010001001000100100101111110000111101,133262190,0,0.035000,0.700000
133250535,83,11100000001100011101010010110100000100100111110010001001000100100111101011001110101,133265290,0,0.060000,0.600000
133250540,82,1000000001110111101010010110100010100100111110010001001000100100111111001000110101,133259007,0,0.200000,1.000000
133250541,80,11010000000111001101110010100100100100100111110010001001000100100101111011000101,133270348,0,0.053333,0.800000
133250543,79,0000001011111011010010100000000100100111110010001001000100100111011011000111110,133230488,0,0.160000,0.800000
133250545,83,11100000001110011101110010110100000100100110110010001001000100100111111001101110101,133270348,0,0.046667,0.700000
133250547,76,0000001011101111110101011000010010011111101000100100110000011101111100011101,133252612,0,0.120000,0.600000
133250548,83,01000001010100101011101101101000001001001110100100010010011001001111010110001100010,133230488,0,0.120000,0.600000
133250549,83,01000001010100101011101101101000001001001110100100010010011001001111010110001100010,133252612,0,0.120000,0.600000
133250551,82,1000001010100001111101100101000001001001111100100010010001001001111010111001100000,133252612,0,0.160000,0.800000
133250552,75,000100011010111100101000001001000001111100100010010001001001111110110001101,133251036,0,0.040000,0.600000
133250554,80,01111001110011101000010001110000100100111110011001001000100100101111011000101111,133247269,0,0.046667,0.700000
133250555,85,0101000000011100001011100101101000101001001011100100010010001001001011100110101101011,133249258,0,0.033333,0.500000
133250556,76,0000010101010111110000001000100101100111110010001001001100100110000110001011,133249260,0,0.050000,0.500000
133250557,83,10000000000111110011111010000110000100100111110010001001001100100111011110001111001,133260440,0,0.030000,0.600000
133250559,76,0001000111001111001010010010010010011111001000100100000010011111101100011011,133249258,0,0.046667,0.700000
133250560,84,111010100000111001010101010110100000100100111110010001001000100100101111011000110101,133245501,0,0.025000,0.500000
133250562,88,0101110000011011011111110000110100100100110111110010001001000100100101101010000110001110,133249258,0,0.040000,0.600000
133250563,84,110101010001111010101110010110100000100100111110010000001001100100101111001001100101,133245501,0,0.050000,1.000000
133250565,83,01110000001100011000110010110100000100100111110010001001000100100011111001001110101,133262196,0,0.100000,0.500000
133250566,80,00000000011100101010100000101010010010011111001000100100110011011111010100110100,133245501,0,0.050000,1.000000
133250567,80,01001001010100001111101100101000011001011111001000100100001010011110101110011000,133247253,0,0.080000,0.400000
133250568,83,11101010000011100101010101011010000010010011111001000100100010010010111101100011010,133238705,0,0.040000,0.600000
133250570,83,00000000000111101111101100001000001010001011100100010010001001001111111011101111010,133262196,0,0.100000,0.500000
133250571,83,11100000001110011101010010110100000100100111110010001001000100100111111011001110101,133249260,0,0.060000,0.600000
133250573,83,01000010011111110111110010100111100100100111110010001001000100110111011011000111001,133259007,0,0.160000,0.800000
133250582,77,10010001101110111001100010110100100111110000001001001100100111111011000111111,133259007,0,0.140000,0.700000
133250587,83,11100000001110011101010010110100000100100111110010001001000100100111111011001110101,133255839,0,0.066667,0.600000
133250588,84,111001000100111110111110010100100000100110111110010001001001100100111011011000111111,133255827,0,0.033333,0.500000
133250592,83,11001000100111110111110010100100000100100111110010001001001100100111011011010111111,133251036,0,0.040000,0.600000
133250593,81,100000001011111011111011010011000000100111110010001001000100100111111101110110101,133266901,0,0.040000,0.600000
133250594,81,100000001011111011111011010011000000100111110010001001000100100111111101110110101,133245504,0,0.066667,1.000000
133250595,86,11100000011011011101110000110100000100100111110010001001000100100101111010010110001111,133245506,0,0.040000,1.000000
133250599,83,00010100000111001010101001011011000010010011111001001100101000010010111000000110101,133270342,0,0.050000,0.500000
133250600,83,11100000001110011101010010110100000100100111110010001001000100100111111011001110101,133252610,0,0.024000,0.600000
133250601,79,0000010011110111110001001111000010010010111001000100100010010010111101100010111,133235528,0,0.050000,0.600000
133250602,83,11100000001110011101010010110100000100100111110010001001000100100111111011001110111,133268598,0,0.025000,0.500000
133250603,77,11000000011101111010001011000010010011111001000100100110010011101101100011101,133232168,0,0.060000,0.600000
133250605,84,101010001000111010101110010110100000100100111110010001001000100100101011011000110101,133249271,0,0.060000,0.600000
133250607,83,11000000001111011101000110010100010101100111110010001001000100100111011001001110101,133268599,0,0.033333,0.500000
133250610,81,100000001111110111010001001000010010011111001000100100110010111101101100011001101,133243644,0,0.060000,0.600000
133250611,82,1000010011110111011100100101100001001001111100100010010001001001010110110101101011,133252607,0,0.032000,0.800000
133250612,83,10100000001110010101110010110100000100100111110010001001000100100101110011010110101,133263567,0,0.060000,0.600000
133250613,83,00100100001111101111110101001000101001001111100110010010011001001110111110001111001,133228730,0,0.028000,0.700000
133250614,81,100000001111110111010001001000010010011111001000100100110010111101101100011001101,133228726,0,0.120000,0.600000
133250617,83,11100000001110011101010010110100000100100111110010001001000100100111111011001110101,133245498,0,0.046667,0.500000
133250619,80,10000000111101111110100001000001001001111100100010000000001011101111100011110011,133263567,0,0.050000,0.500000
133250621,85,1000011000010101110111101010011000010010011111001000100100010011011101111101011110010,133247270,0,0.060000,0.700000
133250622,83,11100000001110011101010010110100000100100111110010001001000100100111111011001110101,133240476,0,0.060000,0.600000
133250623,82,1000000010111100111110010100101100100100111110010001001000100100111011011000111001,133268600,0,0.046667,0.700000
133250624,83,10100000001110010101110010110100000100100111110010001001000100100101110011010110101,133266907,0,0.024000,0.600000
133250625,82,1000000010111100111110010100101100100100111110010001001000100100111011011000111001,133228726,0,0.140000,0.700000
133250629,86,11100000011011111111110000110100000100100111110010001001000100100101111010010110001111,133243652,0,0.066667,1.000000
133250632,83,11100000001110011101010010110100000100100111110010001001000100100111111011001110101,133243652,0,0.066667,1.000000
133250648,81,100001001111011101110010010110000100100111110010001001000100100101011011010110101,133240464,0,0.050000,0.500000
133250650,83,01000010010111110111110010100100100100100111110110001001001100100111011011000111101,133263575,0,0.024000,0.600000
133250651,79,0000000011111011111000010100000100100111110010001001000100100101110110001101001,133266898,0,0.050000,0.500000
133250652,83,11101010100011100101010101011010000010010011111001000100100010010010101111100011010,133263575,0,0.032000,0.800000
133250653,83,01000010010111110111110010100100100100100111110110001001001100100111011011000111101,133254158,0,0.060000,0.600000
133250654,84,110000000101011101111100101011001001001001111100100010010001001001110110100001111110,133245512,0,0.033333,1.000000
133250655,79,0000000110101011100101001011001001001111100100010010011001001111110110001111111,133245512,0,0.033333,1.000000
133250656,82,1000101001111011111100010001110000100100111110010001001000100100101111011000101111,133247253,0,0.100000,0.500000
133250657,86,11100000011011011111110000110100100100100111110010001001000100100101111010000110001111,133223823,0,0.040000,0.600000
133250659,85,0000000010010100101011111111100110101001001111100100011010001001001111010110001011011,133245512,0,0.033333,1.000000
133250660,82,0010110000111001010101001011010010010010011111001000100100000010010111010000110101,133249269,0,0.035000,0.700000
133250661,82,0010110000111001010101001011010010010010011111001000100100000010010111010000110101,133245512,0,0.033333,1.000000
133250662,80,00100100111110111110000101000001001001111100100010010001001000011001100011010011,133230486,0,0.080000,0.500000
133250663,83,10000000001110000101110000110101000100100111110010001001001100110111110101001101011,133263575,0,0.028000,0.700000
133250664,80,01111001110011111000010001110000100100111110011001001000100100101111011000101111,133245513,0,0.050000,1.000000
133250666,83,10100000001110000101110010110100000100100111110010000001000100100101110011010110101,133247262,0,0.035000,0.700000
133250668,82,1101001100011100101001100101101001001011001111100100010010001001001011110110001010,133232171,0,0.020000,0.500000
133250671,82,0100000000111010111110000010100000100100111110010001001000100000111110110000101001,133268605,0,0.070000,0.700000
133250673,83,10100000001110000101110010110100000100100111110010001001000100100101110111010110101,133245513,0,0.050000,1.000000
133250674,84,111001000100111110011110010100100000100100111110010001001001100100011011111100111111,133245514,0,0.066667,1.000000
133250675,74,00000011101111010101011000010010011101001000100100110010011101101100011101,133259013,0,0.053333,0.800000
133250676,82,1000000010111110111010011100000100100100111110010000001000100100111011010000101101,133265295,0,0.053333,0.800000
133250677,76,0010001001110111001100010010100100111110010001001001100100111111011000101111,133255843,0,0.120000,0.600000
133250678,84,111001000100111110011110010100000000100100111110010001001001100100101011011000111111,133255843,0,0.120000,0.600000
133250683,74,00000011101111010101011000010010011101001000100100110010011101101100011101,133255843,0,0.140000,0.700000
133250684,80,01111001110011101000010001110000100100111110011001001000100100101111011000101111,133263571,0,0.120000,0.600000
133250686,78,000000011111011010010100000000100100111110010001001000100100111011011000110110,133257451,0,0.024000,0.600000
133250687,83,00000000001110000101111000110101000100100011110010001001001100110111111101001101011,133255843,0,0.100000,0.500000
133250688,83,01110000001110011000110010110100000100100111110010001001000100100011111001001100101,133245514,0,0.053333,0.800000
133250690,83,11100000001110011101010010110100000100100111110010001001000100100111111011001110101,133255828,0,0.040000,0.600000
133250691,83,01110000001110011000110010110100000100100111110010001001000100100011111001001110101,133260446,0,0.053333,0.500000
133250692,83,01000000001110101111100000101000001001001111100100010010001000001111101100000010011,133260449,0,0.100000,0.500000
133250694,83,11001000100111110111110010000100000100100110110010001001001100100111011011000111111,133245515,0,0.040000,1.000000
133250695,84,100010000011101110011101010000000010010011111001000100100010010011101110010011110010,133245515,0,0.040000,1.000000
133250696,75,000100011110111100101000001001001001111100100010010001001001111110110001101,133255833,0,0.032000,0.800000
133250697,82,1000001001100001111101100101000001001001111100100010010001001001111010111001100011,133225410,0,0.017143,0.800000
133250699,76,0000000011101111010001011000010010011111001000100100111010011101101100011101,133245515,0,0.040000,1.000000
133250700,85,0110010001001111101111100101001000001001001111100100010010011001001110110110001111111,133245515,0,0.040000,1.000000
133250701,87,011101000100011100101011100101101000011001001111100100010010001001001011110110001101010,133240466,0,0.020000,0.600000
133250702,85,1001001001010100001011101101101000001001001111100100010010001001001111010111001100011,133228727,0,0.040000,0.800000
133250703,82,1000000010111110111110010100101100100100111110010001001000101100111011011000111001,133268601,0,0.020000,0.500000
133250704,82,1000001001100001111101100101000001001001111100100010010001001001111010111001100011,133245515,0,0.040000,1.000000
133250709,76,0000001001010111110000100000100100100111110010001001000100100110000110001011,133232171,0,0.024000,0.600000
133250710,82,0100000001010111011111011010010001000100111110010001001000100100011111101110110101,133235533,0,0.046667,0.700000
133250713,83,11000000011100111111000100100000100100111110010001001000100100111011111000111100110,133235533,0,0.066667,1.000000
133250718,78,001100001100111110011100111110100101111110010001001000100100111010011000111101,133240475,0,0.033333,0.500000
133250719,85,1011001000100111110011100010100100000100100111110010001001001100100111011011000111111,133243643,0,0.070000,0.700000
133250720,82,1110000011100111101100100010100001001001111100100010110001001001011110111101101000,133232171,0,0.020000,0.500000
133250723,83,11100000001110011101010010110100000100100111110011001011000100100111111001001010101,133249265,0,0.060000,0.600000
133250724,81,100000101011000001110110100100000100100111110010001001000000100111101011000100001,133249265,0,0.060000,0.600000
133250725,84,000000000011111001111101010011000010010011111001000100100110010011101111100011110011,133263566,0,0.040000,0.600000
133250738,85,0010000010011100111011100100101000001001001110100100010010001001001111110010011101011,133235541,0,0.070000,0.700000
133250740,85,0010000010011100111011100100101000001001001110100100010010001001001111110010011101011,133255832,0,0.028000,0.700000
133250741,83,11101010000111100101010101011010000010010011011001000100100010010010111111100011010,133235541,0,0.070000,0.700000
133250742,81,100010100111101111110001000111000010010011111001000100100010010010111101100011111,133255832,0,0.032000,0.800000
133250744,84,110110000011100101010100101001000001001001111101100010010001001001110100111001101000,133266902,0,0.028000,0.600000
133250745,84,110110000011100101010100101001000001001001111101100010010001001001110100111001101000,133235541,0,0.070000,0.700000
133250746,85,0010000010011100111011100100101000001001001110100100010010001001001111110010011101011,133245520,0,0.200000,1.000000
133250748,81,100010100111101111110001000111000010010011111001000100100010010010111101100011111,133255832,0,0.020000,0.800000
133250749,85,1101000100011100101011100101101000001001001111100100010010000001001010110110001101011,133255832,0,0.028000,0.700000
133250751,83,11101010000111100101010101011010000010010011011001000100100010010010111111100011010,133235541,0,0.070000,0.700000
133250752,83,01000001010100001011101101001000000001001110100100010010001001001111000101001100010,133262189,0,0.020000,0.500000
133250757,83,00000000000111101111101100001000001011001011100100010010001001001111111011101111010,133255832,0,0.024000,0.600000
133250758,83,10100000101110010101110010110100000100100111110010001001000100101101110011010110101,133268602,0,0.060000,0.600000
133250759,82,1001001000100001011111101101000001001000111100100010010001011001101010111001100011,133262190,0,0.030000,0.600000
133250761,77,11000000011101111010001011000010010011111001000100100110010011101101100011101,133245521,0,0.060000,0.600000
133250763,78,000100011010101110010100101101100100111110011001001001100100111111011000011111,133245521,0,0.100000,1.000000
133250764,83,10000000000111110011111010000110000100100111110010001001001100100111011110001111001,133245499,0,0.035000,0.700000
133250765,83,10100000001110000101110010110100000100100111110010001001000100100101110111010110111,133245521,0,0.060000,0.600000
133250768,83,10100000001110000101110010110100000100100111110010001001000100100101110111010110111,133245521,0,0.100000,1.000000
133250769,86,11100000011011011110110000110100000100100111110010001001000100100101111010000110001111,133266903,0,0.025000,0.500000
133250770,86,10010000010101000010111011011010000010010011111001000100100010010011110101100011000111,133247253,0,0.200000,1.000000
133250771,84,111001000100111110011110010100100000110100111110010001001001100100111011010001111111,133247253,0,0.200000,1.000000
133250774,84,101010001000111010101110010110100000100100111110010001001000100100101011011000110101,133247253,0,0.200000,1.000000
133250775,76,0000011001010111110000100000100100100101100010001001000100100110000110001011,133247253,0,0.200000,1.000000
133250776,83,11001000100111110111110010100100000100100110110010001001001100100111011011000101111,133247253,0,0.120000,0.600000
133250777,83,10000000101011101111101101011001001001001111100100010010001001001110110100001111110,133254152,0,0.024000,0.600000
133250779,81,100000101010000111110110010100000100100111110000001001000100100111101011100110001,133247256,0,0.066667,1.000000
133250780,86,01110100010001110010101110010110100000100100111110010001001000100100101111001000110101,133252599,0,0.050000,0.500000
133250785,74,00000011101111010101011000010010011101001000100100110010011101101100011101,133247259,0,0.100000,1.000000
133250786,87,010101000100011100101011100101101000001001001111100100010010001001001011110110001101010,133230488,0,0.160000,0.800000
133250790,84,100100000101010000101100010010100000000100111100100010010001001101111010111001100010,133247259,0,0.100000,1.000000
133250792,83,01101000100101100101011100101101001001001001111100100010010001001001011110110001010,133254155,0,0.022857,0.800000
133250793,80,01111001110011101000010001110000100100111110011001001000100100101111011000101111,133247262,0,0.050000,1.000000
133250798,85,1001000001010110001011101101101000001001001111100000010010101001001111010111101100011,133260453,0,0.050000,0.500000
133250799,80,00000000111110111110100101010001001001111100100010010001001001011101100011010011,133247264,0,0.100000,1.000000
133250800,83,11001000100111110111110010100100000100100110110010001001001100100111011011000111111,133265294,0,0.070000,0.700000
133250803,84,111001000100111110111110010100100000100100111110010001001001100100111011011000111111,133255840,0,0.070000,0.700000
133250804,83,11001001100111110011110010100100010100100111010010001001001100100011011011100111111,133247266,0,0.050000,1.000000
133250805,84,111101000001100010101010010110100000100100111110010001001000100100101011011000110101,133254148,0,0.160000,0.800000
133250806,83,10000000101011101111100101011001001001001111100100010010001001001110110100001111110,133254148,0,0.160000,0.800000
133250807,77,00000000111110111110001010000010010011111001000100000010010010111011000110000,133265294,0,0.050000,0.500000
133250812,82,1000000001110011101010010110100010100100111110010001001000000100111111001001110101,133255831,0,0.100000,0.500000
133250813,77,00000000111110111110001010000010010011111001000100100010010010111011000110100,133255840,0,0.080000,0.800000
133250820,83,10100000001100010101110010110100000100101111110010001001001100100101110011010110101,133268608,0,0.033333,0.500000
133250824,81,100010001111110111010001001000010010011111001000100100110000111101101100011001101,133255839,0,0.060000,0.600000
133250826,75,000100011100111100101000001001001001111100100010010001001001111111110001101,133230486,0,0.050000,0.500000
133250827,81,100000001010000111110110110100000100100111110010001001000100100111101011100111001,133262196,0,0.100000,0.500000
133250831,87,010101000100011100101011100101101000001001001111100100010010001001001011110110001101010,133263567,0,0.060000,0.600000
133250832,77,00100011011101110011000101101001001111100100010010011001001111110110001111111,133257452,0,0.040000,0.600000
133250835,77,00000010111010111110000001000100101100111110010001001001100100110000110000011,133268607,0,0.120000,0.600000
133250837,85,1101000000011100001011100111101010001001001111000100010010001001001011110110101101010,133259006,0,0.050000,0.500000
133250838,84,011001000100111110011110010100100000100100111110010001001001100100111011011000111111,133268607,0,0.120000,0.600000
133250839,77,00010001101010111001010000111010010011110001000100100110010011001011000111111,133243653,0,0.060000,0.600000
133250840,76,1000101011110111100101000001001001001111100100010010000001001111110100001101,133268607,0,0.120000,0.600000
133250841,83,10000010001110000101110000110101000100100111110010001001001100110111110101001101011,133235537,0,0.070000,0.700000
133250843,85,1011001000100111110011100010100100000100100111110010001001001100100111011011000111111,133243640,0,0.028000,0.700000
133250844,81,110000000101001110111001010101000100100111110010001001000100100011111001001100101,133247273,0,0.053333,0.800000
133250848,83,10100000001110010101110010110100000100100111110010001001000100100101110011000110101,133254152,0,0.024000,0.600000
133250849,76,0000000011101111010001011000010000011111001000100100110010011101101100011101,133247254,0,0.030000,0.600000
133250850,86,11100000011011011110110000110100000100100111110010001001000100100101111010000110001111,133254152,0,0.024000,0.600000
133250851,83,11001000100111110111110010000100000100100110110010001001001100100111011011000111111,133249259,0,0.033333,0.500000
133250852,86,10100000000111110011111010100110000100100111110010001001001100100111011111000111100110,133260455,0,0.046667,0.700000
133250853,76,0000000011101111010001011000010000011111001000100100110010011101101100011101,133260455,0,0.053333,0.800000
133250854,83,10100000001110010101110010110100000100100111110010001001000100100101110011000110101,133243650,0,0.040000,0.600000
133250855,83,10000001101111101111100101001011001001001111100100010010001001001110110110001110011,133254158,0,0.050000,0.800000
133250856,83,10000000001110000101110000110101000100100111110010001001001100110111110101001101011,133237123,0,0.040000,0.800000
133250860,82,1100001010100001111101100101000001001001111100100010010001001101111010011001100011,133260446,0,0.053333,0.500000
133250861,80,01111001110011111000010001110000100100111110011001001000101100101111011000101111,133254149,0,0.033333,0.500000
133250862,83,10111000001110010101010010100100000100100111110010001001000100100101010111001101001,133260455,0,0.040000,0.600000
133250864,83,00000000000111101111101100001000001011001011100100010010001001001111111011101111010,133230488,0,0.120000,0.600000
133250865,84,111001000100111110011110010100100000110100111110010001001001100100111011010001111111,133249259,0,0.066667,1.000000
133250866,83,11100000001110011101010010110100000100100111110010001001000100100111111011001110101,133249259,0,0.066667,1.000000
133250869,84,111001000100111110011110010100100000010100111110010001001001100100111011010001111111,133260455,0,0.040000,0.600000
133250870,80,01111001110011111000010001110000100100111110011001001000101100101111011000101111,133270349,0,0.066667,0.500000
133250871,83,01100100010011111001110001010010000000100111110010001001001100100111011011000111111,133249259,0,0.066667,1.000000
133250873,83,01100000001110011001110010110100000100101111110010001001000100100111111001001110101,133270349,0,0.066667,0.500000
133250877,81,000000000111001010101000001010100100100111110010001001001100110111110101001101001,133249259,0,0.066667,1.000000
133250881,85,0000000000010100101011111111100110001001001111100100010010001001001111010110001011011,133249260,0,0.100000,1.000000
133250883,82,1101000100011100101011100101001001001001001111100100010010001001001011110110001010,133245501,0,0.025000,0.500000
133250884,83,10100000001110010101110010110100000100100111110010001001000100100101110011010110101,133262196,0,0.100000,0.500000
133250885,82,0100100001010010101110011110100000100100011110010001001000100100101111110000111101,133249260,0,0.100000,1.000000
133250886,84,111001000100111110011110010100100000110100111110010001001001100100111011010001111111,133240461,0,0.025000,0.500000
133250887,85,0110000001101101111111000011010010010010011111001000100100010010010111101000011000111,133268608,0,0.040000,0.600000
133250888,78,001001001111101110100001010000010010011111001000100100010010000110011000110100,133257466,0,0.050000,0.500000
133250891,75,000000111111111100001011010101000001111100100010010001001001010101100011001,133249261,0,0.200000,1.000000
133250892,85,1001001001010100001011101101101000001001001111100100010010001001001111010111001100011,133249262,0,0.060000,0.600000
133250893,83,01000000110111110111110010100101100100100111110000001001000100100111011011000111001,133249262,0,0.100000,1.000000
133250894,85,0111110000011100101010100101001000001001001111100110010010001001001110100111001101000,133255839,0,0.060000,0.600000
133250895,81,000000101110010001110010110100000100100111110010001001000100100111111011000110000,133257466,0,0.050000,0.500000
133250896,77,00000010101010111110000001000100101100111110010001001001100100110000110000011,133249262,0,0.100000,1.000000
133250897,77,00000010101010111110000001000100101100111110010001001001100100110000110000011,133249262,0,0.100000,1.000000
133250898,84,110001001100111110011110010100100010100100111010010001001001100100111011011000111111,133249262,0,0.100000,1.000000
133250899,84,110001101001111100111101101001010001001001101100100010010001001001111110110001111010,133249262,0,0.100000,1.000000
133250900,82,1000000001110111101010010110100010100100111110010001001000100100111111001000110101,133249262,0,0.100000,1.000000
133250902,82,1000000001110111101010010110100010100100111110010011001000100100111111001000110101,133251035,0,0.025000,0.500000
133250906,82,1101000100011100101011100101101001001001001111100100010010001001001011110110001010,133249262,0,0.100000,1.000000
133250910,87,011101000100011100101011100101101000001001001111100100010010001001001011110110001101010,133249263,0,0.040000,1.000000
133250912,84,111110000011100101011100101001000001001001111100100010010001001001110100111001101000,133245506,0,0.024000,0.600000
133250913,83,11100000001110011101010010110100000100100111110010001001000100100111111011001110101,133249263,0,0.040000,1.000000
133250916,85,0111000000101111001111100001011001001001001111100100010010001011001100010110000011010,133251033,0,0.070000,0.700000
133250917,80,00000000011111011111000010100000100100111110010001001000100100101110110011101001,133245506,0,0.024000,0.600000
133250919,87,011001000100111110010110010100100000100110111110010001011001100100110011011000111111101,133265304,0,0.040000,0.600000
133250922,80,00000000111110111110100101010001001001111100100010010001001001011101100011010011,133249264,0,0.066667,1.000000
133250925,81,110100000010111011111000010010010000100111110010001001000100100110011011000111110,133262180,0,0.070000,0.700000
133250929,83,10001001100111110011110010100100010100100111010010001001001100100111011011000111111,133266891,0,0.060000,0.600000
133250930,75,000100011100111100101000001001001001111100100010010001001001111110110001101,133247257,0,0.060000,0.600000
133250931,81,100000001111110111010001001000010010011111001000100100110010111101101100011001101,133262187,0,0.070000,0.700000
133250936,84,111001000100111110111110010100100000100100111110010001001001100100111011011000111111,133255843,0,0.120000,0.600000
133250937,76,0010011101010111001010010110000010011111001000100100110010011111101100011101,133245514,0,0.040000,0.600000
133250941,85,1110010001101111100111100111001000001001011111100100010010010001000110111111001111111,133266904,0,0.024000,0.600000
133250946,84,011100000001110011101010010110100000100100111110010001001000100100111111011000100101,133262178,0,0.120000,0.600000
133250948,83,10000000101011101111100111011001001001001111100100010010001001001110110100001111110,133262178,0,0.120000,0.600000
133250950,75,000101011110111100101000001001001001111100100010010001001001111110100001101,133249267,0,0.100000,1.000000
133250951,83,10111001001110010101011010100100000100100111110010001011000100110111010111001101001,133249267,0,0.100000,1.000000
133250953,85,1101010000011100101010100101111000001001001111100100010110001001001011110110001101011,133249267,0,0.100000,1.000000
133250954,82,1101000100011100101011100101101001001011001111100100010010001001001011110110001010,133249267,0,0.100000,1.000000
133250955,84,011100000001110011101010010110100000100100111110010001001000100100111111011000100101,133266905,0,0.060000,0.600000
133250959,83,01001000100111110111110010100100000100100111110010001001001100100111011011010111111,133249267,0,0.100000,1.000000
133250961,83,10000000000111110011111010000110000100100111110010001001001100100111011110001111001,133266905,0,0.070000,0.700000
133250962,83,11001000100111110111110010100000000100100100110010001001001100100111011011000111111,133249267,0,0.100000,1.000000
133250963,85,0101000000011100001011100101101000101001001011100100010010001001001011100110101101011,133249267,0,0.060000,0.600000
133250964,75,000101011110111100101000001001001001111100100010010001001001111110100001101,133262178,0,0.120000,0.600000
133250965,87,011101001100011100101011100101101000001001001111100100010010001001001011110110001101010,133263557,0,0.024000,0.600000
133250966,87,011101001100011100101011100101101000001001001111100100010110001001001011110110001101010,133241963,0,0.035000,0.700000
133250967,84,110010001001111101111100101001000001001001111100100010010011001001110110110001111111,133262178,0,0.120000,0.600000
133250969,87,011101001100011100101011100101101000001001001111100100010010001001001011110110001101010,133249268,0,0.040000,1.000000
133250970,84,100010000011101110011101010000000010010011111001000100100010010011101110010011110010,133266903,0,0.025000,0.500000
133250971,81,110100000011101011111000010010010000100111110110001001000100100100011011000111110,133243654,0,0.025000,0.500000
133250972,83,01110000001110011000110010110100000100100111110010001001000100100011101001001110101,133266903,0,0.025000,0.500000
133250974,83,00000000000111101111101100001000001011001011100100010010001001001111111011101111010,133245501,0,0.020000,0.400000
133250975,83,10000001101111101111100101001011001001001111100100010010001001001110110110001110011,133249269,0,0.050000,1.000000
133250977,81,100010001111110111010001001000010010011111001000100100110000111101101100011001101,133254158,0,0.060000,0.600000
133250979,86,01100110010000111001011001010010000010010011111001100100100110010011100101100011111110,133266898,0,0.050000,0.500000
133250980,81,110100000011101011111000010010010000100111110110001001000100100100011011000111110,133260440,0,0.030000,0.600000
133250981,83,11001001100111110011110010100100010100100111010010001001001100100111011011100111111,133245503,0,0.060000,0.600000
133250982,83,11001001100111110011110010100100010100100111010010001001001100100111011011100111111,133238700,0,0.040000,0.600000
133250983,81,110100000011101011111000010010010000100111110110001001000100100100011011000111110,133257459,0,0.035000,0.700000
133250984,83,00010100000111001010101001011011000010010011111001001100100000010010111000000110101,133255839,0,0.050000,0.500000
133250986,80,01111001110011101000010001110000100100111110011001001000100100101111011000101011,133268609,0,0.070000,0.700000
133250993,79,1000000110101011100101001011001001001111100100010010011001001111110110001111111,133233881,0,0.040000,0.600000
133250994,85,1001000001010100001011101101101000001001001111100100000010001001001111010110001100011,133233881,0,0.046667,0.600000
133250996,86,01001000001010100001111101101101000001001001111100100000010001001001111010110001100011,133255837,0,0.050000,0.500000
133250998,83,11010001000111001010111001010010010110010011111001000100100010010010111101100010100,133232168,0,0.050000,0.500000
133250999,73,0000011110111011101010100100100100111110010001001001100100001111111000110,133262182,0,0.050000,0.500000
133251000,84,101000000011100101011100101101000001001001111100100010010001001001011100110101101010,133262182,0,0.050000,0.500000
133251001,81,000000000111001010101000001010100100100111110010001001001100110111110101001101001,133259019,0,0.100000,0.500000
133251004,75,000001111011111110101010010001001001111100100010010011001001011111110001001,133232168,0,0.060000,0.600000
133251006,73,0000011110111011101010100100100100111110010001001001100100001111111000110,133249271,0,0.100000,1.000000
133251007,84,101000000011100101011100101101000001001001111100100110010001001001011100110101101010,133262182,0,0.050000,0.500000
133251008,82,1000000010101110111100010101100100100100111110010001001000100100111011011000111101,133270351,0,0.050000,0.600000
133251009,86,01000000000111110101100010100100100100100111110010001001001000101111010011000111101011,133254146,0,0.024000,0.600000
133251010,83,11100000001110011101010010110100000100100111110010001001000100100111111011001110101,133263557,0,0.024000,0.600000
133251011,83,10100000001110010101110010110100000100100111110010001001000100100101010011010110101,133249272,0,0.050000,1.000000
133251012,81,100000101010000111110110010100000100100111110010001001000100100111101011100110001,133245515,0,0.020000,0.500000
133251013,78,000100011010101110010100101110100100111110010011001000100100111110011000111111,133228727,0,0.040000,0.800000
133251014,80,00000100111110111110000101000001001001111100100010010001001000011111100011010010,133249272,0,0.050000,1.000000
133251015,86,01001000001010110001011101101101000001001001111100101010010001001001111010111001100011,133249272,0,0.050000,1.000000
133251016,81,000000011110111111010100100000100100111110010001001000100100111011111000111100110,133245515,0,0.020000,0.500000
133251018,78,000100011010101110010100101110100100111110010011001000100100111110011000111111,133270351,0,0.050000,0.500000
133251019,82,1000000010111110111110010100101100100100111110010001001000100100111011011000111001,133245515,0,0.020000,0.500000
133251021,83,10000000000111110011111010000110000100100111110010001000001100100111011110001111001,133270351,0,0.050000,0.500000
133251022,81,000000011110111111010100100000100100111110010001001000100100111011111000111100110,133228727,0,0.040000,0.800000
133251023,86,11100000011011011111110000110100100100100111110010001001000100100101111010000110001111,133255833,0,0.032000,0.800000
133251024,86,01000000000111110101100010100100100100100111110010001001001000101111010011000111101011,133245515,0,0.024000,0.600000
133251025,81,110010000111001100111001011010000010000011111001000100100010100111111001001110101,133268601,0,0.016000,0.400000
133251026,83,10000000000111110011111010000110000100100111110010001000001100100111011110001111001,133240466,0,0.017143,0.600000
133251068,80,10100000001110010101110010110100000100100111110010001001000001001011100110101101,133254147,0,0.040000,0.600000
133251090,83,10100000001110010101110010110100000100100111110010001001000100100101110011010110101,133266897,0,0.040000,0.600000
133251108,84,011000000011110011111100001101001101001001111100100010010001001001011110100001100011,133265291,0,0.120000,0.600000
133251113,82,1000000010101110111100010101100100100100111110010001001000101100111010011000111101,133225410,0,0.140000,0.700000
133251115,83,11100000001110011101010010110100000100100111110010001001000100100111111011001110101,133247261,0,0.025000,0.500000
133251116,86,11100000011011011111110000110100000100100111010010001001000100100101111010000110001111,133240462,0,0.050000,0.500000
133251118,83,10100000001110000101110010110100010100100111110010001001000101100101110011010110101,133227178,0,0.080000,0.600000
133251120,84,101000000011110101011100101101000001001001111100100010010001001001011100110101101010,133262191,0,0.100000,0.600000
133251150,84,111010001000111001010111001011010000010010011111001000100100010010001101011000110101,133257451,0,0.024000,0.600000
133251151,82,1000001010100001101101100101000001001001011100100010010001001001111010111001100011,133235539,0,0.016667,0.500000
133251153,84,110001101001111100111101101001010001001001101100100010010001001001111111010001111010,133255836,0,0.070000,0.700000
133251167,77,00000000111110111110001010000010010011111001000100100010010010111011000110100,133249269,0,0.040000,0.800000
133251170,85,1001000001010110001011101101101000001001001111100100010010001001000111010111001100011,133260445,0,0.033333,0.500000
133251174,83,11100000001110011101010010110100000100100111110010001001000100100111111011001110101,133247253,0,0.100000,0.500000
133251177,86,10010000000011100111011100100101000001001001111100100010010001001001111110010011101011,133266903,0,0.025000,0.500000
133251180,84,000000000011111001111101010011000010010011111001000100100110010011101111100011110011,133266907,0,0.024000,0.600000
133251182,83,10100000001110000101110010110100000100100111110010001001000100100101110111010110101,133228738,0,0.035000,0.700000
133251183,76,0011001111101111111101001100010010011111001000100110010010011100101000110110,133228727,0,0.035000,0.700000
133251184,83,11100000001110011101010010110100000100100111110010001001000100100111111011001110101,133270351,0,0.030000,0.600000
133251197,78,000100011010101110010100101100100100111110010011001001100100111101011000111111,133260449,0,0.120000,0.600000
133251198,83,10100000001110010101110010110100000100100111110010001001000100100101110011010110101,133257454,0,0.024000,0.600000
133251202,81,110101000011110010101010101101000001001001101100100010010010010010111111100011010,133237119,0,0.024000,0.600000
133251206,85,0010000010011100111011100100101000001001001110100100010010001001001111110010011101011,133260438,0,0.060000,0.600000
133251227,85,0010000010011100111011100100101000001001001111100100010010001001001111110010011111011,133230497,0,0.040000,0.600000
133251230,80,01000010101000011111011001010100010010011111001000100100001011011110101110011000,133232163,0,0.025000,0.500000
133251232,73,0010001110011110010100000100100100111110010001001000000100111111011000110,133265303,0,0.070000,0.500000
133251235,80,01110000001110111101100000000100001001001111000100010010000001001111111101010100,133232168,0,0.050000,0.500000
133251240,81,010100000011101011111000010010010000101111110110001001000100100100011011000111110,133240461,0,0.020000,0.400000
133251242,75,000101011110111100101000001001001001111100100010010001001001111110100001101,133247266,0,0.030000,0.600000
133251244,77,00000000111110111110001010000010010010111001000100100010010010111011000110100,133255833,0,0.028000,0.700000
133251248,81,110100000011101011111000010010010000100111110110001001000100100100011011000111110,133240466,0,0.140000,0.600000
133251249,83,11001001100111110011110010100100010100100111010010001001001100100111011011100111111,133249268,0,0.024000,0.600000
133251251,81,110010011001111100111100101001000101001001110100100000100110010011101101110011111,133259014,0,0.060000,0.300000
133251252,83,11001001100111110011110010100100010100100111010010001001001100100011011011100111111,133254148,0,0.140000,0.700000
133251253,84,011010001000111001010111001011010010010010011111001000100100010010010111101100010100,133265302,0,0.040000,0.600000
133251254,84,010000000011111001111101010011000010010011111001000100100110010011101111100011110011,133227178,0,0.070000,0.600000
133251256,83,11100000001110011101110010110100000100100110110010001001000100100111111001101110101,133243645,0,0.060000,0.600000
133251257,83,11100000001110011101110010110100000100100110110010001001000100100111111001101110101,133228738,0,0.030000,0.600000
133251258,82,1101000100011100101011100101001001001001001111100100010010001001001011110110001010,133243645,0,0.060000,0.600000
133251260,84,010000000001111101011000101001001001001001111100100010010010001111101001000011110101,133243640,0,0.024000,0.600000
133251261,84,010000000011111001111101010011000010010011111001000100100110010011101111100011110011,133227178,0,0.070000,0.600000
133251262,84,111001000100111110011110010100000000100100111110010001001001100100101011001000111111,133260451,0,0.060000,0.600000
133251263,83,10100000001110010101110010110100000100100111110010001001000100100101110011010110101,133243644,0,0.060000,0.600000
133251264,79,0000000011111011010010100000000100100111110010001001000100100111011011000111110,133268592,0,0.040000,0.600000
133251265,75,000100011110101100101000001001001001111100100010010001001001111110110001101,133222210,0,0.100000,1.000000
133251266,84,011001010100111110011110010100100000100100111110010001001001100101101011011000111111,133255839,0,0.060000,0.600000
133251268,82,1000000011110111101010010110100010100100111110010001001000100100111111001000110101,133222210,0,0.060000,0.600000
133251272,80,11110000111101111011001000001000010010011111001000100100010110011111101101010100,133254158,0,0.070000,0.700000
133251274,78,000000011111011010010100000000100100111110010001001000100100111011011000110110,133266898,0,0.050000,0.500000
133251275,83,00101100001111010101010010111100100100100111110010001001000000100101110100001101010,133222210,0,0.060000,0.600000
133251276,82,1110000011100111101100100000100001001001111100100010010001001001011110111101101000,133222213,0,0.066667,1.000000
133251278,75,000001111011111110101010010001001001111100100010010010001001011111110001001,133266898,0,0.060000,0.600000
133251279,79,0000000011111011010010100000000100100111110010001000000100100111011011000110110,133222213,0,0.066667,1.000000
133251280,84,111001000110111110011110011100100000100101111111010001001001000100011011111100111111,133222213,0,0.066667,1.000000
133251281,82,0010110000111101010101001011110010010010011111001000100100000010010111010000110101,133262196,0,0.120000,0.600000
133251282,82,1000000001110111101010010110100010100100111110010001001000100100111111001000110101,133260454,0,0.066667,0.800000
133251284,84,110101010001111010101110010110100000100100111110010001101001100100101111001001100101,133255830,0,0.060000,0.600000
133251286,82,1000000010111110111110011100000100101100111110010001001001100100111011011000101101,133266891,0,0.060000,0.500000
133251287,85,0001100000001110011001110010110100010100100111110010001001100100110111111001001110101,133268592,0,0.033333,0.500000
133251292,84,000000000011111001111101010011000010010011111001000100100110010011101111100011110011,133241964,0,0.140000,0.800000
133251297,83,01000001010100001001101101101000001001001111100100010010001001001111000101001100010,133268592,0,0.040000,0.600000
133251300,81,100000101010000111110110010100000100100111110010001001000100100111101011100110001,133251033,0,0.050000,0.800000
133251301,83,11100000001110011101010010110100000100100111110010001001000100100111111011001110101,133247270,0,0.060000,0.700000
133251310,82,1000001000100001111101100101000001001001111100100010010001001001111010111001100011,133243643,0,0.060000,0.600000
133251318,83,11000010100111110011110110101010001001001101100100010010001001001111110010001111011,133245503,0,0.040000,0.600000
133251320,79,1000000011111101110100010010001100100111110010001101001100101110110110001100110,133265292,0,0.120000,0.600000
133251327,86,01110100010001110010101110010110100000100100111110010001001000100100101111001000110101,133262191,0,0.060000,0.600000
133251328,77,00000000111110111110001010000010010011111001000100100010010010111011000111100,133257468,0,0.053333,1.000000
133251333,80,00000000011111011111000010100000100100111110010001001000100100101110110001101001,133252599,0,0.050000,0.500000
133251335,84,110010001001111101111100101001000001001001111100100010010011001001110110110001111111,133243652,0,0.053333,0.800000
133251336,84,110010001001111101111100101001000001001001111100100010010011001001110110110001111111,133260440,0,0.030000,0.600000
133251341,83,10100000001110010101110010110100000100100111110010001001000100100101010011010110101,133238706,0,0.032000,0.800000
133251349,85,1001000001010110001011101101101000001001001111100100010010001001000111010111001100011,133263561,0,0.020000,0.500000
133251350,82,1110000011110111101100100000100001001011111100100010010001001001011010110111101000,133223823,0,0.066667,1.000000
133251352,85,1001000001010110001011101101101000001001001111100100010010001001000111010111001100011,133235542,0,0.033333,0.500000
133251353,83,11001001100111110011110010100100010100100111010010001001001100100111011011100111111,133263575,0,0.028000,0.700000
133251354,82,1010000001111101111100001001001001101001111100100010010001001001100110110001111110,133263561,0,0.020000,0.500000
133251366,81,100000001011111011111010010010000000100111110010001001000100100111111101110110101,133263556,0,0.040000,0.600000
133251368,83,10000100101011101111100101011001001001001111100100010010001001001110110100001111110,133265288,0,0.100000,0.500000
133251369,82,1101000100011100101011100101101001001011001111100100010010001001001011110110001010,133265288,0,0.100000,0.500000
133251370,82,1010000001111101111100001000001001101001111100100010010001001001100110110001111110,133225402,0,0.033333,0.500000
133251371,76,0010001001110111001100010010100100111110010001001001100100111111011000101111,133260439,0,0.040000,0.600000
133251372,77,00100011011101110011000101101001001111100100010010011001001111110110001111110,133243661,0,0.040000,0.600000
133251374,84,100010000001001110011101010000000010010011111001000100100010010011101110010011110010,133260439,0,0.033333,0.500000
133251392,86,11100000011011011110110010110100000100100111110010001001000100100101111010000110001111,133251032,0,0.120000,0.600000
133251393,81,100000101010000111110110010100000100100101110010101001000100100111101011100110001,133268598,0,0.020000,0.400000
133251394,77,00000000111110111110001010000010010011111101000100110010010010111011000110100,133251032,0,0.100000,0.500000
133251395,76,0000010101010111110000001000100101100111110010001001001100100110000110001011,133251032,0,0.120000,0.600000
133251397,75,000100011101111100101000001001001001111100101010010000001001111110110001101,133251035,0,0.040000,0.800000
133251400,82,1100001010011101001111011010101000100100110110010001001000100100111111001000111101,133225398,0,0.100000,1.000000
133251401,83,11100000001110011101010010110100000100100111110010001001000100100111111011001110101,133262183,0,0.100000,0.500000
133251403,74,00000011101101010101011000010010011101001000100100111010011101101100011101,133225398,0,0.100000,1.000000
133251404,83,10100000001110010101110010110100000100100111110010001001000100100101110011010110101,133263569,0,0.080000,0.800000
133251405,81,101111001110011111000010001110000100100111110011001001000100100101111011000101111,133254151,0,0.070000,0.700000
133251406,83,11100000001110011101010010110100000100100111110010001001000100100111111011001110101,133262183,0,0.100000,0.500000
133251407,84,110101010001110110101110010110100000100100111110010001001001110100101011000000100101,133262180,0,0.060000,0.600000
133251408,75,000100011010111100100000001001000001111100100010010001001001111110110000101,133262183,0,0.120000,0.600000
133251409,82,1000000010111110111110010100101100100100111110010001001000100100111011011000111001,133238706,0,0.032000,0.800000
133251415,86,10100000001011111011111011010010000010010011111001000100100010010011111110111011010111,133247260,0,0.066667,1.000000
133251418,82,1000000010111110111110011100100100100100111110010001001100100100111011011000101101,133240463,0,0.060000,0.600000
133251420,82,1000000010111110111110010100101100100100111110010001001000100100111011011000111001,133232166,0,0.053333,0.800000
133251421,84,000000000011111001111101010011000010010011111001000100100110010011101111100011110011,133268593,0,0.023333,0.700000
133251422,83,11101000000011100101011100101101110001001001111100100000010001001101001110110011010,133245506,0,0.020000,0.500000
133251423,79,0000000011111011010010100000000100100111110010001001000100100111011011000110110,133247266,0,0.030000,0.600000
133251424,82,1001001000100001011111101101000001001001111100100010010001011001101010111001100011,133247262,0,0.035000,0.700000
133251425,83,11001000100111110111110010100100000100100110110010001001001100100111011011000111111,133245516,0,0.030000,0.600000
133251426,80,00100100111110111110000101000001001001111100100010010001001000011001100011010011,133268596,0,0.200000,1.000000
133251428,83,11000000001111011101000110010100010101100111110010001001000100100111011001001110101,133262191,0,0.050000,0.500000
133251429,82,1010000001111101111100001000001001001001111100100010010001001001100110110001111110,133252599,0,0.050000,0.500000
133251441,83,11100000001110011101010010110100000100100111110010001001000100100111111011001110101,133225409,0,0.050000,1.000000
133251443,84,110101010001110110101110010110100000100100111110010001001001100100101111000000100101,133241974,0,0.030000,0.600000
133251447,77,00000010101010111110000001000100101100111110010001001001100100110000110000011,133240467,0,0.030000,0.600000
133251448,82,0000000000111001000111000011010100010010011111001000100111110011011111010100110101,133251042,0,0.080000,0.400000
133251449,76,0000000011100111010001011000010010011111001000100100110010011101101100011101,133240467,0,0.030000,0.600000
133251450,81,100000001110101111101001001000001001001111101100010010001001001101110010001111001,133254150,0,0.070000,0.700000
133251452,82,1000001010100101011001101101000001001001111100100010010111001001111010110001100010,133225410,0,0.200000,1.000000
133251453,82,1100000001011111011110110100100000100100111110010001001000100100111111101110110101,133243659,0,0.198413,1.000000
133251455,84,110011001000111100101100101001000001001101111100110010010011001001100101100011111110,133265289,0,0.030000,0.600000
133251457,84,110101010001110110101110010110100000100100111110010001001001100100101111000000100101,133232171,0,0.024000,0.600000
133251459,82,0000000000111001010101000001010100010010011111001000100100110011011111010100110100,133243643,0,0.060000,0.600000
133251463,85,1001001001010100001011101101101000001001001111100100010010001001001111010111001100011,133249262,0,0.060000,0.600000
133251466,84,011001000100111110111110010100100000100100111110010001001001100100111011011000111111,133235537,0,0.070000,0.700000
133251468,81,100000101010001111110110010100000100100111110010001001000100100111100011100110001,133252609,0,0.100000,1.000000
133251469,84,111100100001110010101110010110111000100100111110010001001000100100101111011000110101,133251034,0,0.040000,0.600000
133251476,87,011100000011011011111110000110100000100100111110010001001000100100101110010000110001111,133265293,0,0.053333,0.800000
133251477,76,0000101111111111100001011010101001001111100100010010001001001010100100111001,133227178,0,0.100000,1.000000
133251480,83,10100000001110010101110010110100000000100111110010001001000100101101110011011110101,133254149,0,0.033333,0.500000
133251482,84,111000001101111001111100111001001001001001111100100010010001001001100110110010011010,133263561,0,0.020000,0.500000
133251483,74,00000011101111010101011000010010011101001000100100110010011101101100011101,133263564,0,0.060000,0.600000
133251486,85,1001000001010100001011000100101000000001001111100100010010001001111111010111001100010,133223823,0,0.033333,0.500000
133251491,82,0100000000011111010110001010100100100100111110010001001001000111110100110001111010,133263564,0,0.060000,0.600000
133251494,85,1100100010011111011111001010010000010010011111001000100100110010011101101100011111111,133240472,0,0.046667,0.700000
133251495,83,00000110011110111111110100000000100100110110010001001000100100111011111000111100110,133255825,0,0.050000,0.500000
133251496,85,0000000010010100101011111111100110101001001111100100011010001001001111010110001011011,133223829,0,0.025000,0.500000
133251497,85,1110100000001110010101110010110111000100100111110010001001001100100100111011001110101,133243650,0,0.040000,0.600000
133251498,82,1010000001111101111100011001001001001001111100100010010001001001100110110001111110,133238696,0,0.030000,0.600000
133251500,86,01100110010001111001011001010010000010010011111001100100100110010011100101100011111110,133268610,0,0.024000,0.600000
133251509,76,0010001101110111001100010110100100111110010001001000100100111111011000111111,133262195,0,0.050000,1.000000
133251513,82,1010000001111101111100000001011001001001111100100010010001001001100110110001111110,133251039,0,0.040000,0.600000
133251515,83,01000010011111110111110010100101100100100111110010001001000100110111011011000111001,133238687,0,0.100000,0.500000
133251516,84,110101010001111010101110010110100000100100111110010001001001100100101111001001100101,133251039,0,0.040000,0.600000
133251517,83,11001001100111110011110010100100010100100111010010001001001100100111011011100111111,133251039,0,0.040000,0.600000
133251518,83,00000001001010010101111111110011010100100111110010001101000100100111100110001011011,133228722,0,0.040000,1.000000
133251519,85,1000001010100001011101101101000001011001111100100010010001001001111010110101100010101,133228722,0,0.040000,1.000000
133251520,80,11100000111001111110010000010000100100111110010001001000101100101110011010110100,133228722,0,0.040000,1.000000
133251521,85,0011001000100111110011110010100100000100100111110010001001001100100111011011000111111,133228722,0,0.040000,1.000000
133251522,77,00000000111110111110001010000010010011111101000100110010010010111011000110100,133268606,0,0.060000,0.600000
133251523,84,110101010001110110101110010110100000100100111110010001001001100100101111000000100101,133228722,0,0.040000,1.000000
133251524,84,110101010001110110101110010110100000100100111110010001001001100100101111000000100101,133228722,0,0.040000,1.000000
133251525,86,01100110010001111001011001010010000010010011111001100100100110010011100101100011111110,133245516,0,0.035000,0.500000
133251527,84,010000000101111101111101101001000001001001111101100010010011001001111111011101101011,133255826,0,0.120000,0.600000
133251530,85,0010000010011100111011100100101000001001001111100100010010001001001111110010011101011,133255826,0,0.120000,0.600000
133251531,83,11101000100111100001011100101101001101001001111100100010010001001001011110110001010,133249263,0,0.032000,0.800000
133251532,82,1000000011111101110100010010000100100111110010001001001100101111011011000110011010,133255826,0,0.120000,0.600000
133251535,86,11110010001001111101111100101001000001001001111100100010010011001001110110110001111110,133257453,0,0.040000,0.600000
133251536,83,11000000001111011101000110010100010101100111110010001001000100100111011001001110101,133257453,0,0.033333,0.500000
133251539,83,11101010000011100101010101011010000010010011111001000100100010010010101111100011010,133228726,0,0.200000,1.000000
133251540,86,01001000001010100001010000100101000000001001111100100010010001001101111010111001100010,133247270,0,0.060000,0.600000
133251541,86,01001000001010100001010000100101000000001001111100100010010001001101111010111001100010,133228726,0,0.120000,0.600000
133251543,84,110101010001110110101110010110100000100100111110010001001001110100101111000000100101,133228726,0,0.200000,1.000000
133251544,85,1111100000111001010101001010010010010010011111001000100100010010011101011110011010001,133228726,0,0.160000,0.800000
133251546,80,10000000111101111110101001000001001001111100100010000001001011101111100011110011,133268592,0,0.033333,0.500000
133251547,83,00000000000111101111101100001000001011001011100100010010001001001111111011101111010,133243644,0,0.050000,0.500000
133251549,85,0111110000011100101010100101001000001001001111100110010010001001001110100111001101000,133228726,0,0.120000,0.600000
133251550,85,0100000001011111011111011010010000010010011111001000100100010010011111110111011010111,133228726,0,0.200000,1.000000
133251551,83,00100000001111101111110101001000101001001111100110010010011001001110111110001111001,133228727,0,0.050000,1.000000
133251552,84,101010001000111010101110010110100000100100111110010001001000100100101011011000110101,133228727,0,0.050000,1.000000
133251556,84,011010001000111001010111001011010010110010011111001000100100010010010111101100010100,133263560,0,0.160000,0.800000
133251557,83,11100000001110011101010010110100000100100111110011001001000100100111111001001010101,133255841,0,0.025000,0.500000
133251558,84,111000011111011110110010000110100100100111110010001001000100100101111011010110110000,133228731,0,0.033333,0.500000
133251559,78,011110011100111110000100011100001001001111100110010100010110010111101100010111,133263562,0,0.040000,0.400000
133251562,78,001100011010101010010100001100100100011110011001001001100100111101011000111111,133247266,0,0.030000,0.600000
133251566,82,1000000001111011101010110110100010100100111110010001001000100100111111001001110101,133252606,0,0.060000,0.600000
133251567,84,011001000100111110011110010100100000100100111110010001001001100100111011011000111111,133254154,0,0.060000,0.600000
133251568,85,1111010001000111010101110010110100000100100111110010001001000100100101111011000110101,133249265,0,0.060000,0.700000
133251569,83,00010110000111001011101001011010010010010011111001000100100000010010111010000110100,133249271,0,0.070000,0.700000
133251570,76,0000000011101111010001011000010010011111001000100100110010011101101100011101,133228736,0,0.120000,0.600000
133251571,84,110011001000111100101100101001000001001101111100110010010011001001100101100011111110,133228736,0,0.200000,1.000000
133251572,80,10000000111101111110100001000001001001111100100010000001001011101111100011110011,133254154,0,0.050000,0.500000
133251573,83,11100000010011110001110101100100000100100110110010001000000100100111111001000111101,133249265,0,0.060000,0.600000
133251574,82,0100100001010010101110011110110000100100111110010001001000100100101111110000111101,133228737,0,0.028000,0.700000
133251575,84,001001010100111110011110010100100000100100111110010001000001100101101011011000111111,133228737,0,0.024000,0.600000
133251580,83,11101010000011100101010101011010000010010011111001000100100010010010111101100011010,133230482,0,0.025000,0.500000
133251581,83,10000100101011101111100101011001001001001111100100010010001001001110110100001111110,133230482,0,0.050000,1.000000
133251582,83,10000000001110000101110000110101000100100111110010001001001100110111110101001101011,133252602,0,0.100000,0.500000
133251584,83,10100000001110000101110010110100000100100111110010001001000100100101110111010110111,133252603,0,0.080000,0.800000
133251587,77,00000000111110110100101000000001001001111001000100100010010011001101100011111,133252603,0,0.050000,0.500000
133251588,83,01001000100101010111110010100100000100100110110010001001001100100111011011000111111,133232157,0,0.040000,0.600000
133251593,86,11000000011011011110110000110100000100100111110010001001000100100101111010000110001111,133247260,0,0.033333,1.000000
133251595,83,11101000100111100001011100101101001101001001111100100010010001001001011110110001010,133230486,0,0.100000,1.000000
133251596,86,01110100010001110010101110010110100000100100111110010001001000100100101101011000110101,133230486,0,0.100000,1.000000
133251597,82,1000001010100001110101101101000001001001111100101010010001001001111010111001100010,133230486,0,0.100000,1.000000
133251598,75,000001111011011110101010010001001001111100100010010011001001011111110001101,133254157,0,0.070000,0.700000
133251599,75,000001111011011110101010010001001001111100100010010011001001011111110001101,133268608,0,0.040000,0.600000
133251600,82,0000100000111001000111000011010100010010011111001000100100110011011111010100110101,133254157,0,0.060000,0.600000
133251601,77,00100000111110111110001010000010010011111001000100100010010010111011000110100,133230486,0,0.100000,1.000000
133251602,83,11101000100111100001011100101101001101001001111100100010010001001001011110110001010,133254158,0,0.100000,1.000000
133251603,85,0100000000111110011111010100110000100100111110010001001001100100111011111000111100110,133254157,0,0.070000,0.700000
133251604,87,011000100010011111001111011010010000010010011011001000100100110010011101001100011111110,133230486,0,0.100000,1.000000
133251605,82,1110000011110111101100100000100001001011111100100010010001001001011110110101101000,133268613,0,0.060000,0.600000
133251606,83,01100000001110010001110010110100000100101111110010001001000100100111111001001110101,133230486,0,0.100000,1.000000
133251607,82,1000000001110111101010010110100010100100111110010001001000100100111111001000110101,133254158,0,0.100000,1.000000
133251608,83,11101000100111100001011100101101001101001001111100100010010001001001011110110001010,133230486,0,0.100000,1.000000
133251609,80,00000100111110111110000101000001001001111100100010010001001000011101100011010010,133249268,0,0.024000,0.600000
133251610,81,100100010010101011111010100100000100100110110010001001001100100111011011000111111,133247266,0,0.030000,0.600000
133251612,84,011011001100111110111110010100100000100100111110010001000001100100111011011000111011,133255843,0,0.024000,0.600000
133251615,83,10000000000111110011111010000110000100100111110010001001001100100111011110001111001,133237123,0,0.053333,0.800000
133251619,86,01000000100011111001111101000011000010010011111001000100100110010011101110100011110011,133255827,0,0.040000,0.600000
133251620,84,011001000100111110011110010100100000100100111110010001001001100100111011011000111110,133230492,0,0.033333,1.000000
133251626,84,111100000001110011101010010110100000100100111110010001001000100100111111011001110111,133254156,0,0.024000,0.600000
133251628,82,0000001011100100011100101101000001000001111100100010010001001001111110110001100001,133254156,0,0.028000,0.700000
133251633,87,011101001100011100101011100101101000001001001111100100010010001001001011110110001101010,133243661,0,0.025000,0.500000
133251634,75,000101011110111100101000001001001001111100100010010000001001111110100001111,133263557,0,0.024000,0.600000
133251635,81,100000101010000111110110010100000100100111010010001001000100100111101010100110001,133254149,0,0.033333,0.500000
133251636,83,10000000000111110011111010000110000100100111110010001001001100100111011110001111001,133255839,0,0.040000,0.600000
133251637,78,001100001100111110011100111010100101111110010001001000100100111010011000111111,133232157,0,0.066667,1.000000
133251638,84,111000011111011110110010000110100100100111110010001001000100100101111011010110110000,133232157,0,0.066667,1.000000
133251639,84,111000011111011110110010000110100100100111110010001001000100100101111011010110110000,133262193,0,0.120000,0.600000
133251640,82,1001001000100001011111101101000001001001111100100010010001011001101010111001100011,133259010,0,0.032000,0.800000
133251642,82,1000001010100101011101101101000001001001111100100010010001001001111000101001100010,133230486,0,0.050000,0.500000
133251643,83,11101010000111100101010101011010000010010011011001000100100010010010111111100011010,133243640,0,0.028000,0.700000
133251646,84,011001010100111110011110010100100000100100111110010001001001100101101011011000111111,133249267,0,0.060000,0.600000
133251648,76,0000100011101111100101000001001001001111100100010010000001001111110110001101,133249267,0,0.060000,0.600000
133251652,82,0100000001010111011111011010010001000100111110010001001000100100011111101110110101,133249267,0,0.060000,0.600000
133251654,84,011001000100111110011110010100100000100100111110010001001001100100111011011000111111,133249267,0,0.070000,0.700000
133251655,83,11100000001110011101010010110100000100100111111010001001000100100111111011001110101,133232161,0,0.033333,0.500000
133251658,82,0010110000111001010101001011010010010010011111001000100100000010010111010000110101,133268590,0,0.040000,0.600000
133251659,84,110011001000111100101100101001000001001101111100110010010011001001100101100011111110,133232161,0,0.066667,1.000000
133251660,83,11101010000111100101010101011010000010010011011001000100100010010010111111100011010,133268590,0,0.040000,0.600000
133251661,84,001001010100111110011110010100100000100100111110010001001001100101101011011000111111,133247269,0,0.046667,0.700000
133251662,84,110101000001110010101010010110100000100100111110010001001000100100101111110000110101,133268590,0,0.040000,0.600000
133251663,82,1110000011100111111100100000100001001001111100100010010001001001011110110101101000,133247269,0,0.053333,0.800000
133251665,80,00001001000011011111001010010010010010011111001000100100010010011001011100011100,133232161,0,0.040000,0.600000
133251668,80,01111001110011101000010001110000100100111110011001001000100100101111011000101011,133232161,0,0.066667,1.000000
133251670,85,1011001000100111110011100010100100000100100111110010001001001100100111011011000111111,133268590,0,0.040000,0.600000
133251672,83,11100000001110011101010010110100000100100111110010001001000100100111111011001110101,133247269,0,0.053333,0.800000
133251673,83,11100000001110011101010010110100000100100111110010001001000100100111111011001110101,133232161,0,0.066667,1.000000
133251674,85,1011001000100111110011100010100100000100100111110010001001001100100111011011000111111,133268590,0,0.040000,0.600000
133251677,82,1000001010100001011101101001000000001001110100100010010001001001111000101001000010,133255831,0,0.080000,0.400000
133251678,79,0000000110101011100101001011001001001111100100010010011001001111110110001111111,133255831,0,0.120000,0.600000
133251683,75,000100011010111100101000001001000001111100100010010001001001101110110001101,133232165,0,0.100000,1.000000
133251684,86,11110010001001111101111100101001000001001001111100100010010011001001110110110001111110,133266893,0,0.120000,0.600000
133251685,85,1011001000100111110011100010100100000100100111110010001001001100100111011011000111111,133255832,0,0.028000,0.700000
133251686,84,011010000000111001010111001011010010010010011111001000100100010010010111101100010100,133232166,0,0.066667,1.000000
133251687,84,110010001001111101111100101001000001001001111100100010010011001001110110110001111111,133223829,0,0.030000,0.600000
133251688,75,000001111011011110101010010001001001111100100010010011001001011111110001101,133245520,0,0.120000,0.600000
133251689,85,1101000000011110001011100101101010001001001111000100010010001001001011110110001101010,133233881,0,0.040000,0.600000
133251690,83,01000010011111110111110010100101100100100111110010001001000100110111011011000111001,133232169,0,0.066667,1.000000
133251691,83,11000000011100111111010100100000100100101110010001001000100100111011011000111100110,133265293,0,0.046667,0.700000
133251692,83,11010000001111101111100001001001001001001111100100010010001001001100110110001110110,133232169,0,0.066667,1.000000
133251693,79,0000000001110111110100010010100100100110100010001001000100100111011011000011001,133232169,0,0.033333,0.600000
133251694,84,110000001101011110110000110100000100100111110010001001000100100101111010000110001011,133235537,0,0.080000,0.800000
133251695,75,000100011100111110101000001001001001111100100010010010001001111110110001101,133232169,0,0.066667,1.000000
133251696,83,11100000001110011101010010110100000100100111110010001001000100100111111011001110101,133233881,0,0.066667,0.600000
133251697,83,11010000001111101111100001001001001001001111100100010010001001001100110110001110110,133233881,0,0.040000,0.600000
133251698,78,001100001100111110011100111010100101111110010001001000100100111010011000111111,133233881,0,0.066667,0.600000
133251699,77,00010001101010111001010000111010010011111001000100100110010011001011000111111,133254151,0,0.080000,0.800000
133251700,85,0100000000111110011111010100110000100100111110010001001001100100111011111000111100110,133254151,0,0.070000,0.700000
133251702,83,11100000001110011101010010110100000100100111110010001001000100100111111011001110101,133232171,0,0.040000,1.000000
133251705,79,0000000011111011110000010100000100100111110010001001000100100101100110001101001,133245513,0,0.030000,0.600000
133251708,82,1010000001111101111100001000001001101001111100100010010001001001100110110001111110,133245516,0,0.040000,0.500000
133251710,86,01110100010001110010101110010110100000100100111110010001001000100100101111011000110101,133235533,0,0.066667,1.000000
133251713,76,0000010101010111110000001000100001100111110010001001001100100110000110001011,133270343,0,0.033333,0.500000
133251714,81,000000011110111111010100100000100100111110010001001000100100111011111000111100110,133232171,0,0.040000,1.000000
133251717,84,111100100001110010101110010110111000100100111110010001001000100100101111011000110101,133228722,0,0.040000,1.000000
133251720,76,0010001101110111001100010110100100111110010001001011100100111111011000111111,133259013,0,0.040000,0.600000
133251722,85,0010010101001111100111100101001000001001001111100100010010011001011010110110001111110,133265297,0,0.053333,0.800000
133251723,85,0000000010010100101011111111100110101001001111100100011010001001001111010110001011011,133259013,0,0.040000,0.600000
133251726,83,11100000001110011101010010110100000100100111110010001001000100100111101011001110101,133262188,0,0.040000,0.800000
133251730,77,00000000111110111110001010000010010011111001000100100010010010111011000111100,133233871,0,0.066667,1.000000
133251739,82,1011000010111100111110010100101100100100111110010001001000100100111011011000111001,133251030,0,0.024000,0.600000
133251740,82,1000000010111110111110010100101100100100111110010001001000100100111011011000111001,133251030,0,0.024000,0.600000
133251741,84,111000000101111001111100111001001001001000111100100010110101001001100110110000011010,133260443,0,0.120000,0.600000
133251742,81,110100000010111011111000010010010000100111110010001001000100100110011011000111110,133233877,0,0.100000,1.000000
133251744,75,000100011100101101101000001001001001111100100010010000001001111110110001101,133257456,0,0.060000,0.600000
133251745,83,10111000001110010101010010100100000100100111110010001001000100110111010111001101001,133233877,0,0.100000,1.000000
133251747,83,10100000001110010101110010110100000100100111110010001001000100100101110011010110101,133254149,0,0.040000,0.600000
133251751,81,100000101010000111110110010100000100100111010010101001000100100111101011100110001,133260441,0,0.030000,0.600000
133251753,81,100000101010000111110110110100000100100111110010001001000100100111101011100111001,133263565,0,0.060000,0.600000
133251755,82,1000000001110101101010010110100010100100111110010001001000100100111111001000110101,133268597,0,0.020000,0.600000
133251759,84,011101000100011100101011100101101000010010011111001000100100010010010111001100011010,133238705,0,0.024000,0.600000
133251760,89,01011100000110110111111100001101001001001101111100100010010001001001011010100001100011101,133263568,0,0.040000,0.600000
133251761,79,0000010011110111110001001111000010010010111001000100100010010010111101100010111,133260445,0,0.024000,0.500000
133251763,82,1000000010111110111110011100100100100100111110010001001100100100111011011000101101,133252598,0,0.032000,0.800000
133251764,83,11000000011100111111000100100000100100111110010001001000100100111011111000111100110,133245514,0,0.033333,0.500000
133251778,81,000000101110010001110010110100000100100111110010001001000100100111111011000110000,133232163,0,0.025000,0.500000
133251779,84,111100000001110011101010010110100000100100111110010001001000100100111111011001110111,133249267,0,0.060000,0.600000
133251780,81,000000011110111111010100100000100100111110010001001000100100111011111100111100110,133257457,0,0.030000,0.600000
133251781,75,000100011011111100101000001001000001111100100010010000001001111110110001101,133257455,0,0.040000,0.600000
133251783,81,100000101010000111110110110100000100100111110010001001000100100111101011100111001,133257455,0,0.053333,0.800000
133251786,82,1000001010110000011101101101000001001001111100100010010001001001111010110001000011,133237113,0,0.080000,0.800000
133251787,74,00000011101111010101011000010010011101001000100100110010011101101100011101,133237113,0,0.060000,0.600000
133251789,75,000100011011111100101000001001000001111100100010010001001001111110110001101,133260444,0,0.120000,0.600000
133251792,78,110010001101110111001100010110100100111110010001001001100100111111011000111111,133235533,0,0.066667,1.000000
133251793,83,10100000001110010101110010110100000100100111110010001001000100100101110011000110101,133235534,0,0.200000,1.000000
133251794,84,111010011111011110110010000110100100100111110010001001000000100111111011010110110000,133235534,0,0.200000,1.000000
133251795,85,0110010001001111101111100101001000001001001111100100010010011001001110110110001111111,133235534,0,0.200000,1.000000
133251797,75,000100011101111100101000001001001001111100100010010000001001111110100001101,133241964,0,0.140000,0.800000
133251800,76,0000010101010111110000001000100001100111110010001001001100100110000110001011,133247270,0,0.060000,0.500000
133251803,82,1101001100011100101011100101101001001011001111100100010010001001001011110110001010,133249263,0,0.024000,0.600000
133251808,84,111001000100111110011110010100100000110100111110010001001001100100111011010001111111,133260451,0,0.060000,0.600000
133251811,79,1000000111101110111001000011000010010011111001001100100010010010101101101011010,133235537,0,0.100000,1.000000
133251812,82,0100010100111101111110001000111000010010011111001000100100010010010111101100010111,133263567,0,0.060000,0.600000
133251813,83,11001001100111110011110010100100010100100111010010001001001100100111011011100111111,133260451,0,0.060000,0.600000
133251815,86,11110010001001111101111100101001000001001001111100100010010011001001110110110001111110,133263568,0,0.040000,0.600000
133251816,86,11110010001001111101111100101001000001001001111100100010010011001001110110110001111110,133254159,0,0.060000,0.600000
133251819,75,000100011010111000101000001001000001111100100010010001001001111110110001101,133241971,0,0.025000,0.500000
133251820,84,011010000000111001010111001011010010010010011111001000100100010010010111101100010100,133270351,0,0.025000,0.600000
133251821,80,10000000111101111110100001000001001001111100100010000001001011101111100011110011,133235542,0,0.066667,1.000000
133251823,82,0010110000101001010101001011010010000010011111001000100100010010010111010000110101,133259015,0,0.120000,0.600000
133251824,80,10000000111101111110100001000001001001111100100010000001001011101111100011110011,133263566,0,0.026667,0.400000
133251826,84,011010000000111001010111001011010010010010011111001000100100010010010111101100010100,133241971,0,0.030000,0.600000
133251827,82,1000001010100001101101100101000001001001011100100010010001001001111010111001100011,133243661,0,0.025000,0.500000
133251828,81,000000101110010001110010110100000100100111110010001001000100100111111011000110000,133241971,0,0.030000,0.600000
133251829,75,000100011010111000101000001001000001111100100010010001001001111110110001101,133252599,0,0.050000,0.500000
133251830,86,01000000100011111001111101000011000010010011111001000100100110010011101110100011110011,133241971,0,0.030000,0.600000
133251832,82,1000001010100001101101100101000001001001011100100010010001001001111010111001100011,133259015,0,0.120000,0.600000
133251833,82,1000000001110111101010010110100010100100111110010001001000100100111111001000110101,133235542,0,0.066667,1.000000
133251834,81,000000101110010001110010110100000100100111110010001001000100100111111011000110000,133235542,0,0.066667,1.000000
133251835,82,1010000001111101111100001001001001001001111100100010010001001001100110110001111110,133259015,0,0.140000,0.700000
133251836,86,01000000100011111001111101000011000010010011111001000100100110010011101110100011110011,133241971,0,0.030000,0.600000
133251837,86,01000000100011111001111101000011000010010011111001000100100110010011101110100011110011,133235542,0,0.066667,1.000000
133251838,80,10000000111101111110100001000001001001111100100010000001001011101111100011110011,133259015,0,0.120000,0.600000
133251840,83,01000010011110111011100100001100000101001111100100010000011001001010100110101100011,133260438,0,0.050000,0.500000
133251842,81,100000101011000001110110100100000100100111110010001001000000100111101011000100001,133262188,0,0.035000,0.700000
133251849,79,0000000011111011010010100000000100100111110010001001000100100111011011000111110,133232165,0,0.060000,0.600000
133251854,84,011001000100111110011110010100100000100100111110010001001001100100111011011000111111,133255827,0,0.040000,0.600000
133251858,82,1000000010111010111110011100000100101100111111010001001001100100111011011000101101,133265290,0,0.060000,0.600000
133251859,83,10100000001110000101110010110100000100100111110010000001000100100101110011010110101,133243654,0,0.025000,0.500000
133251860,82,1100001010100001111101100101000001001001111100100010010001001101111010011001100011,133237113,0,0.100000,1.000000
133251867,84,111001000100111110111110010100100000100100111110010001001001100100111011011000111111,133251035,0,0.030000,0.600000
133251871,77,00100011011101110011000101101001001111100100010010011001001111110110001111110,133260445,0,0.020000,0.600000
133251872,84,111001000100111110111110010100100000100110111110010001001001100100111011011000111111,133268591,0,0.040000,0.600000
133251873,83,00000000000111101111101100001000001011001011100100010010001001001111111011101111010,133262181,0,0.120000,0.600000
133251874,82,1000000011110111101010010110100010100100111110010001001000100100111111001000110101,133237121,0,0.100000,1.000000
133251875,83,01000001010100101011101101101000001001001110100100010010011001001111010110001100010,133251044,0,0.060000,0.600000
133251876,86,01100110010001111001011001010010000010010011111001100100100110010011100101100011111110,133257461,0,0.120000,0.600000
133251877,75,000100011010111100101000001001000001111100100010010001001001111111110000101,133237121,0,0.100000,1.000000
133251878,83,11100000001110011101010010110100000100100111110010001001000100100111111011001110101,133251044,0,0.060000,0.600000
133251881,76,0000000011100111010001011000010010011111011000100100110010011101101100011101,133249261,0,0.120000,0.600000
133251884,80,00000000011100101010100000101010010010011111001000100100110011011111010100110100,133262189,0,0.020000,0.500000
133251886,84,111010001000111001010111001011010000010010011111001000100100010010001101011000110101,133257464,0,0.033333,1.000000
133251891,82,1100000001011111011110110100100000100100111110010001001000100100111111101110110101,133252612,0,0.160000,0.800000
133251909,79,0000010011111011010010100000000100100111110010000001000100100111011011001111110,133238699,0,0.100000,1.000000
133251910,76,0000100011110111100101000001001001001111100100010010001000001111110110001101,133238699,0,0.100000,1.000000
133251912,77,00000000111110111110001010000010010011111001000100100010010010111011000111100,133225411,0,0.080000,0.800000
133251913,84,111001000100111110111110010100100000100100111110010001001001100100111011011000111111,133262190,0,0.030000,0.600000
133251914,82,1000001010100001111101101101000001001001111100100010010001001001111010111001110010,133255824,0,0.200000,1.000000
133251918,83,11100000001110011101010010110100000100100111110010001001000100100111111011001110101,133243640,0,0.032000,0.800000
133251919,83,00010100000111001010101001011011000010010011111001001100100000010010111000000110101,133255824,0,0.140000,0.700000
133251921,81,111010000111001100111001011010000010000011111001000100100010100111111001001110101,133243640,0,0.024000,0.600000
133251923,84,110101010001110010101010010110100000100100111110010001011000100100011101001101110101,133247255,0,0.032000,0.800000
133251925,86,10010000010101000010111011011010000010010011111001000100100010010011110101100011000101,133235539,0,0.020000,0.600000
133251926,81,000000101110010101110010110100000100100111110010001001000100100111111011000110000,133243640,0,0.040000,0.800000
133251927,84,111001000100111110111110010100100000100100111110010001001001100100111011011000111111,133247273,0,0.020000,0.700000
133251929,85,0011000000001111001101000110110100010000100111110010001001000100100111111001001110101,133260447,0,0.100000,0.500000
133251931,87,110010000000011100111011100100101000001001001111100100010010001001001111110010011101011,133240461,0,0.050000,1.000000
133251932,80,10100010001110010101110010110100100100100111110010001001000100100101110110001010,133257462,0,0.100000,1.000000
133251933,75,000101011110111100101000001001001001111100110010010001001001111110100001101,133257462,0,0.080000,0.800000
133251934,86,01110100010001110010101110010110100000100100111110010001001000100100101111011000110101,133255829,0,0.030000,0.600000
133251936,84,111010100000111001010101010110100000100100111110010001001000100100101111011000110101,133245511,0,0.025000,0.500000
133251937,83,01001000100111110111110010100100000100100111110010001001001100100111011011000111011,133240464,0,0.100000,1.000000
133251939,85,1101010000011100101010100101111000001001001111100100010010001001001001110110001101011,133240464,0,0.100000,1.000000
133251942,81,100000101010000111110110010100000100100111110010001001000100100111101011100110001,133240468,0,0.066667,1.000000
133251943,86,11100000010011011111110000110100100100100111100010001001100100100101111010000110001111,133270347,0,0.050000,0.500000
133251944,84,111010100000111001010101010110100000100100111110010001001000100100101111011000110101,133247259,0,0.060000,0.600000
133251946,83,10000001001101000111101100001000001001001101100100010010001001001111110010001111011,133251038,0,0.024000,0.600000
133251950,84,111000000011100111010100101101000001001001111100100010010001001001111110110011101010,133260450,0,0.060000,0.600000
133251951,80,00000000011111011111000010100000100100111110010001001000100100101110110011101001,133240472,0,0.066667,1.000000
133251953,86,11100000011011011111110000110100000100100111110010001001000100100101111010010110001111,133260450,0,0.060000,0.600000
133251954,83,11101010000111100101010101011010000010010011011001000100100010010010111111100011010,133240472,0,0.066667,1.000000
133251955,81,100000101010000111110110010100000100100111110010001001000100100111101011100110001,133240472,0,0.066667,1.000000
133251956,83,11100000001110011101010010110100000100100111110010001001000100100111111011001110101,133240472,0,0.066667,1.000000
133251957,76,0010001101110111001100010110100100111110010001001001100100111111011000111111,133260450,0,0.070000,0.700000
133251959,80,00000000111110111110100101010001001001111100100010010001001001011101100011010011,133240472,0,0.066667,1.000000
133251961,83,10100000001110010101110010110100000100100111110010001001000100101101110011010110101,133235533,0,0.066667,1.000000
133251962,83,10100000001110010101110010110100000100100111110010001001000100101101110011010110101,133235533,0,0.066667,1.000000
133251963,83,11101010000111100101010101011010000010010011011001000100100010010010111111100011010,133240475,0,0.066667,1.000000
133251965,75,000100011011111100101000001001000001111100100010010001001001111110110001101,133235533,0,0.053333,0.800000
133251966,76,0001000111001111001010010010010010011111001000100100000010011111101100011011,133240475,0,0.066667,1.000000
133251968,83,11010000001111101111100001001001001001001111100100010010001001001100110110001110110,133240475,0,0.066667,1.000000
133251970,83,11100000001110011101010010110100000100100111110010001001001100100111111011001110101,133268593,0,0.023333,0.700000
133251971,84,111010001000111010101110110110100000100100111110010001001000100100101011011000110101,133268593,0,0.026667,0.800000
133251973,76,0000001111101111010001011000010010011111001000100100110010011101101100011101,133241963,0,0.050000,1.000000
133251974,76,0000100011110111100101000001001001001111100100010010001000001111110110001101,133257455,0,0.046667,0.700000
133251976,84,111001000100111110111110010100100000100100111110010001001001100100111011011000111111,133241963,0,0.035000,0.700000
133251977,82,1100000101011000001110110110100000100100111110010001001000100100111101011100100001,133266892,0,0.053333,0.800000
133251978,82,1010000001111101111100001000001001001001111100100011010001001001100110110001111110,133241963,0,0.035000,0.700000
133251979,75,000101011110111100101000001001001001111100100010010001001001111110100001101,133238709,0,0.100000,0.500000
133251982,87,101110000011011011111110011110100100100111011110010001001000100100101111010000110000110,133266897,0,0.026667,0.400000
133251984,84,111001000100111110011110010100100000010100111110010001001001100100111011010001111111,133241965,0,0.066667,1.000000
133251986,85,1110100000001110010101110010110111000100100111110010001001000100100100111011001110101,133230497,0,0.040000,0.600000
133251987,83,10000001001101000111101100001000001001001101100100010010001001001111110010001111011,133263569,0,0.070000,0.700000
133251988,87,011001000100111110010110010100100000100110111110010001011001100100110011011000111111101,133247271,0,0.016667,0.500000
133251992,80,01001001010100001111101000101000011001011111001000100100001010011110101110011000,133243655,0,0.100000,0.500000
133251996,88,0101110000011011011111110000110100100100110111110010001001000100100101101010000110001110,133265297,0,0.053333,0.800000
133252000,84,111001000110111110011110011100100000100101111111010001001001000100011011111100111111,133260441,0,0.025000,0.500000
133252001,82,0010110000111101010101001011110010010010011111001000100100000010010111010000110101,133243655,0,0.120000,0.600000
133252002,84,111001000100111110111110010100100000100100111110010001001001100100111011011000111111,133259011,0,0.046667,0.700000
133252005,84,111000011111011110010010000110100100100111110010001001000100100101111011010110110000,133233871,0,0.053333,0.800000
133252008,75,000001111011111110101010010001001001111100100010010011001001011111110001101,133225409,0,0.030000,0.600000
133252009,83,01100100010011111001101011010010000010010011011001001001001001100011010011000111111,133241976,0,0.066667,1.000000
133252010,77,00000010101010111110000001000100101100111110010001001001100100110000110001011,133268605,0,0.060000,0.600000
133252012,85,1100010001001111100111101101001000001001001101100100010010011001001110100110001111111,133265289,0,0.030000,0.600000
133252013,85,0111000000101111001111100101011001001001001111100100010010001011001100010110000011010,133232171,0,0.020000,0.500000
133252017,79,0000000001111011111000010100000100100111110010001101000100100111110110001001001,133252602,0,0.100000,0.500000
133252019,79,0000001011111011010010100000000100100111110010001001000100100111011011000111110,133265304,0,0.060000,0.800000
133252023,86,01000000000111110101100010100100100100100111110010001001001000101111010011000111101011,133257468,0,0.070000,0.700000
133252025,86,01100000011001011111110000110100100100100111110010001001000101100101111010000110001111,133249258,0,0.040000,0.600000
133252028,77,00000000111110111110001010000010010011111001000100101010010010111011000111100,133252608,0,0.033333,0.500000
133252036,83,00100000001111101111110101001000101001001111100110010010011001001110111110001111001,133235531,0,0.025000,0.500000
133252038,85,1001001001010100001111101101101000001001001111100100010010001001001111010111001100011,133247257,0,0.060000,0.600000
133252039,82,0100100001010010101110011110100000100100111110010001001000100100101111110000111101,133268594,0,0.030000,0.600000
133252040,79,0000010011110111110001001111000010010010111001000100100010010010111101100010111,133245518,0,0.070000,0.700000
133252041,84,011101000100011100101011100101101000010010011111001000100100010010010111001100011010,133265302,0,0.040000,0.600000
133252042,83,00010100000111001010101001011011000010010011111001001100100000010010111000000110101,133251030,0,0.024000,0.600000
133252043,82,1000001010100001111101101101000001001001111100100010010001001001111010111001110010,133247270,0,0.070000,0.700000
133252044,82,0000010000111001000111000011010100010010011111001000100100110011010111010100110101,133247253,0,0.100000,0.500000
133252046,82,1000001010100101011101101101000001001001111100100010010111001001111010110001100010,133247253,0,0.100000,0.500000
133252048,80,01111001110011111100010001110000100100111110011001001000100100101111011000101111,133233877,0,0.050000,0.500000
133252051,84,110110000011100101010100101001000001001001111101100010010001001001110100111001101000,133262180,0,0.060000,0.600000
133252058,84,110001000100111110111110010100100000100100111110010001001001100100111011011000111111,133268596,0,0.160000,0.800000
133252059,88,0101110000011011011111110000110100100100110111110010001001000100100101101010000110001110,133266891,0,0.050000,0.500000
133252060,82,0000000000111001010101000001010100010010011111001000100100110011011111010100110100,133263572,0,0.120000,0.600000
133252063,86,01110100010001110010101110010110100000100100011110010001001001100000101101011000110101,133263557,0,0.020000,0.500000
133252064,79,0000000011111011010010100000000100100111110010001001000100100111011011000111110,133228738,0,0.050000,0.700000
133252067,83,00100000001111101111110101001000101001001111100110010010011001001110111110001111001,133245494,0,0.066667,1.000000
133252069,86,00010000000011100111011100100101000001001001111101100010010001001001111110010011101011,133245494,0,0.066667,1.000000
133252072,83,10000000001110000101110000110101000100100111110010001001001100110111110101001101011,133254153,0,0.040000,0.600000
133252074,74,00000000111011111101010110000100100111111010001001001100000111010110001110,133252598,0,0.120000,0.600000
133252076,76,0000010101010111110000001000100101100111110010001001001100100110010110001011,133254147,0,0.040000,0.600000
133252077,82,1101000100011100111011100101101001001001001111100100010010001001001011110110001010,133254147,0,0.053333,0.800000
133252078,84,111010001000111001010111001011010000010010011111001000100100010010001101011000110101,133230485,0,0.033333,0.800000
133252080,82,0100000000111010111110000010100000000100111110010001001000100000111110110000101001,133265297,0,0.046667,0.700000
133252081,83,11000000001111011101000110010100010101100111110010001001000100100111011001001110101,133235531,0,0.025000,0.500000
133252086,83,11100000001110011101010010110100100100100111110010001001000100100111111011001110101,133265299,0,0.050000,1.000000
133252087,84,111001010100111100010110010101100000100100111110010001001000100100111011111000111111,133245498,0,0.066667,1.000000
133252088,86,01110100010001110010101110010110100000100100111110010001001000100100101111011000110101,133268600,0,0.066667,0.700000
133252090,84,111000011111011110110010000110100100100111110010001001000100100101111011010110110000,133255839,0,0.040000,0.600000
133252091,79,0000000011111011110000010100000100100111110010001001000100100101100110001101001,133251036,0,0.033333,0.500000
133252093,85,1011100010001110101011100101101000001001001111100100010010001001001010110100001101011,133251036,0,0.033333,0.500000
133252095,79,0000000011011011110000000100000100100111110010001001000100100101110110001101001,133251036,0,0.033333,0.500000
133252097,76,0001000111001111001010010010010010011111001000100100000010011111101100011011,133245501,0,0.030000,0.600000
133252098,76,0001000111001111001010010010010010011111001000100100000010011111101100011011,133255830,0,0.050000,0.500000
133252099,83,10111000001111010101010010100100000100100111110010001001000100100111010111001101001,133245502,0,0.120000,0.600000
133252100,80,01111001110011111100010001110000100100111110011001001000100100101111011000101111,133245502,0,0.200000,1.000000
133252101,83,10100000001110010101110010110100000100100111110010001001100100100101110011010110101,133262188,0,0.035000,0.700000
133252102,81,100000101010000111110110010100000100100111110010101001000100100111101011100110001,133255839,0,0.033333,0.500000
133252104,82,1000000010111110111110010100101100100101111110010001001000100100111011011000111001,133222213,0,0.040000,0.500000
133252105,80,00000000011111011111000010100000100100111110010001001000100100101110110011101001,133247258,0,0.060000,0.800000
133252106,83,10000000000111110011111010000110000100100111110010001001001100100111011110001111001,133245506,0,0.040000,1.000000
133252107,75,000001111011111110101010010001001001111100100010010010001001011111110001001,133243645,0,0.070000,0.700000
133252108,76,0010011101010111001010010110000010011111001000100100110010011111101100011101,133257462,0,0.070000,0.700000
133252109,81,100000001011111011111011010011000000100111110010001001000100100011111101110110101,133268598,0,0.025000,0.500000
133252110,82,1110000011110111101100100000100001001011111100100010010001001001011110110101101000,133268598,0,0.025000,0.500000
133252111,85,1011001000100111110011100010100100000100100111110010001001001100100111011011000111111,133245507,0,0.050000,1.000000
133252114,81,100000101010000111110110010100000100100111110010001001000100100111101011100110001,133251033,0,0.080000,0.800000
133252115,83,11100000001110011101010010110100000100100111110010001001000100100111111011001110101,133245509,0,0.066667,1.000000
133252116,83,11101010100011100101010101011010000010010011111001000100100010010010101111100011010,133245518,0,0.080000,0.800000
133252118,84,111001000100111110011110010100100000100100111110010001001001100100011011111100111111,133257451,0,0.120000,0.600000
133252119,83,10100000001100010101110010110100000100100111110010001001001100100101110011010110101,133245515,0,0.040000,1.000000
133252120,76,0000000011101111010001011000010010011111001000100100111010011101101100011101,133245515,0,0.040000,1.000000
133252121,80,01111001110011111000010001110000100100111110011001001000101100101111011000101111,133228736,0,0.120000,0.600000
133252122,84,110001101001111100111101101001010001001001101100100010010001001001111110010001111010,133259019,0,0.060000,0.600000
133252123,84,001000001010100001011101101101000001001001111101000100100010010011110101100011000101,133240464,0,0.040000,0.400000
133252124,84,111001000100111110111110010100100000100100111110010001001001100100111011011000111111,133247252,0,0.030000,0.600000
133252125,83,11100000001110011101010010110100000100100111110011001011000100100111111001001010101,133247257,0,0.050000,0.500000
133252139,84,011001000100111110111110010100100000100100111110010001001001100100111011011000111111,133260454,0,0.040000,0.600000
133252140,84,100010000011101110011101010000000010010011111001000100100010010011101110010011110010,133266892,0,0.050000,0.800000
133252141,79,0000000110101011100101001011001001001111100100010010011001001111110110001111111,133247252,0,0.050000,1.000000
133252142,76,0001000110111101001010000010010000011111001000100100010010011111101100011011,133260454,0,0.040000,0.600000
133252144,81,100010100111101111110001000111000010010011111001000100100010010010111101100011111,133247257,0,0.060000,0.600000
133252145,83,11100000001110011101010010110100000100100111110000001001000100100111111011001110111,133260454,0,0.053333,0.800000
133252147,84,111001000100111110111110010100100000100100111110010001001001100100111011011000111111,133247266,0,0.030000,0.600000
133252148,83,10000000000111110011111010000110000100100111110010001001001100100111011110001111001,133247257,0,0.070000,0.700000
133252149,85,1001000001010110001011101101101000001001001111100100010010001001000111010111001100011,133255842,0,0.100000,0.500000
133252150,82,1110000011100111101100100010100001001001111100100010110001001001011110111101101000,133247257,0,0.060000,0.600000
133252151,83,01000010010111110111110010100100100100100111110110001001001100100111011011000111101,133247266,0,0.035000,0.700000
133252152,84,011101000100011100101011100101101000010010011111001000100100010010010111001100011010,133247252,0,0.025000,0.500000
133252153,81,100000101010000111110110010100000100100101110010101001000100100111101011100110001,133247257,0,0.050000,0.500000
133252154,83,10111000001110010101010010100100000100100111110010001001000100110111010111001101001,133257455,0,0.050000,0.800000
133252155,78,001001001111101111100001010000010010011111001000100100010010000110011000110100,133247253,0,0.200000,1.000000
133252157,84,111001000100111110011110010100000000100100111110010001001001100100101011011000111111,133266903,0,0.030000,0.600000
133252159,85,1111001000100111110111110110100100000100100111110010001001001100100111011011000111111,133247253,0,0.200000,1.000000
133252161,85,1111100000111001010101001010010010010010011111001000100100010010011101001110011010001,133247255,0,0.040000,1.000000
133252162,82,0010110000111001010100001011010010010010011111001000100100000010010111010000110101,133247255,0,0.040000,1.000000
133252163,82,1000000010111110111110010100101100100100111110010001001000100100111011011000111001,133247255,0,0.040000,1.000000
133252165,80,00001001000011011111001010010010010010011111001000100100010010011001011100011100,133268604,0,0.050000,1.000000
133252166,87,011101000100011100101011100101101000001001001111100100010010001001001011110110001101000,133268604,0,0.050000,1.000000
133252169,84,110101010001110110101110010110100000100100101110010001001001100100111111000000100101,133254147,0,0.040000,0.600000
133252170,84,111101000001100010101010010110100000100100111110010001001000100100101011011000110101,133247255,0,0.040000,1.000000
133252171,82,1000000010111110111110010100101100100100111110010001001000100100111011011000111001,133235539,0,0.020000,0.600000
133252172,84,000000000011111001111101010011000010010011111001000100100110010011101111100011110011,133247255,0,0.040000,1.000000
133252174,76,0000010101010111110000001000100001100111110010001001001100100110000110001011,133247256,0,0.066667,1.000000
133252175,81,100000101010000111110110010100000100100111110000001001000100100111101011100110001,133270346,0,0.066667,0.700000
133252176,84,110101010001110010101010010110100100100100111110010001001000100100011101000000110101,133255828,0,0.040000,0.600000
133252178,84,110000001101101111111000011010000010010111110010001001000100100101111010000110001111,133257463,0,0.050000,0.500000
133252179,84,110101010001110010101010010110100100100100111110010001001000100100011101000000110101,133270346,0,0.066667,0.800000
133252180,83,11100000001110011101010010110100000100100111110010001001000100100111111011001110101,133257454,0,0.024000,0.600000
133252182,83,11100000001110011101010010110100000100100111110010001001000100100111111011001110101,133257463,0,0.080000,0.800000
133252183,82,1000000001010111101010010110100010100100111110010001001000100100101111001000110101,133247256,0,0.066667,1.000000
133252184,83,10100000001110010101110010110100000100100111110010001001000100101101110011010110101,133235545,0,0.024000,0.600000
133252185,84,111001000100111110011110010100000000100100111110010001001001100100101011011000111111,133247256,0,0.066667,1.000000
133252186,84,110000001101101111111000011010000010010111110010001001000100100101111010000110001111,133257454,0,0.020000,0.500000
133252187,74,01000110111011100110001011010010011111001000100101100100111111011000111111,133235545,0,0.016000,0.400000
133252188,84,111001000100111110011110010100000000100100111110010001001001100100101011011000111111,133247256,0,0.066667,1.000000
133252189,76,0000010101010111110000001000100001100111110010001001001100100110000110001011,133257463,0,0.060000,0.600000
133252191,84,111001000100111110011110010100000000100100111110010001001001100100101011011000111111,133235544,0,0.070000,0.600000
133252192,84,111001000100111110011110010100000000100100111110010001001001100100101011011000111111,133270346,0,0.066667,0.700000
133252193,83,10100000001110000101110010110100000100100111110010000001000100100101110011010110101,133247256,0,0.066667,1.000000
133252195,83,11100000001110011101010010110100000100100111110010001001000100100111111011001110101,133235544,0,0.080000,0.600000
133252196,76,0010001101110111001100010110100100111110010001001001100100111111011000111111,133247256,0,0.066667,1.000000
133252198,83,10000000101111101111100111001001001001001101100100010010001001001110110110001011010,133260450,0,0.100000,0.700000
133252199,79,0000000011111011010010100000000100100111110010001001000100100111011011000110110,133265300,0,0.040000,0.600000
133252201,82,0000000000111001010111000001010100010010011011001000100100110011011111010100110110,133247257,0,0.100000,1.000000
133252203,84,011010001000111001010111001011010010010010011111001000100100010010010111101100010100,133265300,0,0.040000,0.600000
133252206,82,0000000000111001010111000001010100010010011011001000100100110011011111010100110110,133265302,0,0.040000,0.600000
133252207,83,01000000010111110111110110100100000100100111110010001001000100100111111101110110101,133260454,0,0.046667,0.700000
133252208,84,011010001000111001010111001011010010010010011111001000100100010010010111101100010100,133222213,0,0.046667,0.600000
133252209,82,1000000110111110111110010100101100100100111110010001001000100100111011011000111001,133247257,0,0.060000,0.600000
133252210,85,1011001000100111110011100010100100000100100111110010001001001100100111011011000111111,133247257,0,0.100000,1.000000
133252211,83,10000000101111101111100111001001001001001101100100010010001001001110110110001011010,133260454,0,0.040000,0.600000
133252212,83,11100000001110011101010010110100000100100111110010001001000100100111111011001110101,133255840,0,0.060000,0.800000
133252213,85,1001000001010100001011000100101000000001001111100100010010001001101111010111001100010,133265300,0,0.040000,0.600000
133252215,84,011001000100111110111110010100100000100100111110010001001001100100111011011000111111,133255842,0,0.120000,0.600000
133252216,83,11101010000011100101010101011010000010010011111001000100100010010010111101100011010,133257455,0,0.025000,0.800000
133252217,85,0011001000100111110011110010100100000100100111110010001001001100100111011011000111111,133270347,0,0.100000,0.700000
133252218,86,01110100010001110010101110010110100000100100111110010001001000100100101111001000110101,133230488,0,0.160000,0.800000
133252221,83,11001000100111110111110010100100000100100110110010001001001100100111011011000101111,133259015,0,0.120000,0.600000
133252222,83,10100000001110010101110010110000000100100111110010001001000100100101010011010110101,133252599,0,0.050000,0.500000
133252223,82,0000000111101111110100001000001001001111100100010010001001001010111110001111001101,133252599,0,0.050000,0.500000
133252225,88,0101110000011011011111010000111100100100110111110010001001000100100101101010000110001110,133247259,0,0.080000,0.800000
133252227,86,01110100010001110010101110010110100000100100111110011001001000100100101111001000110101,133235542,0,0.033333,0.500000
133252228,87,010101000100011100101011100101101000001001001111100100010010001001001011110110001101010,133254149,0,0.040000,0.600000
133252229,77,00010001101010111001010010111010010011111001000100100110010011001011000111111,133247259,0,0.100000,1.000000
133252231,83,11100000001110011101010010100100000100100111110010001001000100100111111011001110101,133247260,0,0.066667,1.000000
133252232,83,01000001010100101011101101101000001001001110100100010010011001001111010110001100010,133247260,0,0.066667,1.000000
133252233,82,0100000000111110011111010100110000100100111110010001001001100100111011111000111101,133247260,0,0.066667,1.000000
133252234,82,1101000100101100101011100101101001001001001111100100010010001001001011110110001010,133252597,0,0.040000,0.600000
133252235,84,111010001000111010101110110110100000100100111110010001001000100100101011011000110101,133247260,0,0.066667,1.000000
133252236,87,011100000011011011111110000110100000100100111110010001001000100100101110010000110001111,133247260,0,0.066667,1.000000
133252237,81,000000101110010101110010110100000100100111110010001001000100100111111011000110000,133252597,0,0.040000,0.600000
133252239,84,111010001000111010101110110110100000100100111110010001001000100100101011011000110101,133247260,0,0.066667,1.000000
133252240,82,1010000001111101111100001000001001001001111100100011010001001001100110110001111110,133270343,0,0.066667,0.500000
133252241,83,11001000100111110111110010100100000100100110110010001001001100100111001011000101111,133247260,0,0.046667,0.700000
133252243,84,111010001000111010101110110110100000100100111110010001001000100100101011011000110101,133265301,0,0.100000,1.000000
133252245,86,10010000010101000010111011011010000010010011111001000100100010010011110101100011000101,133265301,0,0.100000,1.000000
133252246,84,010000000011111001111101010011000010010011111001000100100110010011101111100011110011,133255834,0,0.060000,0.600000
133252247,84,111010001000111010101110110110100000100100111110010001001000100100101011011000110101,133265301,0,0.100000,1.000000
133252249,81,100000101011000000110110100100000100100111110010001001000000100111101011100100001,133252597,0,0.033333,0.500000
133252250,84,011101000100011100101011100101101000010010011111001000100100010010010111001100011010,133265301,0,0.100000,1.000000
133252251,80,11010001001011011010111001011010010011000111110010001001000100100101111011000101,133252597,0,0.026667,0.400000
133252252,84,111001000100111110111110010100100000100100111110010001001001100100111011011000111111,133252597,0,0.040000,0.600000
133252253,76,0000001001010111110000100000100100100111110010001001000100100110000110001011,133254150,0,0.080000,0.800000
133252257,79,0000001011111011010010100000000100100111110010001001000100100111011011000111110,133247262,0,0.050000,1.000000
133252258,75,000000111111111100001011010101000001011100100010010001001001010100100011001,133268605,0,0.070000,0.700000
133252259,86,11110010001001111101111100101001000001001001111100100010010011001001110110110001111110,133243658,0,0.080000,0.800000
133252260,78,001100011010101010010100001100100100111110011001001001100100111101011000111111,133268596,0,0.140000,0.700000
133252262,82,1000000010111110111110011100000100101100111110010001001001100100111011011000101101,133230497,0,0.040000,0.600000
133252266,83,01000010011110111011100100001100000001001111100100010000011001001010100110101100011,133238687,0,0.120000,0.600000
133252267,77,00000000111110111110001010000010010011111101000100110010010010111011000110100,133238687,0,0.100000,0.500000
133252270,82,0000000000111001010101000001010100010010011111001000100100110011011111010100110100,133247264,0,0.100000,1.000000
133252271,83,10100000001110010101110010110100000100100111110010001001000100100101110011010110101,133268606,0,0.080000,0.800000
133252272,80,00000000011111111111000010100000100100111110010001001000100100101110110011101001,133249271,0,0.060000,0.600000
133252274,82,0010110000111001010101001011010010010010011111001000100100000010010111010000110101,133247265,0,0.066667,1.000000
133252275,83,10100000001110010101110010110100000100100111110010101001000100100101110011010110101,133255837,0,0.050000,0.500000
133252276,75,000100011010111100101000001001000001111100100010010001001001111110110011101,133249271,0,0.060000,0.600000
133252278,83,10000000000111110011111010000110000100100111110010001001001100100111011110001111001,133228736,0,0.120000,0.600000
133252279,82,1000000010111110111110010100101100100101111110010001001000100100111011011000111001,133245508,0,0.025000,0.500000
133252280,86,11100000011011011101110000110100000100100111110010001001000100100101111010010110001111,133247265,0,0.066667,1.000000
133252281,84,100000101010000101110110110100000100100111110010001001000100100111101011010110001010,133259019,0,0.050000,0.500000
133252282,75,000100011010111100101000001001000001111100100010010001001001111111110000101,133268599,0,0.040000,0.600000
133252286,77,00000010111011110100010110000100100111110010001001001100100111011011000111011,133255837,0,0.060000,0.600000
133252289,76,0010001101110111001100010110100100111110010001001001100100111111011000111111,133228737,0,0.024000,0.600000
133252295,82,0000000000111001000111000011010100010010011111001000100100110011011111010100110101,133252604,0,0.040000,0.800000
133252307,86,11100000010011011111110000110100100100100111100010001001100100100101111010000110001111,133247269,0,0.066667,1.000000
133252308,82,0110000000111101111111000011010010010010011111001000101000100100100111010000110001,133247269,0,0.066667,1.000000
133252309,85,0001100000001110011001110010110100010100100111110010001001100100110111111001001110101,133247259,0,0.050000,0.500000
133252310,85,0100000001011111011111011010010000010010011111001000100100010010011111110111011010111,133240468,0,0.066667,1.000000
133252311,83,10100000001110010101110010110100000100100111110010101001000100100101110011010110101,133259018,0,0.050000,0.500000
133252312,87,011100000011011011111110000110100000100100111110010001001000100100101110010000110001111,133270348,0,0.066667,0.800000
133252313,82,1000001010100001111101101101000001001001111100100010010001001001111010111001110010,133247259,0,0.060000,0.600000
133252314,77,00000010111011110100010110000100100111110010001001001100100111011011000111011,133232161,0,0.040000,0.600000
133252316,84,011101000100011100101011100101101000010010011111001000100100010010010111001100011010,133247269,0,0.066667,1.000000
133252317,83,11100000001110011101010010110100000100100111110010001001000100100111111011001110101,133247269,0,0.066667,1.000000
133252318,83,11100000001110011101010010110100000100100111110010001001000100100111111011001110101,133247269,0,0.066667,1.000000
133252319,84,111001000100111110011110010100100000110100111110010001001001100100111011010001111111,133270348,0,0.066667,0.600000
133252320,82,1000001010100001111101101101000001001001111100100010010001001001111010111001110010,133240468,0,0.066667,1.000000
133252321,83,11100000101110011101010010110100000100100111110010001001000100100111111011001110101,133232161,0,0.040000,0.600000
133252324,83,10000000000111110011111010000110000100100111110010001001001100100111011110001111001,133266895,0,0.080000,0.800000
133252325,79,0000000011111011111000010100000100100111110010001001000100100101110110001101001,133270348,0,0.066667,0.800000
133252326,84,100000101010000101110110110100000100100111110010001001000100100111101011010110001010,133247259,0,0.060000,0.600000
133252327,85,0100000001011111011111011010010000010010011111001000100100010010011111110111011010111,133232161,0,0.040000,0.600000
133252328,82,1010000010111100111110010100101100100100111110010001001000100100111011011000111001,133243644,0,0.060000,0.600000
133252329,82,1110000011100111101100100000100001001001111100100010010001001001011110111101101000,133247271,0,0.033333,1.000000
133252330,84,000000000011111001111101010011000010011011111001000100100110010011101111000011110011,133252600,0,0.060000,0.600000
133252333,88,0010101000100011100111011100101101000001001001111100100010010001001001011110110001101010,133252600,0,0.060000,0.600000
133252334,82,1000000010101110111100010101100100100100111110010001001000100100111011011000111101,133241975,0,0.040000,0.600000
133252335,83,10001001100111110011110010100100010100100111010010001001001100100111011011000111111,133262194,0,0.060000,0.600000
133252336,86,11100000011011011111110000110100100100100111110010001001000100100101111010000110001111,133252600,0,0.060000,0.600000
133252338,83,10001001100111110011110010100100010100100111010010001001001100100111011011000111111,133252600,0,0.060000,0.600000
133252339,86,11100000011011011111110000110100100100100111110010001001000100100101111010000110001111,133252600,0,0.060000,0.600000
133252340,83,10000000101011101111100101011001001001001111100100010010001001001110110100001111110,133255833,0,0.024000,0.800000
133252341,83,10000000101011101111100101011001001001001111100100010010001001001110110100001111110,133247271,0,0.033333,1.000000
133252342,81,000000000111001010101000001010100100100111110010001001001100110111110101001101001,133252600,0,0.060000,0.600000
133252343,86,11100000011011011111110000110100100100100111110010001001000100100101111010000110001111,133252600,0,0.060000,0.600000
133252344,83,10001001100111110011110010100100010100100111010010001001001100100111011011000111111,133252600,0,0.060000,0.600000
133252345,82,1101000100101100101011100101101001001001001111100100010010001001001011110110001010,133257463,0,0.080000,0.800000
133252346,81,000000101110010001110010110100000100100111110010001001000100100111111011000110000,133241967,0,0.025000,0.500000
133252348,82,0100000000111110011111010100110000100100111110010001001001100100111011111000111101,133241967,0,0.030000,0.600000
133252350,82,0100000001010111011111011010010001000100111110010001001000100100011111101110110101,133232163,0,0.020000,0.400000
133252351,85,0111110000011100101010100101001000001001001111100110010010001001001110100111001101000,133241967,0,0.025000,0.500000
133252354,84,111001000100111110111110010100100000100100111110010001001001100100111011011000111111,133263570,0,0.120000,0.600000
133252355,79,0100100111101111110001010111000010010011111001000100100010010010111100100010101,133232163,0,0.025000,0.500000
133252356,85,1011001000100111110011100010100100000100100111110010001001001100100111011011000111111,133232167,0,0.070000,0.700000
133252357,77,11000000011101111010001011000010010011111001000100100110010011101101100011101,133257468,0,0.080000,0.800000
133252358,81,110000000101001110111001010101000100100111110010001001000100100011111001001100101,133232167,0,0.080000,0.800000
133252359,77,11000000011101111010001011000010010011111001000100100110010011101101100011101,133252596,0,0.060000,0.600000
133252361,77,11000000011101111010001011000010010011111001000100100110010011101101100011101,133232167,0,0.070000,0.700000
133252362,81,110000000101001110111001010101000100100111110010001001000100100011111001001100101,133232167,0,0.080000,0.800000
133252363,81,110000000101001110111001010101000100100111110010001001000100100011111001001100101,133252596,0,0.060000,0.600000
133252364,81,110000000101001110111001010101000100100111110010001001000100100011111001001100101,133232167,0,0.080000,0.800000
133252365,81,110000000101001110111001010101000100100111110010001001000100100011111001001100101,133247273,0,0.066667,1.000000
133252366,86,01100110010001111001011001010010000010010011111001100100100110010011100101100011111110,133254158,0,0.050000,0.600000
133252368,83,10100000001110010101110010110100000100100111110010001001000100100101110011010110101,133249259,0,0.066667,1.000000
133252369,82,1000000010111010111110011100000100101100111111010001001001100100111011011000101101,133249260,0,0.100000,1.000000
133252371,75,000100011100101101101000001001001001111100100010010000001001111110110001101,133249262,0,0.100000,1.000000
133252372,75,000100011100101101101000001001001001111100100010010000001001111110110001101,133249262,0,0.100000,1.000000
133252374,81,110010000111011001010010110100000100000111110110001001000100100111111001001110101,133249262,0,0.100000,1.000000
133252375,85,0010000000011100111011100100101000001001001111100100010010001001001111110010011101011,133257466,0,0.050000,0.500000
133252376,83,11100000001110011101010010110100100100100111110010001001000100100111111011001110101,133249262,0,0.100000,1.000000
133252377,82,1101001100011100101011100101101001001011001111100100010010001001001011110110001010,133268597,0,0.020000,0.600000
133252378,75,000100011101111100101000001001001001111100100010010000001001111110110001101,133249263,0,0.040000,1.000000
133252379,85,0000000000010100101011111111100110001001001111100100010010001001001111010110001011011,133249263,0,0.040000,1.000000
133252380,86,11100000011011011101110000110100000100100111110010001001000100100101111010010110001111,133249263,0,0.040000,1.000000
133252381,83,01100100001110011001010010110100000100000111110110001001000100100111111001001110101,133268597,0,0.020000,0.500000
133252383,77,00010001101010111001010000111010010011111001000100100110010011001011000111111,133251038,0,0.024000,0.600000
133252384,85,1110101010001110110101110010110100000100100111110010001001001100100101111000000100101,133249263,0,0.040000,1.000000
133252386,81,100000001111110111010001001000110010011111001000100100110010111101101100011001101,133249263,0,0.040000,1.000000
133252387,75,000100011101111100101000001001001001111100100010010000001001111110100001101,133268592,0,0.046667,0.700000
133252388,85,0010000010011100111011100100101000001001001111100100010010001001001111110010011101011,133266891,0,0.050000,0.500000
133252391,81,100000101010000111110110010100000100100111110010001001000100100111101011100110001,133249265,0,0.100000,1.000000
133252392,83,10100000001110010101110010110100000100100111110010001001000100101101010011010110101,133254154,0,0.060000,0.600000
133252393,82,1100000001011111011110110100100000100100111110010001001000100100111111101110110101,133247266,0,0.030000,0.600000
133252395,82,1100000001011111011110110100100000100100111110010001001000100100111111101110110101,133254154,0,0.060000,0.600000
133252396,85,1110101010001110010101010010110100000100100111110010001001000100100011101001100110101,133243651,0,0.050000,0.500000
133252397,82,0000000000111001000111000011010100010010011111001000100100110011011111010100110101,133249265,0,0.060000,0.600000
133252398,81,100000001011111011111010010010000000100111110010001001000100100111111101110110101,133268594,0,0.030000,0.600000
133252399,83,01000000010111110111110110100100000100100111110010001001100100100111111101110110101,133249265,0,0.100000,1.000000
133252400,84,000000000011111001111101010011000010010011111001000100100110010011101111100011110011,133249265,0,0.100000,1.000000
133252403,76,0101000111001111001010010010010010011111001000100100000010011111101100011011,133254158,0,0.070000,0.700000
133252404,85,1101000000011110001011100101101010001001001111000100010010001001001011110110001100010,133265299,0,0.025000,0.800000
133252405,84,011101000100011100101011100101101000010010011111001000100100010010010111001100011010,133240464,0,0.050000,0.500000
133252406,83,01000010011111110111110010100101100100100111110010001001000100110111011011000111001,133255837,0,0.050000,0.500000
133252407,83,11100000001110011101010010110100000100100111110010001001000100100111111011001110101,133247265,0,0.040000,0.600000
133252409,82,1100100010011110011110010100000000100100111110010001001001100100111011110001111111,133245516,0,0.030000,0.600000
133252410,83,00101000001110010101010010110100000000100111110010001001000100100101110100001100011,133252606,0,0.050000,0.500000
133252411,85,1101010000011100101010101101111000001001001111100100010010001001001011110110001101011,133247265,0,0.040000,0.600000
133252414,84,110010001001111101111100101001000001001001111100100010010011001001110110110001111111,133266906,0,0.100000,0.700000
133252415,83,11101010000011100101010101011010000010010011111001000100100010010010101111100011010,133266906,0,0.080000,0.800000
133252416,84,110000000101011101111100101011001001001001111100100010010001001001110110100001111110,133251028,0,0.100000,1.000000
133252419,83,01000001010100001011101101001000000001001110100100010010001101001111000101001100010,133251043,0,0.060000,0.600000
133252422,81,100000101011000001110110110100000100100111110010001001000100100111101011100100001,133266906,0,0.080000,0.800000
133252425,82,1000001010100101011101101101000001001001111100100010010001001001111000101001100010,133251028,0,0.080000,0.800000
133252426,74,00000011101101010101011000010010011101001000100100110010011101101100011101,133266906,0,0.060000,0.600000
133252427,87,101110000011011011111110011110100100100111011110010001001000100100101111010000110000110,133266906,0,0.100000,0.600000
133252431,82,0100000000111010111110000010100000100100111110010001001000100000111110110000101001,133240467,0,0.025000,0.500000
133252433,81,100000101010000111110110010100000100100111010010101001000100100111101011100110001,133228730,0,0.024000,0.600000
133252436,83,11100000001110011101010010110100000100100111110010001001000100100111111011001110111,133252609,0,0.100000,1.000000
133252438,83,10111000001110010101010010100100000100100111110010001001000100100101010111001101001,133265296,0,0.050000,1.000000
133252439,81,100000001110101111101001001000001001001111100110010010001001001101110010001111001,133245518,0,0.070000,0.700000
133252440,76,0000001001010111110000100000100100100111110010001001000100100110000110001011,133265296,0,0.050000,1.000000
133252441,84,111000011111011110010010000110100100100111110010001001000100100101111011010110110000,133243652,0,0.066667,1.000000
133252442,73,0010001110011100010100000100100100111110010001011000000100111111011000110,133245518,0,0.060000,0.600000
133252443,86,11100000011011011111110000110100000100100111110010001001000100100101111010010110001111,133247258,0,0.080000,0.800000
133252445,82,0010110000111001010101001011010010010010011111001000100100000010010111010000110101,133254151,0,0.070000,0.700000
133252446,75,000001111011111110101010010001001001111100100010010011001001011111110001001,133251031,0,0.040000,1.000000
133252447,83,11100000001110011101010010110100000100100101110010001001000100100111111011001110101,133251031,0,0.040000,1.000000
133252448,79,0000000011111011010010100000000100100111110010001001000100100111011011000110110,133225394,0,0.070000,0.700000
133252449,84,110101010001111010101110010110100000100100111110010001101001100100101111001001100101,133225394,0,0.060000,0.600000
133252450,86,01100110010001111001011001010010000010010011111001100100100110010011100101100011111110,133270352,0,0.200000,0.600000
133252451,82,1000000010111110111110011100000100101100111110010001001001100100111011011000101101,133225394,0,0.060000,0.600000
133252452,84,100000101010000101110110110100000100100111110010001001000100100111101011010110001010,133270352,0,0.200000,0.600000
133252453,83,00000000000111101111101100001000001011001011100100010010001001001111111011101111010,133251032,0,0.200000,1.000000
133252456,89,01011100000110110111111100001101001001001101111100100010010001001001011010100001100011101,133270352,0,0.100000,0.500000
133252457,82,1000000010111110111110010100101100100100111110010001011000100100111011011000111001,133270352,0,0.100000,0.500000
133252458,85,1001001001010100001001101101101000001001001111100100010010001001001111010111001100011,133262190,0,0.035000,0.700000
133252464,81,100000101010000111110110010100000100000111110010001001000100100111101011100110001,133266891,0,0.050000,0.500000
133252465,83,11100000001110011101010010110100000100100111110010001001000100100111111011001110101,133268610,0,0.050000,0.800000
133252466,77,00000010111011110100010110000100100111110010001001001100100111011011000111011,133251033,0,0.100000,1.000000
133252467,84,011001000100111110011110010100100000100100111110010001001001100100111011011000111110,133251033,0,0.100000,1.000000
133252469,86,10010000000011100111011100100101000001001001111100100010010001001001111110010011101011,133268609,0,0.025000,0.800000
133252470,83,10000000000111110011111010000110000100100111110010001000001100100111011110001111001,133268610,0,0.050000,0.600000
133252471,81,100000101010000111110110010100000100100111110010001001000100100111101011100110001,133259006,0,0.050000,0.500000
133252473,75,000100011011111100101000001001000001111100100010010001001001111110110001101,133266891,0,0.050000,0.500000
133252474,75,000101011110111100101000001001001001111100100010010001001001111110100001101,133252609,0,0.100000,1.000000
133252479,81,100000001111110111110001001000010010011111001000110100110010111101101100011001101,133232167,0,0.060000,0.600000
133252481,76,0000010111010111110000001000100001100111110010001001001100100110000110001011,133247261,0,0.025000,0.500000
133252484,75,000100011010111100101000001001000001111100100010010001001001111110110001101,133251029,0,0.053333,0.800000
133252486,79,0000000110101011100101001011001001001111100100010010011001001111110110001111111,133251036,0,0.066667,1.000000
133252488,82,0100000000111110011111010100110000100100111110010001001001100100111011111000111101,133230488,0,0.140000,0.700000
133252489,81,001001001111011111100010101110000100100111110010001001000100100101111011000101110,133230488,0,0.160000,0.800000
133252490,82,1001001000100001011111101101000001001001111100100010010001011001101010111001100011,133270348,0,0.046667,0.700000
133252491,84,111010011111011110110010000110100100100111110010001001000000100111111011010110110000,133251036,0,0.066667,1.000000
133252493,84,111001000100111110111110010100100000100100111110010001001001100100111011011000111111,133251036,0,0.066667,1.000000
133252495,84,001000001010100101011101101101000001001001110100100010010011001001111010110001100010,133243650,0,0.046667,0.700000
133252496,75,000001111011111110101011000001001001111100100010010011001001011111110001101,133251037,0,0.066667,1.000000
133252497,86,01100110010001111001011001010010000010010011111001100100100110010011100001100011111110,133251037,0,0.066667,1.000000
133252498,86,11100000011011111111110000110100000110100111110010001001000100100101111010010110001111,133263573,0,0.033333,0.500000
133252499,84,111010000001111101111100001001001001001001111100100010010001001001100110110001110110,133251037,0,0.066667,1.000000
133252500,76,0000100011110111100101000001001001001111100110010010001000001111110110001101,133251037,0,0.066667,1.000000
133252501,86,10100000011011011111110000110100000100100111110010001001000100100101011010010110001111,133251037,0,0.066667,1.000000
133252504,86,01100110010001111001011001010010000010010011111001100100100110010011100101100011111110,133251037,0,0.066667,1.000000
133252505,83,11000000001111011101000110010100010101100111110010001001000100100111011001001110101,133251037,0,0.066667,1.000000
133252506,84,111011000100111110011110010100000000100100111110010001001001100100111011110001111111,133263573,0,0.040000,0.600000
133252507,83,11001000100111110111110010100000000100100100110010001001001100100111011011000111111,133251037,0,0.066667,1.000000
133252508,83,10100000001110010101110010110100000100100111110010101001000100100101110011010110101,133263573,0,0.033333,0.500000
133252509,83,11001000100111110111110010100000000100100100110010001001001100100111011011000111111,133251037,0,0.066667,1.000000
133252510,78,000000011110111110100001000001001001111100100010000001001011101111100111110011,133251037,0,0.053333,0.800000
133252511,80,10000000111101111110100001000001001001111100100010000001001011101111100011110011,133257456,0,0.050000,0.500000
133252512,84,101100100001110011001010010110100000100000111110110001001000100100111111001001110101,133263573,0,0.033333,0.500000
133252513,82,1000001010100001110101101101000001001001111100101010010001001001111010111001100010,133245493,0,0.140000,0.700000
133252515,77,00000010010101111100001000001001001001111100100010010001001001100001100010110,133268597,0,0.040000,0.600000
133252516,75,000001111011011110101010010001001001111100100010010011001001011111110001101,133245493,0,0.140000,0.700000
133252517,84,011001010100111110011110010100100000100100111110010001001001100101101011011000111111,133251038,0,0.040000,1.000000
133252519,86,01110100010001110010101110010110100000100100111110010001001000100100101111001000110101,133266894,0,0.030000,0.600000
133252520,87,011000100010011111001111011010010000010010011011001000100100110010011101001100011111110,133268597,0,0.024000,0.800000
133252523,74,00000011101111010101011000010010011101001000100100110010011101101100011101,133251039,0,0.066667,1.000000
133252525,85,1011001000100111110011100010100100000100100111110010001001001100100111011011000111111,133251039,0,0.066667,1.000000
133252526,80,01001001010100001111101100101000011001011111001000100100001010011110101110011000,133265305,0,0.033333,0.500000
133252528,80,00000000011111011111000010100000100100111110010001001000100100101110110011101001,133265305,0,0.040000,0.600000
133252529,83,11100000001110011101010010110100000100100111111010001001000100100111111011001110101,133251039,0,0.066667,1.000000
133252530,80,01001001010100001111101100101000011001011111001000100100001010011110101110011000,133251039,0,0.033333,0.500000
133252531,82,1110000011100111111100100000100001001001111100100010010001001001011110110101101000,133257463,0,0.030000,0.800000
133252533,84,001001010100111110011110010100100000100100111110010001001001100101101011011000111111,133245496,0,0.140000,0.700000
133252534,81,110100000010111011111000010010010000100111110010001001000100100110011011000111110,133251039,0,0.066667,1.000000
133252537,85,1011001000100111110011100010100100000100100111110010001001001100100111011011000111111,133245496,0,0.140000,0.700000
133252538,82,1110000011100111111100100000100001001001111100100010010001001001011110110101101000,133251039,0,0.066667,1.000000
133252539,83,11100000001110011101010010110100000100100111111010001001000100100111111011001110101,133251039,0,0.066667,1.000000
133252541,86,01110100010001110010101110010110100000100100111110010001001000100100101111011000110101,133259003,0,0.060000,0.600000
133252542,83,10100000001110010101110010110100000100100111110010001001000100100101010011010110101,133251040,0,0.200000,1.000000
133252543,87,101001000001010110001011101101101000001001001111100100010010001001001111010111001100011,133259003,0,0.060000,0.600000
133252544,81,100000101010000111110110010100000100100111110010001001000100100111101011100110001,133270353,0,0.200000,0.600000
133252545,84,011001010100111110011110010100100000100100111110010001001001100101101011011000111111,133270353,0,0.200000,0.600000
133252546,83,11010000001111101111100001001001001001001111100100010010001001001100110110001110110,133251041,0,0.050000,1.000000
133252547,82,0110010001001111100111100101001000001001001111100100010010011001011101101100011111,133259006,0,0.028000,0.500000
133252548,86,10011000000111101010111001010010000010010011111001000000101010010011100001110111010000,133251041,0,0.050000,1.000000
133252551,79,0100100111100111110001010111000010010011101001000100101010010010111101100010111,133238696,0,0.025000,0.500000
133252552,82,1110000010110111101100100000100001001011111100100010010001001001011010110111101000,133251041,0,0.035000,0.700000
133252553,79,0100100111100111110001010111000010010011101001000100101010010010111101100010111,133251041,0,0.050000,1.000000
133252554,83,10100000001100000101110010110100000100100111110010001001001100100101110011010110101,133268610,0,0.028000,0.700000
133252556,81,100000001010000111110110110100000100100111110010001001000100100111101011100111001,133265305,0,0.040000,0.600000
133252557,83,11101010000111100101010101011010000010010011011001000100100010010010111111100011010,133245496,0,0.140000,0.700000
133252558,84,011101000100011100101011100101101000010010011111001000100100010010010111001100011010,133251035,0,0.030000,0.600000
133252559,83,11100000001110011101010010110100000100100111110011001001000100100111111001001010101,133247261,0,0.030000,0.600000
133252560,82,1000000010111110111110011100100100100100111110010001001100100100111011011000101101,133225410,0,0.140000,0.700000
133252561,78,001100011100111110011100111010100101111110010001001000100100111010011000111111,133251042,0,0.200000,1.000000
133252562,83,11101010000111100101010101011010000010010011011001000100100010010010111111100011010,133251042,0,0.200000,1.000000
133252563,85,1101000100011100101011100101101000001001001111100100010010000001001010110110001101011,133251043,0,0.100000,1.000000
133252564,77,00000000111110111110001010000010010011111001000100100010010010111011000111100,133251043,0,0.100000,1.000000
133252565,86,11100000011011011110110000110100000100100111110010001001000100100101111010000110001111,133268611,0,0.160000,0.800000
133252566,86,01001000001010111001011101101101000001001001111100100010010001001001111010111001100011,133251043,0,0.100000,1.000000
133252568,86,01100110010001111001011001010010000010010011111001100100100110010011100101100011111110,133251043,0,0.100000,1.000000
133252570,86,11100000011011011110110000110100000100100111110010001001000100100101111010000110001111,133268611,0,0.160000,0.800000
133252572,76,0000010101010111110000001000100101100111110010001001001100100110010110001011,133251043,0,0.100000,1.000000
133252573,82,1110000011100111101100100000100001001001111100100010010001001001011110111101101000,133251043,0,0.080000,0.800000
133252574,81,000000011110111111010100100000100100111110010001001000100100111011111000111100111,133251043,0,0.100000,1.000000
133252575,86,11100000011011011110110000110100000100100111110010001001000100100101111010000110001111,133268611,0,0.160000,0.800000
133252576,82,1101100010011111011111001010000000010010011110010001001001100100111011011000111011,133251043,0,0.100000,1.000000
133252577,76,0000101111111111100001011010101001001111100100010010001001001010100100111001,133268611,0,0.200000,1.000000
133252578,82,1000001010100001101101100101000001001001011100100010010001001001111010111001100011,133251044,0,0.050000,0.500000
133252579,86,01000000100011111001111101000011000010010011111001000100100110010011101110100011110011,133251044,0,0.100000,1.000000
133252580,86,01000000100011111001111101000011000010010011111001000100100110010011101010100011110011,133243650,0,0.040000,0.600000
133252581,80,10000000111101111110100001000001001001111100100010000001001011101111100011110011,133251044,0,0.100000,1.000000
133252582,80,10000000111101111110100001000001001001111100100010000001001011101111100011110011,133251044,0,0.100000,1.000000
133252583,86,01000000100011111001111101000011000010010011111001000100100110010011101010100011110011,133243645,0,0.060000,0.600000
133252584,80,10000000111101111110100001000001001001111100100010000001001011101111100011110011,133237121,0,0.070000,0.700000
133252587,82,0010110000101001010101001011010010010010011111001000100100010010010111010000110101,133251044,0,0.100000,1.000000
133252588,82,1000010011110111011100110001100000001001111100100010000011001001010100110101100011,133237121,0,0.060000,0.600000
133252589,81,000000101110010001110010110100000100100111110010001001000100100111111011000110000,133251044,0,0.060000,0.600000
133252591,86,01000000100011111001111101000011000010010011111001000100100110010011101110100011110011,133255826,0,0.120000,0.600000
133252592,75,000100011010111000101000001001000001111100100010010001001001111110110001101,133251044,0,0.100000,1.000000
133252593,82,1000010011110111011100110001100000001001111100100010000011001001010100110101100011,133237121,0,0.060000,0.600000
133252594,82,0010110000101001010101001011010010010010011111001000100100010010010111010000110101,133251044,0,0.100000,1.000000
133252595,84,011010000000111001010111001011010010010010011111001000100100010010010111101100010100,133251037,0,0.066667,1.000000
133252624,82,0100010100111101111110001000111000010010011111001000100100010010010111101100010111,133266898,0,0.050000,0.500000
133252631,84,110101010001110110101110010110100000100100101110010001001001100100111111000000100101,133223829,0,0.025000,0.500000
133252638,83,11100000001110011101010010110100000100100111111010001001000100100111111011001110101,133249259,0,0.033333,0.500000
133252670,85,1110100010001110110111110010110100000100100101110010001001001100100111111000000100101,133257450,0,0.060000,0.600000
133252674,82,1010000011100111111100100000100001001001111100100010010001001001011110110101111000,133241974,0,0.030000,0.600000
133252675,86,11100000011011011111110000110100000100100111110010001001000100100101111010000110001011,133257450,0,0.070000,0.700000
133252678,79,0000001011111011010010100000000100100111110010001001000100100111011011000111110,133257450,0,0.070000,0.700000
133252694,81,100100010011111001111011100100000100100110110010011001001100100011010110001111111,133235544,0,0.030000,0.600000
133252696,83,00000000001110000101111000110101000100100011110010001001001100110111111101001101011,133252596,0,0.060000,0.600000
133252702,85,1011001000100111110011100010100100000100100111110010001001001100100111011011000111111,133252596,0,0.060000,0.600000
133252703,84,110110000011100101010100101001000001001001111101100010010001001001110100111001101000,133257468,0,0.080000,0.800000
133252705,77,00000101111111111100001011010001001001111100100010010001001001010100110011001,133240472,0,0.040000,0.600000
133252706,84,111001000110111110011110011100100000100101111110010001001001000100011011111100111101,133259004,0,0.060000,0.600000
133252707,85,1101000100011100101011100101101000001001001111100100010010000001001010110110001101011,133235544,0,0.035000,0.700000
133252714,86,01100110010001111001011001010010000010010011111001100100100111010011100101100011111110,133254150,0,0.060000,0.600000
133252715,84,111100000001110011101010010110100000100100111110010001001000100100111111011001110111,133247261,0,0.025000,0.500000
133252716,84,000000000011111001111101010011000010010011111001000100100110010011101111100011110011,133255828,0,0.053333,0.600000
133252717,80,00001001000011011111001010010010010010011111001000100100010010011001011100011100,133252605,0,0.040000,0.800000
133252718,79,0000010011110111110001001111000010010010111001000100100010010010111101100010111,133257451,0,0.020000,0.500000
133252719,79,0000010011110111110001001111000010010010111001000100100010010010111101100010011,133259013,0,0.040000,0.600000
133252723,81,100000101011000000110110100100000100100111110010001001000000100111101011100100001,133243657,0,0.070000,0.700000
133252725,84,111000000101111001111100101011001001001001111100100010010101011001100010110100011010,133252605,0,0.030000,0.600000
133252726,82,1101000100101100101011100101101001001001001111100100010010001001001011110110001010,133252605,0,0.040000,0.800000
133252728,83,11001000100111110111110010100100000100100110110010001001001100100111011011000111111,133255836,0,0.060000,0.600000
133252735,84,100001101000111100111101101001010001001001101100100010010001001001111111010001111010,133263556,0,0.040000,0.600000
133252738,75,000101011110111100101000001001001001111100110010010001001001111110100001101,133259013,0,0.040000,0.600000
133252739,84,110100010001110010101010010110100100100100111110010001001000100100011101001000110101,133257451,0,0.020000,0.500000
133252741,86,01100110010001111001011001010010000010010011111001100100100110010011100101100111111110,133240463,0,0.060000,0.600000
133252742,88,0101110000011011011111110000110100100100110111110010001001000100100101101010000110001110,133240463,0,0.060000,0.600000
133252743,76,0001000111001111001010000010010010011111001000100100000010011111101100011011,133260445,0,0.040000,0.600000
133252749,77,00000000111110111110001010000010010011111001000100100010010010111011000110100,133263560,0,0.200000,1.000000
133252750,83,11100000001110011101010010110100000100100111110010001001000100100111111011001110101,133249272,0,0.030000,0.600000
133252751,76,0011001111101111111101001100010010011111001000100110010010011100101000110110,133228738,0,0.030000,0.600000
133252754,83,10100000001110010101110010110100000100100111110010001001000100100101110011010110101,133240466,0,0.024000,0.600000
133252755,83,00000000001110010101110000110101000110100111110010001001001100110111110101001101011,133254146,0,0.024000,0.600000
133252758,80,00000000011111011111000010100000100100111110010001001000100100101110110011101001,133237119,0,0.024000,0.600000
133252760,83,10100000001110000101110010110100000100100111110010000001000100100101110011010110101,133263558,0,0.120000,0.600000
133252771,75,000001111011110110101010010001001001111100100010010010001001011111110001001,133260442,0,0.060000,0.600000
133252775,85,1110010001001111100111100101001000001101001111100100010010011001001110110100011111111,133252597,0,0.040000,0.600000
133252776,83,11100000001110011101010010110100000100100111110010001001000100100111111011001110101,133251042,0,0.100000,0.500000
133252777,83,11100000001110011101010010110100000100101111110010001001000100100111111011001110101,133252597,0,0.033333,0.500000
133252779,79,0000001011111011010010100000000100100111110010001001000100100111011011000111110,133252597,0,0.040000,0.600000
133252780,85,0000000010010100101011111111100110101001001111100100011010001001001111010110001011011,133270343,0,0.046667,0.500000
133252783,82,1010000001111101111100001000001001001001111100100011010001001001100110110001111110,133247260,0,0.053333,0.800000
133252785,87,011101000100011100101011100101101000001001001111100100010010001001001011110110001101010,133257460,0,0.080000,0.800000
133252788,79,0100100111101111110001010111000010010011111001000100100010010010111101000010101,133238702,0,0.060000,0.600000
133252789,84,111001010100111100010110010101100000100100111110010001001000100100111011111000111111,133251031,0,0.024000,0.600000
133252792,76,0000010101010111110000001000100101100111110010001001001100100110000110001011,133232168,0,0.050000,0.500000
133252794,84,000011000011101110111101010010000010010011111011000100100010010011101111011011110010,133232168,0,0.050000,0.500000
133252795,81,000000011110111011010100100000100100111110010001001000100100111011111000111100111,133251031,0,0.024000,0.600000
133252796,82,1010000001111101111100001001001001101001111100100010010001001001100110110001111110,133223829,0,0.025000,0.500000
133252801,85,1011001000100111110011100010100100000100100111110010001001001100100111011011000111111,133259014,0,0.120000,0.600000
133252803,84,110000001101101111111000011010000010010111110010001001000100100101111010000110001111,133243645,0,0.050000,0.500000
133252805,85,0001100000001110011001110010110100010100100111110110001001100100110111111001001110101,133243661,0,0.030000,0.600000
133252807,84,111001000100111110011110010100100000110100111110010001001001100100111011010001111111,133249269,0,0.030000,0.600000
133252808,86,01100110010001111001011001010010000010010011111001100100100110010011100001100011111110,133245508,0,0.025000,0.500000
133252809,84,011000000001111011101000110110100010101100111110010001001000100101111111001001110101,133263556,0,0.033333,0.500000
133252812,78,000000011111011010010100000000100100111110010001001000100100111011011000110110,133243654,0,0.025000,0.500000
133252813,82,1010101000111011010111001011100000100100101110010001001001100100111111000000100101,133260443,0,0.120000,0.600000
133252814,75,000100011011111100101000001001000001111100100010010001001001111110110001101,133240476,0,0.060000,0.600000
133252818,76,0000010101010111110000001000100101100111110010001001001100101110010110001011,133233871,0,0.040000,0.600000
133252819,84,111001000100111110111110010100100000100100111110010001001001100100111011011000111111,133233871,0,0.046667,0.700000
133252820,75,000100011000111100101000001001000001111100100010010001001001111110110000101,133268588,0,0.025000,0.500000
133252830,83,01100000001110011001110010110100000100101111110010001001000100100111111001001110101,133255841,0,0.025000,0.500000
133252832,84,110000001101101111111000011010000010010111110010001001000100100101111010000110001111,133251043,0,0.050000,0.500000
133252860,85,1011001000100111110011100010100100000100100111110010001001001100100111011011000111111,133247265,0,0.040000,0.600000
133252861,75,000100011010111100101000001001000001111100100010010001001001111111110000101,133255834,0,0.060000,0.600000
133252866,76,0011001111101111111101001100010010011111001000100110010010011100101000110110,133243661,0,0.033333,0.500000
133252867,76,0000101111111111100001011010101001001111100100010010001001001010100100111001,133228738,0,0.040000,0.800000
133252868,83,11100000001110011101010010110100000100100111110010001001000100100111111011001110101,133260439,0,0.033333,0.500000
133252875,75,000100011101111100101000001001001001111100100010010000001001111110110001101,133255825,0,0.050000,0.500000
133252876,82,1110000011100111111100100000100001001001111100100010010001001001011110110101101000,133249264,0,0.050000,0.800000
133252877,81,100000101011000000110110100100000100100111110010001001000000100111101011100100001,133252597,0,0.033333,0.500000
133252878,83,11100000001110011101010010110100000100100111110010001001000100100111111011001110101,133260439,0,0.025000,0.500000
133252879,89,01011100000110110111111100001101001001001101111100100010010001001001011010100001100011100,133228738,0,0.030000,0.600000
133252880,83,11000000001111011101000110010100010101100111110010001001000100100111011001001110101,133228738,0,0.035000,0.700000
133252881,80,10000101010000011101101001000000001001110100100010010001101001111000101001100010,133232166,0,0.040000,0.600000
133252882,83,11100000001110011101010010110100000100100111110010001001000100100111111011001110101,133225402,0,0.040000,0.600000
133252884,82,0111000001111011110110010000010000100100111110010001001000100100111111111010101001,133225409,0,0.030000,0.600000
133252885,80,10000101010000011101101001000000001001110100100010010001101001111000101001100010,133263557,0,0.024000,0.600000
133252886,82,1000000010111110111110010100101100100100111110010001001000100100111011011000111001,133232166,0,0.066667,0.800000
133252887,89,01011100000110110111111100001101001001001101111100100010010001001001011010100001100011100,133225402,0,0.066667,1.000000
133252888,84,000000000001111001111111010011000010010011111001000100100110010011101111100011110011,133262181,0,0.120000,0.600000
133252889,85,0010000000011100111011100100101000001001001111100100010010001001000111110010011101011,133268596,0,0.200000,1.000000
133252890,80,00100100111110111110000101000001001001111100100010010001001000011001100011010011,133247262,0,0.040000,0.800000
133252892,81,100000101010000111110110010100001100100111110010001001000100100111101011100110000,133249264,0,0.046667,0.700000
133252894,84,011010001000111001010111001011010010010010011111001000100100010010010111101100010100,133254149,0,0.040000,0.600000
133252901,82,0000000111101111110100001000001001001111100100010010001001001010111110001111001101,133252599,0,0.050000,0.500000
133252904,81,100000001011111011110110100100000100100111110010001001000100100111111101110110101,133247254,0,0.040000,0.800000
133252911,83,01101000100101100101011100101101001001001001111100100010010001001001011110110001010,133240467,0,0.030000,0.600000
133252912,84,011101010100011100101011100101101000010010011101001000100100010010010111001100011010,133251042,0,0.100000,0.500000
133252913,84,011101000100011100101011100101101000010010011111001000100100010010010111001100011010,133247261,0,0.025000,0.500000
133252914,82,1000000010011110111110010100101100100100111110010001001000100100111011011000111011,133251035,0,0.030000,0.600000
133252915,85,0110000001101101111111000011010010010010011111001000100100010010010111101000011000111,133225411,0,0.100000,1.000000
133252916,82,1000001110100001111101100101000001001001111100100010010001001001111010111001100011,133259007,0,0.160000,0.800000
133252920,83,10000000001110000101110000110101000100100111110010001001001100110111110101001101011,133243643,0,0.060000,0.600000
133252921,83,10000000001110000101110000110101000100100111110010001001001100110111110101001101011,133243643,0,0.060000,0.600000
133252927,80,00000000111110111110100101010001001001111100100010010001001001011101100011010011,133252601,0,0.040000,0.600000
133252928,85,1001001001010100001011101101101000001001001111100100010010001001001111010111001100011,133262187,0,0.080000,0.800000
133252929,82,1000000001110111101010010110100010100100111110010001001000100100111111001000110101,133265295,0,0.053333,0.800000
133252934,83,11101010000011100101010101011010000010010011111001000100100010010010111101100011010,133251034,0,0.040000,0.600000
133252935,85,0010000010011100111011100100101000001001001111100100010010001001001111110010011111011,133251034,0,0.040000,0.600000
133252936,84,111100000001110010101010010110100000100100111110010001001000100100111101011001110101,133251034,0,0.040000,0.600000
133252937,81,100000101010000111110110110100000100100111110010001001000100100111101011100111001,133265304,0,0.060000,0.800000
133252938,79,0000000011111011010010000000000100100111110010001001000100100111011011000111110,133262177,0,0.032000,0.800000
133252939,83,01000001010100101011101101101000001001001110100100010010011001001111010110101100010,133252609,0,0.070000,0.700000
133252940,82,0010110000111001011101001011010010010010011111001000100100000010010111010000110100,133251034,0,0.040000,0.600000
133252945,84,111100000001110011101010010110100000100100111110010001001000100100111101011001110101,133262177,0,0.032000,0.800000
133252951,85,0000000000010100101011111111100110001001001111100100010010001001001111010110001011011,133263565,0,0.060000,0.600000
133252952,80,00000000011111011111000010100000100100111110010001001000100100101110110011101001,133227178,0,0.100000,1.000000
133252953,79,1000001010110000011101100101000001010011111001000100100010010011110101110010000,133247258,0,0.100000,0.600000
133252954,84,011001000100111110111110010100100000100100111110010001001001100100111011011000111111,133265293,0,0.046667,0.700000
133252955,86,11110010001001111101111100101001000001001001111100100010010011001001110110110001111110,133233881,0,0.046667,0.600000
133252956,75,000000111111111100001011010101000001111100100010010001001001010100100011001,133227178,0,0.100000,1.000000
133252957,85,1111001000100111110111110110100100000100100111110010001001001100100111011011001111111,133232169,0,0.046667,0.700000
133252958,81,100000101010000111110110010100000100100111110010001001000100100111101011100110001,133227178,0,0.100000,1.000000
133252959,84,010000000001111101011000101001001001001001111100100010010010001111101001000011110101,133227178,0,0.100000,1.000000
133252960,79,0000100011011011010010100000000100100111110010001001000100100111010011000110111,133227178,0,0.100000,1.000000
133252961,75,000100011100111110101000001001001001111100100010010010001001111110110001101,133266895,0,0.070000,0.700000
133252962,84,111001000100111110011110010100100000110100111110010001001001100100111011010001111111,133266895,0,0.070000,0.700000
133252963,84,010000000001110000101110000110001000100100111110010001001001100110111110101001101011,133247258,0,0.100000,0.700000
133252964,76,0000010101010111110000001000100001100111110010001001001100100110000110001011,133227178,0,0.100000,1.000000
133252965,84,100010000001001110011101010000000010010011111001000100100010010011101110010011110010,133263565,0,0.060000,0.600000
133252966,84,011001000100111110111110010100100000100100111110010001001001100100111011011000111111,133263565,0,0.060000,0.600000
133252967,76,0000001001010111110000100000100100100111110010001001000100100110000110001011,133265293,0,0.053333,0.800000
133252968,83,10100000001110010101110010110100000100100111110010001001000100100101110011010110001,133245520,0,0.100000,0.500000
133252979,86,01000001000111110101100010100100100100100111110010001001001000101111010011000111101011,133262195,0,0.030000,0.600000
133252981,83,01000010011110111011100100001100000001001111100100010000011001001010100110101100011,133235544,0,0.025000,0.500000
133252982,76,0000010101011111110000001000100001100111110010001001001100100110000110001011,133265299,0,0.025000,0.600000
133252983,82,1101000100011100101011100101001001001001001111100100010010001001001011110110001010,133245516,0,0.025000,0.500000
133252984,85,1101000100011100101011100101101000001001001111100100010010000001001010110110001101011,133247264,0,0.070000,0.700000
133252985,84,010001100001110000101010000110100000100100111110010001001000100100101111010010101011,133265299,0,0.050000,1.000000
133252986,84,111101010000111110101010101111010000010010011111001000100100010010010111111100011010,133257453,0,0.040000,0.600000
133252988,76,0000000011101111110101011000010010011111101000100100110010011101101100011101,133228726,0,0.200000,1.000000
133252989,76,0010011101010111001010010110000010011111001000100100111010011111101100011101,133228727,0,0.040000,0.800000
133252990,81,110000000101001110111001010101000100100111110010001001000100100011111001001100101,133245511,0,0.030000,0.500000
133252994,82,1110000011110111101100100000100001001011110100100010010001001001011010110111101000,133260443,0,0.040000,0.600000
133252996,79,1000000011110111110100001000001001001111100100010000001001011101111100111110011,133228731,0,0.066667,1.000000
133252997,82,1000010011110111011100110001100000001001111100100010000011001001010100110101100011,133263562,0,0.050000,0.500000
133253018,83,11100000001110011101110010110100000100100111110010001001000100100111111001001110101,133254154,0,0.060000,0.600000
133253019,82,0100100001010010101110011110110000100100111110010001001000100100101111110000111101,133247271,0,0.016667,0.500000
133253020,81,011001000011100110011100101101000010000011111001000100100010010011111100100111010,133259009,0,0.032000,0.800000
133253021,81,000000011110111111010100100000100100101110010001001000100100111011111000111100110,133232166,0,0.033333,0.700000
133253023,82,1000000010111110111110010100101100100101111110010001001000100100111011011000111001,133259009,0,0.032000,0.800000
133253024,81,011001000011100110011100101101000010000011111001000100100010010011111100100111010,133225402,0,0.033333,0.500000
133253025,84,000000000011111001111101010011000010010011111001000100100110010011101111100011110011,133252610,0,0.024000,0.600000
133253026,76,0000010001010111110000000000110100000111110010001001000100100110000110001011,133262185,0,0.024000,0.600000
133253027,84,110001101001111100111101101001010001001001101100100010010001001001111110010001111010,133230482,0,0.050000,1.000000
133253028,83,01100100001110011001010010110100000100000111110110001001000100100111111001001110101,133230482,0,0.050000,1.000000
133253029,87,011001000100111110010110010100100000100110111110010001001001100100110011011000111111101,133230482,0,0.050000,1.000000
133253030,75,000100011010111100101000001001000001111100100010010001001001111110110000101,133230482,0,0.050000,1.000000
133253031,83,11101010000111100101010101011010000010010011011001000100100010010010111111100011010,133230482,0,0.050000,1.000000
133253032,83,11101010000111100101010101011010000010010011011001000100100010010010111111100011010,133230482,0,0.050000,1.000000
133253033,83,01100100001110011001010010110100000100000111110110001001000100100111111001001110101,133230482,0,0.050000,1.000000
133253034,85,1001000001010100001011101101101000001001001111100100000010001001001111010110001100011,133230482,0,0.050000,1.000000
133253035,84,111010001000111001010111001011010000010010011111001000100100010010001101011000110101,133262185,0,0.024000,0.600000
133253036,83,11100000001110011101010010110100000100100111110011001001000100100111111001001010101,133230482,0,0.050000,1.000000
133253037,85,1001000001010100001011101101101000001001001111100100000010001001001111010110001100011,133262185,0,0.020000,0.500000
133253038,75,000100011100101101101000001001001001111100100010010000001001111110010001101,133230482,0,0.050000,1.000000
133253039,84,110101010001110010101010010110100000100100111110010001101000000100011101001000110101,133230482,0,0.050000,1.000000
133253040,83,11101010000111100101010101011010000010110011011001000100100010010010111111100011010,133230482,0,0.050000,1.000000
133253041,83,01100100001110011001010010110100000100000111110110001001000100100111111001001110101,133230482,0,0.050000,1.000000
133253042,85,1011101000100011100101011100101101000010010011111001000100100010010010111001100011010,133230482,0,0.050000,1.000000
133253043,87,011001000100111110010110010100100000100110111110010001001001100100110011011000111111101,133262185,0,0.024000,0.600000
133253044,83,10000100101011101111100101011001001001001111100100010010001001001110110100001111110,133262185,0,0.024000,0.600000
133253045,83,01000010010111110111110010100100100100100111110110001001001100100111011011000111101,133257467,0,0.060000,0.600000
133253046,82,1101000100011100101011100101001001011001000111100100010010001001001011110110001010,133257467,0,0.060000,0.600000
133253047,87,011001000100111110010110010100100000100110111110010001001001100100110011011000111111101,133230482,0,0.050000,1.000000
133253049,83,01100100001110011001110010110100000100000111110010001001000100100111111001001110101,133266892,0,0.046667,0.700000
133253050,82,1000000010111110111110011100000100101100111110010001001001100100111011011000101101,133247252,0,0.040000,0.500000
133253052,82,1000000010111110111110011100000100100100111110010001001001100100111011011000101101,133247252,0,0.046667,0.600000
133253053,84,010000000101111101111101101001000001001001111100100010010011001001111111011101101011,133247252,0,0.046667,0.600000
133253054,83,11101000000011100101011100101101110001001001111100100000110001001101001110110011010,133247252,0,0.040000,0.400000
133253057,84,111000001011100111010100101101100001001001111100100010010001001001111110110011101010,133266892,0,0.053333,0.800000
133253060,83,11100000001110011101010010110100000100100111110010001001000100100111111011001110101,133257455,0,0.053333,0.800000
133253065,82,0010110000111001010101101011010010010010011111001000100100000010010111010000110101,133266892,0,0.046667,0.700000
133253068,83,11100000001110011101010010110100000100100111110010001001000100100111111011001110101,133247252,0,0.053333,0.500000
133253069,83,11101010000111100101010001011010000010010011011001000100100010010010111111100011010,133257455,0,0.046667,0.700000
133253070,84,111001000110111110011110011100100000100101111110010001001001000100011011111100111111,133254155,0,0.017143,0.600000
133253072,86,10010000000011100111011100100101000001001001111100100010010001001001111110010011101011,133241964,0,0.160000,1.000000
133253076,76,0010001101110111001100010110100100111110010001001001100100111111011000111111,133230487,0,0.200000,1.000000
133253077,83,01000010011110111011100100001100000001001111100100010000011001001010100110101100011,133259017,0,0.033333,0.500000
133253078,82,1100000101011000001110110110100000100100111110010001001000100100111101011100100001,133230487,0,0.200000,1.000000
133253079,81,010000000111001010111001011010000010010011111001000100100010010010111001101011001,133230487,0,0.200000,1.000000
133253080,83,10000101010000101110110010100000100100111110010001001000100100111101011110100001111,133230487,0,0.200000,1.000000
133253081,83,10000000101011101111100101011001001001001111100100010010001001001110110100001111110,133259017,0,0.040000,0.600000
133253082,84,000000000011111001111101010011000010010011111001000100100110010011101111100011110011,133230487,0,0.200000,1.000000
133253083,81,100000001011111011110110100100000100100111110010001001000100100111111101110110101,133259017,0,0.040000,0.600000
133253084,82,1101000100101100101011100101101001001001001111100100010010001001001011110110001010,133230487,0,0.200000,1.000000
133253085,82,1000000010101110111100010101100100100100111110010001001000100100111011011000111101,133230487,0,0.200000,1.000000
133253086,83,10001001100111110011110010100100010100100111010010001001001100100111011011000111111,133230487,0,0.200000,1.000000
133253087,83,10001001100111110011110010100100010100100111010010001001001100100111011011000111111,133230487,0,0.200000,1.000000
133253088,83,01000010011110111011100100001100000001001111100100010000011001001010100110101100011,133230487,0,0.200000,1.000000
133253089,83,10000101010000101110110010100000100100111110010001001000100100111101011110100001111,133230487,0,0.200000,1.000000
133253090,86,11100000011011011111110000110100100100100111110010001001000100100101111010000110001111,133230487,0,0.200000,1.000000
133253091,78,000100011010101110010100101110100100111110010011001000100100111110011000111111,133230487,0,0.200000,1.000000
133253092,84,111001000100111110111110010100100000100100111110010001001001100100111011011000111111,133230487,0,0.200000,1.000000
133253093,83,11100100001100011101010010110100000100100111110010001001000100110111101011001110101,133230487,0,0.200000,1.000000
133253094,83,10111000001111010101010010100100000100100111110010001001000100100111010111001101001,133230488,0,0.200000,1.000000
133253112,80,00000100111101111100010011110100100100111110010001001000100100101011011000101111,133262188,0,0.040000,0.800000
133253113,82,1010000001111101111100001001001001001001111100100010010001001001100110110001110110,133255839,0,0.040000,0.600000
133253115,79,0000100100001101011100101001001001001001111100100010010001001001110101110001110,133225411,0,0.080000,0.800000
133253116,81,100000101010000111110110010000000100100111110010101001000100100111101011100110001,133255827,0,0.033333,0.500000
133253117,85,1110100000001110010101110010110011000100100111110010001001000100100100111011001110101,133260445,0,0.040000,0.600000
133253119,83,01000000010111110111110110100100000100100111110010001001000100100111111101110110101,133235546,0,0.120000,0.600000
133253120,86,01000000100011111001111101000011000010010011111001000100100110010011101110100011110011,133255827,0,0.040000,0.600000
133253123,76,0000010101010111110000001000100101100111110010001001001100100110010110001011,133228734,0,0.120000,0.600000
133253124,82,1010000001011101111100001001001001001001111100100010010001001001100110110001111110,133235546,0,0.120000,0.600000
133253126,80,00000000011111011111000010100000100100111110010001001000100100101110110011101001,133235546,0,0.120000,0.600000
133253127,82,0000000000111001010101000001010100010010011111001000100100110011011111010100110100,133243647,0,0.040000,0.600000
133253128,83,10000000011101111010100101101000101001001111100100010010001001001111110010001101010,133230492,0,0.033333,1.000000
133253129,83,11100000001110011101010010110100000100100111110011001001000100100111111011001110101,133230492,0,0.033333,1.000000
133253130,83,10000000101011101101100101011001001001001111100100010010001001001110110100001111110,133270337,0,0.033333,0.600000
133253131,79,0000000011111011010010100000000100100111110010001001000100100111011011000110110,133230492,0,0.033333,1.000000
133253132,85,0000000010010100101011111111100110101001001111100100011010001001001111010110001011011,133259011,0,0.053333,0.800000
133253138,76,0000010101010111110000001000100101100111110010001001001100100110000110001011,133254156,0,0.024000,0.600000
133253144,85,1001000001010110001011101101101000001001001111100100010010001001000111010111001100011,133254149,0,0.033333,0.500000
133253145,83,10000010101000010111011011010000010010011111001000100100010010011110101111011000101,133254149,0,0.040000,0.600000
133253146,78,001100001100111110011100111010100101111110010001001000100100111010011000111111,133252603,0,0.080000,0.800000
133253147,77,00000010101010111110000001000100101100111110010001001001100100110000110000011,133232157,0,0.066667,1.000000
133253148,83,11101010000011100101010101011010000010010011111001000100100010010010101111100011010,133254158,0,0.050000,0.800000
133253150,84,001000001010100101011101101101000001001001110100100010010011001001111010110001100010,133266905,0,0.080000,0.800000
133253151,81,110100000010111011111000010010010000100111110010001001000100100110011011000111110,133268590,0,0.040000,0.600000
133253154,76,0100010101010111110000001000100101100111110010001001001100100110000110001011,133255831,0,0.100000,0.500000
133253164,83,11101010000011100101010101011010000010010011111001000100100010010010111101100011010,133238702,0,0.060000,0.600000
133253165,84,110000001101101111111000011010000010010111110010001001000100100101111010000110001111,133238702,0,0.050000,0.500000
133253166,83,11100000111001111011001000001000010010011111001000100100010010010111101111011010000,133262191,0,0.060000,0.600000
133253167,83,00010100000111001010101001011011000010010011111001000100100000010010111000000110101,133249262,0,0.060000,0.600000
133253169,83,10100000001100010101110010110100000100100111110010001001000100100101110011010110101,133232165,0,0.100000,1.000000
133253170,74,00000011101111010101011000010010011101001000100100110010011101101100011101,133259006,0,0.050000,0.500000
133253172,80,00000000011111011111000010100000100100111110010001001000100100101110110011101001,133266893,0,0.100000,0.500000
133253173,84,111110000011100101010100101001000001001001111100100010010001001001110100111001101000,133232165,0,0.100000,1.000000
133253175,82,1000000001110111101010010110100010100100111110010001001000100100111111001000110101,133235547,0,0.050000,0.500000
133253176,76,0010011101010111001010010110000010011111001000100100110010011111101100011101,133260449,0,0.120000,0.600000
133253180,84,111001000100111110111110010100100000100100111110010001001001100100111011011000111111,133235547,0,0.060000,0.600000
133253181,83,11100000001110011101010010110100000100100111110010001001000100100111111011001110101,133232165,0,0.100000,1.000000
133253183,86,11100000011011011111110000110100100100100111110010001001000100100101111010000110001111,133232165,0,0.100000,1.000000
133253185,76,0000010101010111110000001000100001100111110010001001001100100110000110001011,133223829,0,0.025000,0.500000
133253186,84,011001000100111110011110010100100000100100111110010001001001100100111011011000110111,133232166,0,0.066667,1.000000
133253187,81,110000000101001110111001010101000100100111110010001001000100100011111001001100101,133259012,0,0.080000,0.600000
133253188,85,1011001000100111110011100010100100000100100111110010001001001100100111011011000111111,133252596,0,0.060000,0.600000
133253189,81,110000000101001110111001010101000100100111110010001001000100100011111001001100101,133232167,0,0.100000,1.000000
133253190,85,1011001000100111110011100010100100000100100111110010001001001100100111011011000111111,133232167,0,0.100000,1.000000
133253191,85,1011001000100111110011100010100100000100100111110010001001001110100111011011000111111,133262177,0,0.024000,0.600000
133253192,81,110000000101001110111001010101000100100111110010001001000100100011111001001100101,133257468,0,0.100000,1.000000
133253193,86,11100000010011011111110000110100100100100111100010001001100100100101111010000110001111,133262182,0,0.040000,0.400000
133253194,85,1001000001010100001011101101101000001001001111100100000010001001001111010110001100011,133232169,0,0.066667,0.700000
133253195,85,1101010000011100101010100101111000001001001111100100010010001001001011110110001101011,133232169,0,0.040000,0.800000
133253196,81,100000101010000101110110010100000100100111110010001001000100100111101011100110001,133232169,0,0.066667,1.000000
133253197,85,1101000000011110001011100101101010001001001111000100010010001001001011110110001101010,133233881,0,0.040000,0.600000
133253198,82,1000000011111101111100010010000100100111110010001001001100101111011011000110011011,133232169,0,0.040000,0.700000
133253199,80,00100100111110111110000101000001001001111100100010010001001000011001100011010011,133232169,0,0.053333,0.800000
133253200,79,1000000110101011100101001011001001001111100100010010011001001111110110001111111,133265293,0,0.046667,0.700000
133253201,83,11001000100111110111110010100100000100100110110010001001001100100111011011000101111,133233881,0,0.066667,0.500000
133253202,76,0000010101010111110000001010100001100011110010001001001100100110000110001011,133265293,0,0.033333,0.500000
133253203,80,00100100111101111110001010111000010010011111001000100100010010010111101100010101,133232169,0,0.066667,1.000000
133253204,83,11000000011100111111010100100000100100101110010001001000100100111011011000111100110,133232169,0,0.066667,1.000000
133253205,75,000100011101111100101000001001001001111100100010010000001001111110110001101,133265293,0,0.046667,0.700000
133253206,85,1101000000011110001011100101101010001001001111000100010010001001001011110110001101010,133265293,0,0.046667,0.700000
133253207,83,11000000011100111111010100100000100100101110010001001000100100111011011000111100110,133233881,0,0.066667,0.600000
133253210,81,100000101010000111110110110100000100100111110010001001000100100111101011100111001,133225402,0,0.040000,0.600000
133253211,84,011001000100111110111110010100100000100100111110010001001001100100111011011000111111,133254151,0,0.070000,0.700000
133253213,76,0000010101010111110000001000100101100111110010001001001100100110000110001011,133240475,0,0.040000,0.600000
133253214,82,1101000100101100101011100101101001001001001111100100010010001001001011110110001010,133245513,0,0.030000,0.600000
133253215,83,11101010000011100101010101011010000010010011111001000100100010010010111101100011010,133225410,0,0.017143,0.800000
133253217,82,1000000001110111101010010110100010100100111110010001001000100100111111001000110101,133225394,0,0.080000,0.800000
133253218,82,0000000000111001000111000011010100010010011111001000100100110011011111010100110101,133260442,0,0.050000,0.500000
133253224,82,1000000010111110111110010100101100100100111110010001001000100100111011011000111001,133265292,0,0.120000,0.800000
133253226,84,111001010100111100010110010101100000100100111110010001001000100100111011111000111111,133254151,0,0.080000,0.800000
133253227,81,100000001011111011110110100100000100100111110010001001000100100111111101110110101,133255838,0,0.030000,0.600000
133253235,77,00100011011101110011000101101001001111100100010010011001001111110110001111110,133255838,0,0.025000,0.500000
133253237,87,011101000100011100101011100101101000001001001111100100010010001001001011110110001101010,133235531,0,0.025000,0.500000
133253243,79,0000100100001101011100101101001001001001111100100010010001001001110101110001110,133227178,0,0.060000,0.600000
133253244,87,011101000100011100101011100101101100011001001111100100010010001001001011110110001101010,133233881,0,0.066667,0.600000
133253249,78,000100011010101110010100101110100100111110010011001100100100111111001000111111,133243660,0,0.026667,0.400000
133253252,74,00001011101011111000000100010010110011111001000100100110011011000011000101,133245512,0,0.020000,0.600000
133253253,84,101000000011100101011100101101000001001001111100100010010001001001011100110101101010,133262184,0,0.060000,0.600000
133253258,89,01011100000110110111111100001101001001001101111100100010010001001001011010100001100011101,133259005,0,0.140000,0.700000
133253262,85,1101010000011100101010100101111000001001001111100100010010001001001011110110001101011,133245506,0,0.024000,0.600000
133253264,84,011001010100111110011110010100100000100100111110010001001001100101101011011000111111,133262185,0,0.024000,0.600000
133253265,84,110101010001111010101110010110100000100100111110010000001001100100101111001001100101,133235541,0,0.060000,0.600000
133253266,82,1000000010101110111100010101100100100100111111010001001000100100111011011000111101,133255826,0,0.100000,0.500000
133253268,84,011001010100111110011110010100100000100100111110010001001001100101101011011000111111,133262185,0,0.024000,0.600000
133253269,80,00000000111011101010010110100010100100111110010001001000100100111111101000110101,133255832,0,0.040000,1.000000
133253272,82,0111000001111011110110000000010000100100111100010001001000100100111111111010101000,133232171,0,0.020000,0.500000
133253274,77,00100011011101110011000101101001001111100100010010011001001111110110001111110,133228722,0,0.028000,0.700000
133253275,83,00000000001110000101111000110101000100100011110010001001001100110111111101001101011,133240475,0,0.040000,0.600000
133253276,83,10100000001110011101010000110110000100100111111010001001000100110111101001001110101,133235533,0,0.053333,0.800000
133253278,75,000100011100111110101000001001001001111100100010010000001001111110110001101,133247253,0,0.120000,0.600000
133253280,81,100000101010000111110110010100000100100111110010001001000100100111101011100110001,133240475,0,0.033333,0.500000
133253281,76,0011001111101111111101001100010010011111001000100110010010011100101000110110,133235533,0,0.053333,0.800000
133253282,76,0000101111111111100001011010101001001111100100010010001001001010100100111001,133240475,0,0.033333,0.500000
133253283,84,111010100000111001010101010110100000100100111110010001001000100100101111011000110101,133235534,0,0.200000,1.000000
133253284,83,01000010010111110111110110100100000100100111110010001001000100100111111101110110100,133235534,0,0.200000,1.000000
133253287,84,111000000110110111011000011010000010011011111001000100100010010010111101000011000111,133259006,0,0.050000,0.500000
133253289,77,00000000011101111010001011000010010011111001001100100110010011101101100011101,133243644,0,0.060000,0.600000
133253291,81,100000101010000111110110110100000100100111110010001001000100100111101011100111001,133270344,0,0.100000,0.800000
133253292,86,10100000000111110011111010100110000100100111110010001001001100100111011111000111100110,133252610,0,0.024000,0.600000
133253294,77,00010001101010111001010000111010010011111001000100100110010011001011000111111,133249263,0,0.028000,0.700000
133253296,82,1101000100011100101011100101101001001001001111100100010010001001001011110110001010,133249263,0,0.028000,0.700000
133253297,84,111000000101111001111100101011001001001001111100100010010101011001100010110100011010,133245506,0,0.020000,0.500000
133253299,81,100000101010000111110110010101000100100111110010001001000100100111101011100110001,133262186,0,0.053333,0.800000
133253304,86,00110010001001111100111100101001000001001001111100100010010011001001110110110001111110,133252607,0,0.028000,0.700000
133253305,81,110100000010111011111000010010010000100111110010001001000100100110011011000111110,133235537,0,0.100000,1.000000
133253306,82,1000000110111110111110010100101100100100111110010001001000100100111011011000111001,133235537,0,0.100000,1.000000
133253307,81,100000101000000111110110010100000100100111110010001001000100100111101011100110001,133235539,0,0.033333,1.000000
133253309,82,1010000001111101111100001001001001101001111100100010010001001001100110110001111110,133245493,0,0.140000,0.700000
133253310,85,0010000010011100111011100100101000001001001111100100010010001001001111110010011111011,133270339,0,0.100000,0.800000
133253312,81,100000101010000111110110010100000100100111110010001001000100100111101011100110001,133235541,0,0.100000,1.000000
133253313,83,11100000001110011101110010110100000100100110110010001001000100100111111001101110101,133235541,0,0.100000,1.000000
133253315,85,0000000000010100101011111111100110001001001111100100010010001001001111010110001011011,133235541,0,0.100000,1.000000
133253316,83,01000010011110111011100100001100000001001111100100010000011001001010100110101100011,133259004,0,0.060000,0.600000
133253317,86,01100110010001111001011001010010000010010011111001100100100110010011100101100011111110,133245496,0,0.120000,0.600000
133253318,84,111001000110111110011110011100100000100101111110010001001001000100011011111100111101,133255836,0,0.060000,0.600000
133253319,82,1110000011110111101100100000100001001011111100100010010001001001011010110111101000,133270340,0,0.100000,0.500000
133253321,85,1111100000111001010101001010010010010010011111001000100100010010011101001110011010001,133259007,0,0.160000,0.800000
133253322,81,110100000011101011111000010010010000100111110110001001000100100100011011000111110,133255839,0,0.033333,0.600000
133253323,84,111000000101111001111100101011001001001001111100100010010001011001100010110000011010,133260438,0,0.050000,0.500000
133253324,83,11001001100111110011110010100100010100100111010010001001000100100111011011100111111,133262188,0,0.040000,0.800000
133253327,81,100000101010000111110110010100000100100111010010001001000100100111101010100110001,133259007,0,0.140000,0.700000
133253328,83,10100000001110000101010010110100000100100111110010001001000101100101110011010110101,133262188,0,0.035000,0.700000
133253329,83,11001000100111110111110010100000000100100100110010001001000100100111011011000111111,133260438,0,0.060000,0.600000
133253331,83,01100100001110011001010010110100000100000111110110001001000100100111111001001110101,133259007,0,0.120000,0.600000
133253334,83,10100000001110000101110010110100000100100111110010001000000100100101110111110110111,133233888,0,0.140000,0.700000
133253335,83,10100000001110000101110010110100000100100111110010001000000100100101110111010110111,133233888,0,0.140000,0.700000
133253336,80,01111001110011111100010001110000100100111110011001001000100100101111011000101111,133233888,0,0.140000,0.700000
133253337,82,1100001010100001111101100101000001001001111100100010010001001101111010011001100011,133257459,0,0.040000,0.800000
133253338,83,11100000111001111011001000001000010010011111001000100100010010010111101111011010000,133233888,0,0.160000,0.800000
133253339,79,0000001011111011010010100000000100100111110010001001000100100111011011000111110,133260445,0,0.040000,0.600000
133253343,83,00000000001110000101111000110101000100100011110010001001001100110111111101001101011,133255835,0,0.070000,0.700000
133253346,84,111100000001110011101010010110100000100100111110010001001000100100111101011001110101,133247261,0,0.025000,0.500000
133253347,83,10000000101011101111100101011001001001001111100100010010001001001110110100001111110,133251029,0,0.066667,1.000000
133253354,84,110101010001111010101110010110100000100100111110010001001001100100101111001001100101,133225410,0,0.140000,0.700000
133253357,78,000100011010101110010100101100100100111110010011001001100100111101011000111111,133255838,0,0.025000,0.500000
133253359,86,10010000010101000010111011011010000010010011111001000100100010010011110101100011000111,133241974,0,0.030000,0.600000
133253361,83,00000001111011111101010010000010010011111001000100100010010011101111100011110011010,133263567,0,0.060000,0.600000
133253363,84,111001000100111110011110010100100000010100111110010001001001100100111011010001111111,133238687,0,0.200000,1.000000
133253367,85,0000000000010100101011111111100110001001001111100100010010001001001111010110001011011,133260446,0,0.053333,0.500000
133253371,83,11101010000111100101010101011010000010010011011001000100100010010010111111100011010,133257462,0,0.080000,0.800000
133253372,76,0000001111101111010001011000010010011111001000100100110010011101101100011101,133243645,0,0.060000,0.600000
133253374,86,01100110010001111001011001010010000010010011111001100100100110010011100101100011111110,133257463,0,0.060000,0.600000
133253393,75,000001111011111110101010010101001001111100100010010001001001011111110001001,133270341,0,0.100000,0.600000
133253399,76,0001010101010111110000001000100101100111110010001001001100100110010110001011,133255840,0,0.060000,0.600000
133253400,83,11001000100111110111110010100000000100100100110010001001001100100111011011000111111,133257454,0,0.024000,0.600000
133253401,86,11100000011011010111110000110100000100100111110010001001000100100101111010010110001111,133259018,0,0.060000,0.600000
133253402,87,011100000011011011111110000110100000100100111110010001001000100100101110010000110001111,133263565,0,0.060000,0.600000
133253403,84,111010100000111001010101010110100000100100111110010001001000100100101111011000110101,133266895,0,0.100000,1.000000
133253404,79,0100100111101111110001010111000010010011111001000100100010010010111101100010101,133263565,0,0.060000,0.600000
133253405,82,0100000101010000111110110110100000100100111110010001001010100100111101011100110001,133238709,0,0.060000,0.600000
133253417,80,00100100111101111110001010111000010010011111001000100100010010010111101100010101,133249261,0,0.120000,0.600000
133253419,83,10000000101011101111100111011001001001001111100100010010001001001110110100001111110,133265302,0,0.040000,0.600000
133253420,78,000000011111011010010100000000100100111110010001001000100100111011011000110110,133240461,0,0.050000,1.000000
133253421,81,100000001011111011111011010010100000100111110010001001000100100111111101110110101,133255842,0,0.100000,0.500000
133253422,76,0010001101110111001100010110100100111110010001001001100100111111011000111111,133240461,0,0.050000,1.000000
133253424,83,01101000100111110111110010100100000100100111110010001001001100100111011011010111111,133265294,0,0.060000,0.600000
133253425,87,110010000000011100111011100100101000001001001111100100010010001001001111110010011101011,133265294,0,0.060000,0.600000
133253426,84,111001000100111110111110010100100000100110111110010001001001100100111011011000111111,133252610,0,0.024000,0.600000
133253427,85,1011001000100111110011100010100100000100100111110010001001001100100111011011000111111,133237121,0,0.070000,0.700000
133253429,75,000100011100101101101000001001001001111100100010010000001001111110110001101,133251044,0,0.060000,0.600000
133253430,75,000101011110111100101000001001001001111100110010010001001001111110100001101,133245506,0,0.024000,0.600000
133253431,85,1101000100011100101011100101101000001001001111100100010010000001001010110110001101011,133240462,0,0.100000,1.000000
133253432,78,001001001111101111100001010000010010011111001000100100010011000110011000110100,133257462,0,0.100000,1.000000
133253433,84,110110000011100101010100101001010001001001111101100010010001001001110100111001101000,133240464,0,0.100000,1.000000
133253434,86,11100000011011011110110000110100000100100111110010101001000100100101111010000110001111,133240464,0,0.100000,1.000000
133253435,83,11100000001110011101010010110100000100100111110010001001000100100111111011001110101,133240464,0,0.100000,1.000000
133253436,83,11100000001110011101010010110100000100100111110010001001000100100111111011001110101,133262187,0,0.080000,0.800000
133253437,84,110011001000111100101100101001000001001101111100110010010011001001100101100011111110,133265296,0,0.030000,0.600000
133253439,85,1001001001010100001011101101101000001001001111100100010010001001001111010111001100011,133266904,0,0.032000,0.800000
133253441,82,1110000011110111101100100000100001001011111100100010010001001001011010110111101000,133240466,0,0.028571,1.000000
133253442,82,0110000000101001100111001010100010100100111110010001001000100100111111001001110101,133255833,0,0.040000,1.000000
133253445,82,1000000010111110111110010100101100100100111110010001001000100100111011011000111001,133266895,0,0.100000,1.000000
133253446,85,1101010000011100101010100101111000001001001111100100010010001001001011110110001101011,133263566,0,0.033333,0.500000
133253447,78,100000101010101111100000010001001011001111100100010010001001001100001100010110,133252599,0,0.050000,0.500000
133253448,84,110101010001110110101110010110100000100100111110010001001001100100101111000000100101,133252605,0,0.035000,0.700000
133253449,82,1110000011100111111100100000100001001001111100100010010001001001011110110101101000,133254155,0,0.053333,0.800000
133253450,84,111000011111011110010010000110100100100111110010001001000100100101111011010110110000,133254155,0,0.053333,0.800000
133253451,79,0000000110101011100101001011001001001111100100010010011001001111110110001111111,133232171,0,0.024000,0.600000
133253452,77,10000101111111111100001011010101001001111100100010010001001001010100100111001,133245513,0,0.030000,0.600000
133253454,83,11101010000111100101010101011010000010010011011001000100100010010010111111100011010,133240475,0,0.066667,1.000000
133253455,76,0001000111001111001010010010010010011111001000100100000010011111101100011011,133235533,0,0.053333,0.800000
133253456,86,10100000011011011111110000110100000100100111110010001001000100100101111010010110011011,133268593,0,0.026667,0.800000
133253457,83,00000000001110010101110000110101000110100111110010001001001100110111110101001101011,133241964,0,0.100000,1.000000
133253458,86,11001000001010110001011101101101000001001001111100000010010101001001111010111001100011,133259016,0,0.070000,0.700000
133253459,75,000100011010111100101000001001000001111100100010010001001001111110110001101,133262179,0,0.120000,0.600000
133253460,84,110100010001110010101010010110100100100100111110010001001000100100011101001000110101,133241964,0,0.100000,1.000000
133253461,80,00000100111101111100010011110000100100101110010001001000100100101111011000101110,133259016,0,0.080000,0.800000
133253462,75,000101011110111100101000001001001001111100100010010001001001111110100001101,133260443,0,0.100000,0.800000
133253463,80,01111001110011111100010001110000100100111110011001001000100100101111011000101111,133232171,0,0.020000,0.500000
133253464,83,01000001010100101011101101101000001001001110100100010010011001001111010110001100010,133228736,0,0.120000,0.600000
133253467,83,11100000001110011101010010110100000100100111110010001001000100100111101011001110101,133259004,0,0.100000,1.000000
133253472,82,1000000001110111101010010110100010100100111110010001001000100100111111001000110101,133243644,0,0.060000,0.600000
133253476,82,1000001010110000011100101101000001001001111100100010010001001001111010110001000011,133243644,0,0.060000,0.600000
133253482,76,0000010101010111110000001000100001100111110010001001001100100110000110001011,133243644,0,0.050000,0.500000
133253483,74,00000011101111010101011000010010011101001000100100110010011101101100011101,133241972,0,0.100000,1.000000
133253484,82,1000001010100001001101101101000001001001111100100010010001001001111000101001100010,133241972,0,0.100000,1.000000
133253485,82,1000000110111110111110010100101100100100111110010001001000100100111011011000111001,133262192,0,0.100000,0.500000
133253487,83,10100000001110010101110010110100000100100111110010101001000100100101110011010110101,133265289,0,0.035000,0.700000
133253489,84,011000000001111011101000110110100010100100111110010001001100100100111111001001110101,133255834,0,0.070000,0.700000
133253492,84,111000000011100101010100101101000001001001111100100010010001001001111110110011101011,133225394,0,0.070000,0.700000
133253494,85,1101000000011100001011100101101010001001001111000100010010001001001010110010001101010,133262190,0,0.030000,0.600000
133253495,85,0111000000101111001111100101011001001001001111100100010010001011001100010110000011010,133247262,0,0.035000,0.700000
133253496,82,1110000011100111101100100000100001001001111100100010010001001001011110111101101000,133252608,0,0.080000,0.600000
133253499,86,11100000011011011101110000110100000100100111110010001001000100100101111010010110001111,133245513,0,0.030000,0.600000
133253501,82,1000000010101110111100010101100100100100111110010001001000101100111010011000111101,133254149,0,0.033333,0.500000
133253502,84,111001000100111110011110010100000000100100111110010000001001100100101011011000111111,133252599,0,0.050000,0.500000
133253503,82,1110000011110111101100100000100001001011111100100010010001001001011110110101101000,133243643,0,0.100000,1.000000
133253504,83,10100000001110010101110010110100000100100111110010001001000100100101110011010110001,133243645,0,0.100000,1.000000
133253506,80,00000100111110111110000101000001001001111100100010010001001000011101100011010010,133243655,0,0.100000,0.500000
133253509,82,1000000001110011101010010110100010100100111110010101001000000100111111001001110101,133243647,0,0.033333,0.500000
133253510,83,11001000000111110111110010100100000100100110110010001001001100100111011011000101111,133243647,0,0.066667,1.000000
133253511,82,0100000000111010111110000010100000000100111110010001001000100000111110110000101001,133260446,0,0.040000,0.500000
133253512,82,1100001010100001111101100101000001001001111100100010010001001101111010011001100011,133237123,0,0.040000,1.000000
133253517,85,0110010101001111100111100101001000001001001111100100010010011001011010110110001111111,133259011,0,0.046667,0.700000
133253518,82,0100000000111010111110000010100000000100111110010001001000100000111110110000101001,133259011,0,0.040000,0.600000
133253519,83,00100000101010000101100010010100000000100111100100010010001001101111010111001100010,133243647,0,0.066667,1.000000
133253520,84,111000000101111001111100111001001001001001111100100010010001001001100110110000011011,133243647,0,0.066667,1.000000
133253521,83,10000000000111110011111010000110000100100111110010001001001100100111011110001111001,133243647,0,0.066667,1.000000
133253523,78,000000011111011010010100000000100100111110010001001000100100111011011000110110,133260446,0,0.053333,0.500000
133253525,82,1001001000100001011111101101000001001001111100100010010001011001101010111001100011,133255838,0,0.030000,0.600000
133253526,84,011001000100111110011110010100100000100100111110010001001001100100111011011000111111,133225396,0,0.060000,0.600000
133253527,84,100001101000111100111101101001010001001001101100100010010001001001111111010001111010,133263573,0,0.040000,0.600000
133253528,82,0000000000111001100111000011010100010010011111001000100100110011011111010100110101,133263573,0,0.040000,0.600000
133253529,82,1100000010111110111110010100101100100100111110010001001000100100111011011000111001,133227178,0,0.060000,0.600000
133253530,83,10100000001110000101110010110100000100100111110010001000000100100101110111010110111,133247258,0,0.050000,0.700000
133253531,79,0000001011111011010010100000000100100111110010001001000100100111011011000111110,133243651,0,0.100000,1.000000
133253535,76,0000010101010111110000001000100001100111110010001001001100100110000110001011,133257453,0,0.040000,0.600000
133253536,83,11000000001111010101000110010100010101100111110010001000000100100111011001001110101,133222213,0,0.033333,0.500000
133253537,85,0100000001011111011111011010010000010010011111001000100100010010011111110111011010111,133268609,0,0.080000,0.800000
133253538,79,0100100111101111110001000111000010010011111001000100111010010010111101100010101,133243654,0,0.050000,1.000000
133253539,84,111001000100111110011110010100000000100100111110011001001001100100101011011000111111,133222213,0,0.040000,0.600000
133253540,80,10100010001110010101110010100100111001001111100100010010001001001011110110001010,133266898,0,0.050000,0.500000
133253541,85,0100000001011111011111011010010000010010011111001000100100010010011111110111011010111,133222213,0,0.040000,0.600000
133253543,83,10100000001110010101110010110100000100100111110010001001000100101101110011010110101,133245514,0,0.033333,0.500000
133253545,75,000100011010111100101000001001000001111100100010010001001001111110110001101,133243660,0,0.066667,1.000000
133253549,83,10000000001110000101110000110101000100100111110010001001001100110111110101001101011,133245495,0,0.028571,1.000000
133253550,86,10010000010101000010111011011110000010010011111001000100100010010011110101100011000111,133245495,0,0.028571,1.000000
133253551,84,110110000011100101010100101001000001001001111101100010010001001001110100111001101000,133233871,0,0.046667,0.700000
133253553,83,11100000001110011101010010110100100100100111110010001001000100100111111011001110101,133245498,0,0.066667,1.000000
133253554,78,000100011010101110010100101110100100111110010011000000100100111111011100111111,133249265,0,0.050000,0.500000
133253555,84,011010001000111001010111001011010010010010011111001000100100010010010111101100010100,133245498,0,0.066667,1.000000
133253556,76,0010001101110111001100010110100100111110010001001001100100111111011000111111,133268600,0,0.066667,0.700000
133253557,82,1100110010001111001010010100100000100110111110011001001001100100110010110001111111,133245498,0,0.000000,0.000000
133253558,82,1101000100101100101011100101101001001001001111100100010010001001001011110110001010,133245498,0,0.066667,1.000000
133253559,79,0000000011111011111000010100000100100111110010001001000100100101010110001001001,133254154,0,0.060000,0.600000
133253560,85,1011100010001110101011100101101000001001001111100100010010001001001010110100001101011,133230488,0,0.160000,0.800000
133253563,80,01111001110011101000010001110000100100111110011001001000100100101111011000101111,133252612,0,0.140000,0.700000
133253564,82,1000000001110011101010010110100010100100111110010001001000000100111111001001110101,133230488,0,0.160000,0.800000
133253565,80,01101001110011111100010001110000101100111110011001001000100100101111011000101111,133249258,0,0.033333,0.500000
133253566,85,0101000000011100001011100101101000101001001011100100010010001001001011100110101101011,133245501,0,0.025000,0.500000
133253567,80,01001001010100001111101100101000011001011111001000100100001010011110101110011000,133262196,0,0.100000,0.500000
133253568,83,11101010000011100101010101011010000010010011111001000100100010010010111101100011010,133249258,0,0.040000,0.600000
133253569,84,110101010001111010101110110110100000100100111110010000001001100100101111001001100101,133249258,0,0.033333,0.500000
133253570,76,0000010101010111110000001000100101100111110010001001001100100110000110001011,133245501,0,0.025000,0.500000
133253571,83,10111000001111010101010010100100000100100111110010001001000100100111010111001101001,133245502,0,0.200000,1.000000
133253572,76,0001000111001111001010000010010010011111001000100100000010011111101100011011,133245503,0,0.066667,1.000000
133253574,81,100000001011111011111011010011000000100111110010001001000100100111111101110110101,133266901,0,0.040000,0.600000
133253575,83,11001000100111110111110010100100000100100111110010001001001100100111011011010111111,133251036,0,0.040000,0.600000
133253576,83,11001000100111110111110010100100000100100111110010001001001100100111011011010111111,133241976,0,0.040000,0.600000
133253577,81,100000001011111011111011010011000000100111110010001001000100100111111101110110101,133266901,0,0.040000,0.600000
133253578,81,100000001011111011111011010011000000100111110010001001000100100111111101110110101,133241976,0,0.040000,0.600000
133253579,80,01111001110011101000010001110000100100111110011001001000100100101111011000101011,133251036,0,0.033333,0.500000
133253580,81,100000001011111011111011010011000000100111110010001001000100100111111101110110101,133251036,0,0.033333,0.500000
133253581,80,01111001110011101000010001110000100100111110011001001000100100101111011000101011,133251036,0,0.033333,0.500000
133253582,83,11001000100111110111110010100100000100100111110010001001001100100111011011010111111,133241976,0,0.040000,0.600000
133253583,83,11001000100111110111110010100100000100100111110010001001001100100111011011010111111,133251036,0,0.040000,0.600000
133253585,85,1111110000011100100010100101001000001001001111100100010010001001001110100111001101000,133245506,0,0.040000,1.000000
133253587,87,011001000100111110010110010100100000100110111110010001011001100100110011011000111111101,133249263,0,0.020000,0.500000
133253588,83,11100000001110011101010010110100000100100111110010001001000100100111111011001110101,133257452,0,0.033333,0.500000
133253590,84,110101010001110110101110010110100000100100111110010001001001110100101111000000100101,133243652,0,0.046667,0.700000
133253596,81,100000001011111011111010010010000000100111110010001001000100100111111101110110101,133257456,0,0.060000,0.600000
133253598,86,10010000010101000010111011011010000010010011111001000100100010010011110101100011000111,133245511,0,0.050000,1.000000
133253601,75,000100011100101101101000001001001001111100100010010000001001111110110001101,133245516,0,0.030000,0.600000
133253603,83,11101010000111100101010101011010000010010011011001000100100010010010111111100011010,133265300,0,0.046667,0.700000
133253608,84,000000000011111001111101010011000010011011111001000100100110010011101111010011110011,133245521,0,0.060000,0.600000
133253609,78,000100011010101110010100101101100100111110011001001001100100111111011000011111,133268602,0,0.100000,0.600000
133253610,77,00100011011101110011000101101001001111100100010010011001001111110110001111110,133245521,0,0.100000,1.000000
133253611,82,1001001000100001011111101101000001001000111100100010010001011001101010111001100011,133245521,0,0.100000,1.000000
133253612,84,000000000011111001111101010011000010011011111001000100100110010011101111010011110011,133245521,0,0.100000,1.000000
133253613,83,11001000100111110111110010100100000100100111110010001001001100100111011011000111011,133268602,0,0.100000,0.600000
133253614,83,01000010010111110111110010100100100100100111110110001001001100100111011011000111101,133247257,0,0.060000,0.600000
133253615,86,11100000011011011111110000110100000100100111110010001001000100100101111010010110001111,133247252,0,0.050000,1.000000
133253616,83,10000000000111110011111010000110000100100111110010001001001100100111011110001111001,133266892,0,0.050000,0.700000
133253617,79,0000000110101011100101001011001001001111100100010010011001001111110110001111111,133266892,0,0.050000,0.700000
133253620,82,0010110000111101010101001011110010010010011111001000100100000010010111010000110101,133247254,0,0.050000,1.000000
133253621,83,10000000101011101111101101011001001001001111100100010010001001001110110100001111110,133247254,0,0.050000,1.000000
133253622,75,000001111011111110101010010001001001111100100010010001001001011111110001001,133247254,0,0.050000,1.000000
133253623,84,101110000011100101000100101001000001001001111100100010010001001001010101110011010011,133223829,0,0.025000,0.500000
133253624,84,111001010100111110111110010100100000100100111110010001001001100100111011011000111011,133263558,0,0.120000,0.600000
133253625,82,1000000001110011101010010110100010100100111110010001001000000100111111001001110101,133247254,0,0.050000,1.000000
133253626,84,000011000011101110111101010010000010010011111001000100100010010011101111101011110010,133223829,0,0.025000,0.500000
133253628,82,1000000001110011101010010110100010100100111110010001001000000100111111001001110101,133223829,0,0.025000,0.500000
133253631,85,1111010001000111010101110010110100000100100111110010001001000100100101111011000110101,133247254,0,0.050000,1.000000
133253632,86,11100000011011011110110000110100000100100111110010001001000100100101111010000110001111,133254152,0,0.024000,0.600000
133253633,82,1000000010111110111110011100000100100100111110010001001001100100111011011000101101,133254152,0,0.028000,0.700000
133253634,83,11100000001110011101010010110100000100100111110010001001000100100111111011001110101,133254152,0,0.024000,0.600000
133253635,84,111110000011100101010100101001001001001001111100100010010001001001110100111000101000,133254152,0,0.024000,0.600000
133253636,76,0000010101010111110000001000100101100111110010001001001100100110010110001011,133270345,0,0.050000,0.600000
133253637,86,10010000010101000010111011011010000010010011111001000100100010010011110101100011000111,133262181,0,0.140000,0.700000
133253638,84,101110000011100101000100101001000001001001111100100010010001001001010101110011010011,133223829,0,0.025000,0.500000
133253639,83,01000010011110111011100100001100000101001111100100010000011001001010100110101100011,133247254,0,0.050000,1.000000
133253640,76,0000010101010111110000001000100001100111110010001001001100100110000110001011,133230497,0,0.040000,0.600000
133253643,82,1010000001111101111100001001001001001001111100100010010001001001100110110001111110,133252602,0,0.100000,0.500000
133253644,82,1000000010111110111110011100100100100100111110010001001100100100111011011000111101,133252602,0,0.100000,0.500000
133253645,83,10100000001110010101110010110000001100100111110010001001000100100101110011010110101,133247258,0,0.100000,1.000000
133253647,84,011001010100111110011110010100100000100100111110010001001001100101101011011000111111,133227178,0,0.100000,0.600000
133253648,83,01100000001110010001110010110100000100101111110010001001000100100111111001001110101,133270342,0,0.050000,0.500000
133253649,87,010101000100011100101011100101101000001001001111100100010010001001001011110110001101010,133235542,0,0.040000,0.600000
133253650,84,010000000011111001111111010011000010010111111001000100100110010011101111100011110011,133247259,0,0.100000,1.000000
133253651,76,0000100011110111100101000001001001001111100100010010001000001111110110001101,133230488,0,0.140000,0.700000
133253653,82,1001001000100001011111101101000001011001111100101010010001011001101010111001100011,133247261,0,0.050000,1.000000
133253654,80,01111001110011101000010001110000100100111110011001001000100100101111011000101111,133247262,0,0.050000,1.000000
133253655,79,0000001011111011010010100000000100100111110010001001000100100111011011000111110,133243658,0,0.100000,1.000000
133253657,88,0101110000011011011111110000110100100100110111110010001001000100100101101010000110001110,133247262,0,0.050000,1.000000
133253662,75,000100011100101101101000001001001001111100100010010000001001111110110001101,133247264,0,0.100000,1.000000
133253663,84,110101010001110110101110010110100000100100111110010001001001100100101111000000100101,133247264,0,0.100000,1.000000
133253664,82,0100100001010010101100011110100001100100111110010001001000100100101111110000111101,133228722,0,0.032000,0.800000
133253665,83,10000000001110000101110000110101000100100111110010001001001100110111110101001101011,133268606,0,0.070000,0.700000
133253666,84,110101010001110110101110010110100000100100111110010001001001100100101111000000100101,133247264,0,0.100000,1.000000
133253667,80,00000000111110111110100101010001001001111100100010010001001001011101100011010011,133247264,0,0.100000,1.000000
133253668,83,10100000001110010101110010110100000100100111110010001001000100100101110011010110101,133247264,0,0.100000,1.000000
133253669,83,10100000001110010101110010110100000100100111110010001001000100100101110011010110101,133228722,0,0.040000,1.000000
133253670,83,10000000001110000101110000110101000100100111110010001001001100110111110101001101011,133247264,0,0.100000,1.000000
133253671,83,11100000001110011101010010110000000100100111111010001001000100100111111011001111101,133268606,0,0.070000,0.700000
133253672,82,1110000011100111101100100010100001001001111100100010110001001001011110111101101000,133247264,0,0.100000,1.000000
133253673,84,111110000011100101010100101001000001001001111100100010010001000001110100111001101000,133247264,0,0.100000,1.000000
133253674,83,11100000001110011101010010110000000100100111111010001001000100100111111011001110101,133247264,0,0.100000,1.000000
133253675,82,1110000011100111101100100010100001001001111100100010110001001001011110111101101000,133268606,0,0.070000,0.700000
133253676,82,1000000010111110111110010100101100100101111110010001001000100100111011011000111001,133249271,0,0.050000,0.600000
133253677,79,0000000011111011111000010100000100100111110010001001000100100101110110001101001,133255837,0,0.060000,0.600000
133253678,82,1000000010111110111110010100101100100101111110010001001000100100111011011000111001,133228736,0,0.100000,0.500000
133253679,82,0100100001010010101110011110100000100100111110010001001000100100101111110000111101,133247265,0,0.066667,1.000000
133253681,83,10000000101011101111100101011001001001001111100100010010001001001110110100001111110,133240461,0,0.025000,0.500000
133253682,82,0111000001111011110110000000010000100100111100010001001000100100111111111010101000,133257452,0,0.033333,0.500000
133253683,83,10000000101011101111100101011001001001001111100100010010001001001110110100001111110,133252600,0,0.060000,0.600000
133253684,86,11100000011011011111110000110100100100100111110010001001000100100101111010000110001111,133247271,0,0.033333,1.000000
133253685,82,1000000010101110111100010101100100100100111110010001001000100100111011011000111101,133268588,0,0.030000,0.600000
133253686,83,10000000101011101111100101011001001001001111100100010010001001001110110100001111110,133230497,0,0.040000,0.600000
133253687,87,011100000011011011111110000110100000100100111110010001001000100100101110010000110001111,133247271,0,0.033333,1.000000
133253688,84,000000000011111001111101010011000010011011111001000100100110010011101111000011110011,133247271,0,0.033333,1.000000
133253689,82,0100000101010001111110110010100001100100111110010001001000010100111101011100110001,133252600,0,0.060000,0.600000
133253690,87,011100000011011011111110000110100000100100111110010001001000100100101110010000110001111,133266894,0,0.030000,0.600000
133253691,85,0100000000111110011111010100110000100100111110010001001001100100111011111000111100110,133232163,0,0.030000,0.600000
133253694,82,0100000000111010111110000010100000000100111110010001001000100000111110110000101001,133230486,0,0.050000,0.500000
133253695,84,010000000011111001111101010011000010010011111001000100100110010011101111100011110011,133265303,0,0.120000,0.600000
133253696,82,1101100010011101011111001010000000010010011110010001001001100100111011011000111111,133249258,0,0.053333,0.800000
133253697,83,11010000001111101111100011001001001001001111100100010010001001001100110110001110110,133230486,0,0.050000,0.500000
133253698,85,0110010101001111100111100101001000001001001111100100010010011001011010110110001111111,133249258,0,0.066667,1.000000
133253700,83,01000010010111110111110010100100100100100111110110001001001100100111011011000111101,133265303,0,0.140000,0.700000
133253701,82,0100000000111010111110000010100000000100111110010001001000100000111110110000101001,133230486,0,0.050000,0.500000
133253702,82,1100001010011111001111011010101000100100110110010001001000100100111111001000111101,133230486,0,0.060000,0.600000
133253704,83,11100000001110011101010010110100000100100111110010001001000100100111111011001110101,133249258,0,0.040000,0.600000
133253705,82,1000001010100001111101101101001001001001111100100010010001001001111010111001110011,133245501,0,0.025000,0.500000
133253706,83,10100000001110010101110010110100000100100111110010001001000100100101110011010110101,133268608,0,0.066667,0.600000
133253707,84,010000000011111001111101010011000010010011111001000100100110010011101111100011110011,133249258,0,0.066667,1.000000
133253708,75,000101011110111100101000001001001001111100100010010001001001111110100001001,133245501,0,0.025000,0.500000
133253709,83,00100000101010000101100010010100000000100111100100010010001001101111010111001100010,133260440,0,0.025000,0.500000
133253710,76,0010011101010111001010010110000010011111001000100100110010011111101100111101,133245501,0,0.030000,0.600000
133253711,83,00000000000111101111101100001000001011001011100100010010001001001111111011101111010,133245501,0,0.020000,0.400000
133253713,80,01111001110011111000010001110000100100111110011001001000101100101111011000101111,133249259,0,0.066667,1.000000
133253715,80,01111001110011111000010001110000100100111110011001001000101100101111011000101111,133249259,0,0.066667,1.000000
133253718,81,000000000111001010101000001010100100100111110010001001001100110111110101001101001,133260455,0,0.040000,0.600000
133253721,84,111001000100111110011110010100100000010100111110010001001001100100111011010001111111,133249259,0,0.066667,1.000000
133253722,77,00000000111110111110001010000010010011111001000100100011010010111011000110100,133260455,0,0.040000,0.600000
133253723,85,0100000001011111011111011010010000010010011111001000100100010010011111110111011010111,133255842,0,0.100000,0.500000
133253725,79,0000001011111011010010101000000100100111110010001001000100100111011011000111110,133222213,0,0.046667,0.600000
133253726,85,0000000000010100101011111111100110001001001111100100010010001001001111010110001011011,133249260,0,0.100000,1.000000
133253728,84,010000000011101001111101010011000010010011111001000100100110010011101111100011110011,133247253,0,0.120000,0.600000
133253729,83,11101010000111100101010101011010000010010011011001000100100010010010111111100011010,133247252,0,0.025000,0.500000
133253730,78,001100001100111110011100111010100101111110010001001000100100111010011000111111,133268603,0,0.033333,0.500000
133253731,80,00100100111110111110000101000001001001111100100010010001001000011001100011010011,133249260,0,0.100000,1.000000
133253733,82,1101000100011100111011100101101001001001001111100100010010001001001011110110001010,133249260,0,0.100000,1.000000
133253734,82,1110000011100111111100100000100001001001111100100010010001001001011110110101101000,133249260,0,0.100000,1.000000
133253735,85,1001001001010100001011101101101000001001001111100100010010001001001111010111001100011,133260443,0,0.160000,0.800000
133253736,86,01100110010001111001011001010010000010010011111001100100100110010011100001100011111110,133270350,0,0.120000,0.600000
133253738,83,11001001100111110011110010100100010100100111010010001001001100100111011011100111111,133260443,0,0.140000,0.700000
133253739,86,01110100010001110010101110010110100000100100111110010001001000100100101111001000110101,133260443,0,0.160000,0.800000
133253740,84,000011000011101110111101010010000010010011111011000100100010010011101111011011110010,133260449,0,0.100000,0.500000
133253741,75,000000111111111100001011010101000001111100100010010001001001010101100011001,133257466,0,0.060000,0.600000
133253742,82,1000000001110111101010010110100010100100111110010001001000100100111111001000110101,133257466,0,0.050000,0.500000
133253743,83,10100000001110010101110010110100000100100111110010001001000100100101110011010110101,133249262,0,0.100000,1.000000
133253744,83,10000000101111101111100111000001001011001111100100010010011001001110110110001011011,133249262,0,0.100000,1.000000
133253745,84,110001101001111100111101101001010001001001101100100010010001001001111110110001111010,133257466,0,0.060000,0.600000
133253747,77,00000010101010111110000001000100101100111110010001001001100100110000110000011,133257466,0,0.050000,0.500000
133253748,83,10100000001110010101110010110100000100100111110010001001000100100101110011010110101,133249262,0,0.100000,1.000000
133253749,82,1101000100011100101011100101101001001001001111100100010010001001001011110110001010,133257466,0,0.050000,0.500000
133253750,77,00000010101010111110000001000100101100111110010001001001100100110000110000011,133249262,0,0.100000,1.000000
133253752,87,011001000100111110010110010100100000100110111110010001011001100100110011011000111111101,133265304,0,0.040000,0.600000
133253753,81,110100000010111011111000010010010000100111110010001001000100100110011011000111110,133249264,0,0.066667,1.000000
133253756,87,011101000100011100101011100101101000001001001111100100010010001001001011110110001101010,133263574,0,0.066667,0.500000
133253757,80,00000000111110111110100101010001001001111100100010010001001001011101100011010011,133263574,0,0.066667,0.500000
133253760,82,1010000001111101111100001001001001101001111100100010010001001001100110110001111110,133260453,0,0.050000,0.500000
133253761,82,1000000110111110111110010100101100100100111110010001001000100100111011011000111001,133233877,0,0.060000,0.600000
133253762,87,011001000100111110010110010100100000100110111110010001011001100100110011011000111111101,133265304,0,0.040000,0.600000
133253765,80,10000000011111011111010010100000100100111110010001001000100100101110110101101001,133266891,0,0.050000,0.500000
133253766,82,1010000001111101111100001001001001101001111100100010010001001001100110110001111110,133262180,0,0.060000,0.600000
133253767,87,011001000100111110010110010100100000100110111110010001011001100100110011011000111111101,133262180,0,0.050000,0.500000
133253769,81,110100000010111011111000010010010000100111110010001001000100100110011011000111110,133249264,0,0.066667,1.000000
133253770,87,011101000100011100101011100101101000001001001111100100010010001001001011110110001101010,133265304,0,0.053333,0.800000
133253772,84,111110000011100101011100101001000001001001111100100010010001001001110100111001101000,133260453,0,0.060000,0.600000
133253773,80,00000000111110111110100101010001001001111100100010010001001001011101100011010011,133263574,0,0.066667,0.500000
133253774,83,11001000000111110111110010000100000100100110110010001001001100100111011011000111111,133262180,0,0.060000,0.600000
133253775,87,111100000011011011111110000110100100100100111110010001001000100100101111010000110001111,133266904,0,0.032000,0.800000
133253777,85,1110010001101111100111100111001000001001011111100100010010010001000110111111001111111,133266904,0,0.024000,0.600000
133253778,83,00000001001010010111111111110011010100100111110010001101000100100111100110001011011,133266904,0,0.032000,0.800000
133253784,85,1110010001101111100111100111001000001001011111100100010010010001000110111111001111111,133266904,0,0.024000,0.600000
133253785,77,00000000111110111110001010000010010011111001000100100010010010111011000111100,133266904,0,0.032000,0.800000
133253788,82,1101000100011100101011100101001001001001001111100100010010001001001011110110001010,133243658,0,0.100000,1.000000
133253792,80,00000000011111011111000010100000100100111110010001001000100100101110110001101001,133235537,0,0.080000,0.800000
133253795,76,0010011101010111001010010110000010011111001000100100110010011111101100011101,133262187,0,0.060000,0.600000
133253797,75,000101011110111100101000001001001001111100100010010001001001111110100001101,133262178,0,0.120000,0.600000
133253798,83,01100000001110011101010010110100000100100111110010001001000100100111111011001110111,133262178,0,0.120000,0.600000
133253799,83,11100000001110011101010010110100000100100111110010001001000100100111111011001110111,133249267,0,0.100000,1.000000
133253800,83,10000000000111110011111010000110000100100111110010001001001100100111011110001111001,133266905,0,0.070000,0.700000
133253801,85,1101010000011100101010100101111000001001001111100100010110001001001011110110001101011,133249267,0,0.060000,0.600000
133253804,85,1101010000011100101010100101111000001001001111100100010110001001001011110110001101011,133249267,0,0.100000,1.000000
133253807,77,00100011011101110011000101101001001111100100010010011001001111110110001111110,133247266,0,0.035000,0.700000
133253808,81,100000101010000111110110110100000100100111110010001001000100100111101011100111001,133249268,0,0.040000,1.000000
133253809,85,1001001001010100001011101101101000001001001111100100010010001001001111010111001100011,133247266,0,0.030000,0.600000
133253810,83,10000000111101111110101001000001101011111100100010010001001001110111110001111001100,133257455,0,0.040000,0.600000
133253812,77,00100011011101110011000101101001001111100100010010011001001111110110001111110,133249268,0,0.040000,1.000000
133253813,82,0111000001111011110110010000010000100100111110010001001000100100111111111010101001,133249268,0,0.040000,1.000000
133253814,82,1001001000100001011111101101000001001001111100100010010001011001101010111001100011,133238700,0,0.040000,0.600000
133253816,82,1000001010100101011101101101000001001001111100100010010111001001111010110001100010,133266898,0,0.050000,0.500000
133253817,80,10100010001110010101110010100100111001001111100100010010001001001011110110001010,133257459,0,0.040000,0.800000
133253818,81,100010100111101111110001000111000010010011111001000100100010010010111101100011111,133249269,0,0.050000,1.000000
133253819,76,0000010101010111110000001000100101100111110010001001001100100110000110001011,133249269,0,0.050000,1.000000
133253821,83,10010001001111101111100101000000001001001101100100010010010010011101101100011111100,133243654,0,0.025000,0.500000
133253823,79,1000000110101011100101001011001001001111100100010010011001001111110110001111111,133232171,0,0.024000,0.600000
133253824,83,11100000001100011101010010110100000100100111110010001001000100100111101011001110101,133240464,0,0.050000,0.500000
133253825,86,01001000001010100001111101101101000001001001111100100000010001001001111010110001100011,133247265,0,0.033333,0.500000
133253826,84,111001000100111110011110010100000000100100111110010001001001100100101011011000111111,133245516,0,0.030000,0.600000
133253828,85,1001000001010100001011101101101000001001001111100100000010001001001111010110001100011,133240464,0,0.050000,0.500000
133253829,84,011000000001111011101000110110100010101100111110010001001000100101111111001001110101,133262182,0,0.040000,0.400000
133253830,75,000001111011111110101010010001001001111100100010010011001001011111110001001,133232168,0,0.060000,0.600000
133253831,84,101000000011100101011100101101000001001001111100100010010001001001011100110101101010,133232168,0,0.050000,0.500000
133253832,81,000000000111001010101000001010100100100111110010001001001100110111110101001101001,133232168,0,0.050000,0.500000
133253833,84,000000000011111001111101010011000010010011111001000100100110010011101111100011110011,133262182,0,0.060000,0.600000
133253834,84,101000000011100101011100101101000001001001111100100110010001001001011100110101101010,133259019,0,0.050000,0.500000
133253835,73,0000011110111011101010100100100100111110010001001001100100001111111000110,133249271,0,0.060000,0.600000
133253836,84,011000000001111011101000110110100010101100111110010001001000100101111111001001110101,133232168,0,0.040000,0.400000
133253837,83,11010001000111001010111001010010010110010011111001000100100010010010111101100010100,133259019,0,0.100000,0.500000
133253838,73,0000011110111011101010100100100100111110010001001001100100001111111000110,133232168,0,0.050000,0.500000
133253839,75,000100011110111100101000001001001001111100100010010001001001111110110001101,133228727,0,0.040000,0.800000
133253840,75,000100011110111100101000001001001001111100100010010001001001111110110001101,133228727,0,0.040000,0.800000
133253841,83,11001000100111110111110010000100000100100110110010001001001100100111011011000111111,133270351,0,0.050000,0.600000
133253842,82,1000001001100001111101100101000001001001111100100010010001001001111010111001100011,133270351,0,0.050000,0.600000
133253843,80,00000100111110111110000101000001001001111100100010010001001000011111100011010010,133249272,0,0.050000,1.000000
133253844,82,1000000010101110111100010101100100100100111110010001001000100100111011011000111101,133249272,0,0.050000,1.000000
133253845,82,1000000010111110111110010100101100100100111110010001001000100100111011011000111001,133228727,0,0.040000,0.800000
133253846,82,1000000010101110111100010101100100100100111110010001001000100100111011011000111101,133249272,0,0.050000,1.000000
133253847,82,1000000010101110111100010101100100100100111110010001001000100100111011011000111101,133270351,0,0.050000,0.600000
133253848,86,01000000000111110101100010100100100100100111110010001001001000101111010011000111101011,133249272,0,0.050000,1.000000
133253849,80,00000100111110111110000101000001001001111100100010010001001000011111100011010010,133249272,0,0.050000,1.000000
133253850,81,100000101010000111110110010100000100100111110010001001000100100111101011100110001,133249272,0,0.050000,1.000000
133253851,78,000100011010101110010100101110100100111110010011001000100100111110011000111111,133249272,0,0.050000,1.000000
133253852,76,0000000011101111010001011000010010011111001000100100111010011101101100011101,133228727,0,0.030000,0.600000
133253853,79,0000000110101011100101001011001001001111100100010010011001001111110110001111111,133251029,0,0.066667,1.000000
133253854,81,100000101010000111110110010100000100100111110010001001000100100111101011100110001,133251035,0,0.030000,0.600000
133253855,83,10111001001110010101011010100100000100100111110010001001000100110111010111000101001,133251029,0,0.066667,1.000000
133253856,86,11100000011011011111110000110100000100100111110010001001000100100101111010000110001011,133251029,0,0.066667,1.000000
133253857,82,1000001010100001111101101101000001001001111101100010010001001001111010111001110010,133251035,0,0.030000,0.600000
133253861,82,1000001010100001111101101101000001001001111101100010010001001001111010101001110010,133241974,0,0.030000,0.600000
133253862,86,01110100010001110000101110010110100000100100111110010001001000100100101111011000110101,133251029,0,0.053333,0.800000
133253863,81,100000101010000111110110010100000100100111110010001001000100100111101011100110001,133241974,0,0.030000,0.600000
133253864,83,01000001010100001011101101001000000001001110100100010010001001001111000101001100010,133251029,0,0.046667,0.700000
133253870,84,011001000100111110011110010100100000100100111110010001001001100100111011011000011111,133266891,0,0.100000,0.600000
133253872,83,01000001010100001001101101101000001001001111100100010010001001001111000101001100010,133260443,0,0.160000,0.800000
133253873,84,001001010100111110011110010100100000100100111110010001001001100101101011011000111111,133238702,0,0.060000,0.600000
133253874,86,11101010000011100101010100101111000001001001111100100010010001001001011110110001101011,133232167,0,0.080000,0.800000
133253875,81,100000101010000111110110010100000100100111110010101001000100100111101011100110001,133251034,0,0.066667,1.000000
133253876,82,1000001010100001011101101001000000001001110100100010010001001001011000101001000010,133238702,0,0.060000,0.600000
133253881,84,110110000011100101010100101001000001001001111101100010010001001001110100111001101000,133251034,0,0.066667,1.000000
133253882,75,000101011110111100101000001001001001111100100010010001001001111110100001101,133251034,0,0.066667,1.000000
133253883,83,10000000101011101111100101011001001001001111100100010010001001001110110100001111110,133251034,0,0.066667,1.000000
133253884,84,001001010100111110011110010100100000100100111110010001001001100101101011011000111111,133251034,0,0.066667,1.000000
133253886,80,00000000011100101010100000101010010010011111001001100100110011011111010100110100,133232167,0,0.060000,0.600000
133253887,82,1101000100011100101011100101001001011001001111100100010010001001001011110110001010,133251034,0,0.066667,1.000000
133253888,84,111000000011100111010100101101000001001001111100100010010001001001111010110011101010,133251034,0,0.066667,1.000000
133253889,82,1101000100011100101011100101001001011001001111100100010010001001001011110110001010,133251034,0,0.066667,1.000000
133253890,83,11100000001110011101010010110100000100100111110010001001000100100111111011001110101,133251034,0,0.066667,1.000000
133253891,83,11100000001110011101010010110100000100100111110010001001000100100111111011001110101,133251035,0,0.050000,1.000000
133253892,81,110100000010111011111000010010010000100111110010001001000100100110011011000111110,133251036,0,0.066667,1.000000
133253893,84,111010011111011110110010000110100100100111110010001001000000100111111011010110110000,133251036,0,0.066667,1.000000
133253894,83,11101010000011100101010101011010000010010011111001000100100010010010101111100011010,133251036,0,0.066667,1.000000
133253895,80,00000100111110111110000101000001001001111100100010010001001000011101100011010010,133245504,0,0.033333,0.500000
133253896,83,11101010000011100101010101011010000010010011111001000100100010010010101111100011010,133251036,0,0.066667,1.000000
133253897,79,0000001011111011010010100000000100100111110010001001000100100111011011000111110,133245504,0,0.040000,0.600000
133253898,85,1011001000100111110011100010100100000100100111110010001001001100100111011011000111111,133251036,0,0.066667,1.000000
133253899,84,110101000001110010101010010110100000100100111110010001001000100100101111110000110101,133245504,0,0.040000,0.600000
133253900,83,10000000011100111010100101101000101001001111100100010010000001001111110110011101011,133245504,0,0.040000,0.600000
133253901,83,11100000001110011101010010110100000100100111110010001001000100100111111011001110101,133251036,0,0.066667,1.000000
133253903,85,1011001000100111110011100010100100000100100111110010001001001100100111011011000111111,133241974,0,0.030000,0.600000
133253904,75,000100011010111100101000001001000001111100100010010001001001111110110001101,133241976,0,0.033333,0.500000
133253905,82,1101000100101100101011100101101001001001001111100100010010001001001011110110001010,133268591,0,0.040000,0.600000
133253906,86,01100110010001111001011001010010000010010011111001100100100110010111100101100011111110,133241976,0,0.033333,0.500000
133253907,76,0000100011110111100101000001001001001111100110010010001000001111110110001101,133251037,0,0.066667,1.000000
133253908,80,10000000111101111110100001000001001001111100100010000001001011101111100011110011,133263573,0,0.033333,0.500000
133253909,78,000000011110111110100001000001001001111100100010000001001011101111100111110011,133251037,0,0.066667,1.000000
133253910,86,10100000011011011111110000110100000100100111110010001001000100100101011010010110001111,133252599,0,0.050000,0.500000
133253911,77,00000000111110111110001010000010010011111101000100110010010010111011000110100,133259015,0,0.120000,0.600000
133253912,75,000001111011111110101011000001001001111100100010010011001001011111110001101,133251037,0,0.066667,1.000000
133253913,84,111010000001111101111100001001001001001001111100100010010001001001100110110001110110,133251037,0,0.066667,1.000000
133253914,86,01100110010001111001011001010010000010010011111001100100100110010011100001100011111110,133251037,0,0.066667,1.000000
133253915,86,01100110010001111001011001010010000010010011111001100100100110010011100101100011111110,133251037,0,0.066667,1.000000
133253916,80,11100000111001111110010000010000100100111110010001001000101100101110011010110100,133241971,0,0.025000,0.500000
133253917,76,0000100011110111100101000001001001001111100110010010001000001111110110001101,133257456,0,0.050000,0.500000
133253918,86,11100000011011111111110000110100000110100111110010001001000100100101111010010110001111,133263573,0,0.033333,0.500000
133253920,83,11010000001111101111100001001001001001001111100100010010001001001100110110001110110,133251041,0,0.050000,1.000000
133253921,84,111001000100111110111110010100100000100100111110010001001001100100111011011000111111,133251043,0,0.100000,1.000000
133253922,75,000001111011111110101010010001001001111100100010010011001001011111110001001,133252596,0,0.100000,1.000000
133253923,83,10100000001110011101010000110100000100100111110010001001000100100111101001001110101,133259004,0,0.100000,1.000000
133253925,83,10100000001110011101010000110100000100100111110010001001000100100111101001001110101,133252596,0,0.100000,1.000000
133253926,83,01100000001110010001110010110100000100101111110010001001000100100111111001001110101,133259004,0,0.080000,0.800000
133253927,83,10100000001110011101010000110100000100100111110010001001000100100111101001001110101,133252596,0,0.100000,1.000000
133253928,84,110110000011100101010100101001000001001001111101100010010001001001110100111001101000,133252596,0,0.060000,0.600000
133253930,80,01000010101000011111011001010000010010011111001000100100001111011110101110011000,133262191,0,0.060000,0.500000
133253931,83,11010000001111101111100001001001001001001111100100010010001001001100110110001110110,133252596,0,0.100000,1.000000
133253933,82,1101000100011100101010100101101001001000001111000100010010001001001011110110001010,133252596,0,0.100000,1.000000
133253934,83,01100000001110010001110010110100000100101111110010001001000100100111111001001110101,133252596,0,0.100000,1.000000
133253936,85,0010000010011100111011100100101000001001001111100100010010001001001111110010011101011,133240472,0,0.040000,0.600000
133253937,81,100100010011111001111011100100000100100110110010001001001100100011010110001111111,133252596,0,0.060000,0.600000
133253938,83,10100000001110011101010000110100000100100111110010001001000100100111101001001110101,133251028,0,0.080000,0.800000
133253939,77,00000101111111111100001011010001001001111100100010010001001001010100110011001,133259004,0,0.100000,1.000000
133253940,84,111001000110111110011110011100100000100101111110010001001001000100011011111100111101,133252596,0,0.050000,0.500000
133253943,78,010000101010000111110110010100001001001111100100010010000101101111010111001100,133247265,0,0.033333,0.500000
133253945,85,0110010001001111101111100101001000001001001111100100010010011001001110110110001111111,133245508,0,0.030000,0.600000
133253948,83,00000000001110110101110000110001000110100111110010001001001100110111110101001101011,133252598,0,0.032000,0.800000
133253949,79,0000000001110111110100010010100100100111100010001001000100100111011011000111011,133260445,0,0.024000,0.500000
133253950,82,1101000100101100101011100101101001001001001111100100010010001001001011110110001010,133263568,0,0.040000,0.600000
133253952,82,1000001010100001111101101101000001001001111100100010010001001001111010111001110010,133252598,0,0.040000,1.000000
133253953,82,1000001010100001111101101101000001001001111100100010010001001001111010111001110010,133252598,0,0.040000,1.000000
133253955,81,110000001111110111110001001000010010001111001000110100110010111101101100011001101,133252598,0,0.040000,1.000000
133253956,83,10100000001110010101110010110100000100100111110010001001000100100101110011010110101,133243657,0,0.080000,0.800000
133253957,84,111000000101111001111100101011001001001001111100100010010101011001100010110100011010,133240463,0,0.050000,0.500000
133253958,84,111001000100111110111110010100100000100110111110010001001001100100111011011000111111,133238705,0,0.020000,0.500000
133253959,82,0000000000111001000111000011010100010010011111001000100100110011011111010100110101,133265298,0,0.030000,0.600000
133253960,82,0010110000111001010101001011010010010010011111001000100100000010010111010000110101,133263568,0,0.046667,0.700000
133253961,82,1010000001111101111100001001001001001001111100100010010001001001100110110001111110,133252598,0,0.040000,1.000000
133253963,81,100000101011000000110110100100000100100111110010001001000000100111101011100100001,133263568,0,0.046667,0.700000
133253965,78,100000101010101111100000010001001011001111100100010010001001001100001110010110,133243657,0,0.070000,0.700000
133253967,86,01110100010001110010101110010110100000000100111110010001001000100100101111001000110101,133252599,0,0.100000,1.000000
133253968,84,110010001001110101111100101001000001001001111100100010010011001001110110110001111111,133252599,0,0.080000,0.800000
133253969,82,0000000111101111110100001000001001001111100100010010001001001010111110001111001101,133252599,0,0.100000,1.000000
133253971,84,011101000100011100101011100101101000010010011111001000100100010010010111001100011010,133252599,0,0.100000,1.000000
133253973,81,100000101010000111110110110100000100100111110010001001000100100111101011100111001,133262194,0,0.060000,0.600000
133253974,85,0010000010011100111011100100101000001001001111100100010010001001001111110010011110011,133252600,0,0.100000,1.000000
133253975,84,011001010100111110011110010100100000100100111110010001001001100101101011011000111111,133262194,0,0.060000,0.600000
133253976,85,1111001000100111110111110010100100000100100111110010001001001100100111011011000111111,133252600,0,0.100000,1.000000
133253977,81,100000101010000111110110110100000100100111110010001001000100100111101011100111001,133252600,0,0.060000,0.600000
133253978,86,01100110010001111001011001010010000010010011111001100100100111010011100101100011111110,133262194,0,0.060000,0.600000
133253979,84,111100100001110010101110010110111000100100111110010001001000100100101111011000110101,133257463,0,0.080000,0.800000
133253980,81,100000101010001111110110010100000100100111110010001001000100100111100011100110001,133247271,0,0.016667,0.500000
133253981,82,1000000010111010111110011100000100101100111111010001001001100100111011011000101101,133252600,0,0.100000,1.000000
133253982,85,0010000010011100111011100100101000001001001111100100010010001001001111100010011110011,133252600,0,0.080000,0.800000
133253983,81,100000101010001111110110010100000100100111110010001001000100100111100011100110001,133252600,0,0.060000,0.600000
133253984,83,01000001010100101011101101101000001001001110100100010010011001001111010110101100010,133252600,0,0.100000,1.000000
133253985,83,01000001010100101011101101101000001001001110100100010010011001001111010110101100010,133247271,0,0.016667,0.500000
133253987,75,000100011010111100101000001001000001111100100010010001001001111110110001101,133259006,0,0.060000,0.600000
133253988,79,0000000110101011100101001011001000001111100100010010011001001111110110001111111,133252601,0,0.066667,1.000000
133253989,75,000000111111111100001011010101000001111100100010010001001001010100100011001,133252601,0,0.066667,1.000000
133253990,76,0000001001010111110000100000100100100111110010001001000100100110000110001011,133252601,0,0.066667,1.000000
133253991,84,010000000001111101011000101001001001001001111100100010010010001111101001000011110101,133268607,0,0.120000,0.600000
133253992,79,0000000110101011100101001011001001001111100100010010011001001111110110001111111,133252601,0,0.066667,1.000000
133253993,84,111010001000111001010111001011010000010010011111001000100100010010001101011000110101,133243653,0,0.050000,0.500000
133253994,86,11110010001001111101111100101001000001001001111100100010010011001001110110110001111110,133270354,0,0.040000,0.600000
133253995,82,0100000000111010111110000010100000100100111110010001001000100000111110110000001001,133252601,0,0.066667,1.000000
133253996,79,0000000110101011100101001011001001001111100100010010011001001111110110001111111,133259006,0,0.060000,0.600000
133253997,75,000000111111111100001011010101000001111100100010010001001001010100100011001,133252601,0,0.066667,1.000000
133253998,75,000001111011111110101010010001001001111100100010010010001001011111110001001,133243653,0,0.050000,0.500000
133253999,76,0000101111111111100001011010001001001111100100010010001001001010100100011001,133252602,0,0.200000,1.000000
133254000,83,11011000100111110111110010100100100100100111110010001001001100100111011011000111011,133227178,0,0.070000,0.600000
133254001,84,111110000011100101011100101001000001001001111100100010010001001001110100111001101000,133252602,0,0.200000,1.000000
133254002,84,110101010001110010101010010110100000100100111110010001101000000100011101001000110101,133252602,0,0.200000,1.000000
133254003,82,1101000100011100101011100101001001011001000111100100010010001001001011110110001010,133230482,0,0.025000,0.500000
133254004,83,11101010000111100101010101011010000010010011011001000100100010010010111111100011010,133262185,0,0.020000,0.500000
133254005,83,11101010000111100101010101011010000010010011011001000100100010010010111111100011010,133252602,0,0.200000,1.000000
133254006,76,0000010101010111110000001000100101100111110010001001001100100110010110001011,133227178,0,0.060000,0.600000
133254007,83,01000010010111110111110010100100100100100111110110001001001100100111011011000111101,133247258,0,0.060000,0.600000
133254008,83,10000101010000101110110010100000100100111110010001001000100100111101011100100001111,133262185,0,0.024000,0.600000
133254009,83,10000101010000101110110010100000100100111110010001001000100100111101011100100001111,133252602,0,0.200000,1.000000
133254010,80,00000000011111011111000010100000100100111110010001001000100100101110110011101001,133252602,0,0.200000,1.000000
133254011,80,00000100010000011101101001000000001001110100100010010001001001111000101001100010,133252602,0,0.200000,1.000000
133254012,83,01000010010111110111110010100100100100100111110110001001001100100111011011000111101,133227178,0,0.060000,0.700000
133254013,83,10000101010000101110110010100000100100111110010001001000100100111101011100100001111,133252602,0,0.200000,1.000000
133254014,84,110101010001110010101010010110100000100100111110010001101000000100011101001000110101,133252602,0,0.200000,1.000000
133254015,83,10000101010000101110110010100000100100111110010001001000100100111101011100100001111,133262185,0,0.024000,0.600000
133254016,83,11000001100111110011110010100100010100100111010010001001001100100111011011000111111,133227178,0,0.070000,0.600000
133254017,86,01000000000111110101100010100100100100100111110010001001001000101111010011000111101011,133252603,0,0.100000,1.000000
133254018,83,11100000001110011101010010110100000100100111110010001001000100100111111011001110101,133259010,0,0.040000,1.000000
133254019,83,00100000001111101111110101001000101001001111100110010010011001001110111110001111001,133252603,0,0.070000,0.700000
133254020,83,10100000001110010101110010110100000100100111110010001001000100101101110011010110101,133252603,0,0.100000,1.000000
133254021,83,11010001000111001010111001011010010010110011111001000100100010010010111101100010101,133252603,0,0.100000,1.000000
133254022,83,01100100001110011001110010110100000100000111110010001001000100100111111001001110101,133252603,0,0.100000,1.000000
133254023,84,010000000101111101111101101001000001001001111100100010010011001001111111011101101011,133255828,0,0.053333,0.600000
133254024,83,10101000001110010101010010100100000100100111110010001001000100100111010111001101001,133237123,0,0.040000,1.000000
133254025,86,11100000011011011110110000110100000100100111110010001001000100100101111010000110001111,133252605,0,0.040000,0.800000
133254026,88,1101110000011011011111110000110100101100110111110010001001000100100101101010000110001110,133252603,0,0.100000,1.000000
133254027,84,100010000011101110011101010000000010010011111001000100100010010011101110010011110010,133252603,0,0.080000,0.800000
133254028,82,1000000010111110111110011100000100101100111110010001001001100100111011011000101101,133252603,0,0.100000,1.000000
133254029,86,11111010110000111000010101010110100000100100111110010001001000100100101111011000110101,133252603,0,0.100000,1.000000
133254030,83,00000000100111101111101100001000001011001011100100010010001001001111111011101111010,133252603,0,0.100000,1.000000
133254031,83,10000101010000101110110010100000100100111110010001001000100100111101011110100001111,133252604,0,0.050000,1.000000
133254032,81,010000000111001010111001011010000010010011111001000100100010010010111001101011001,133263563,0,0.070000,0.700000
133254033,79,0000000110101011100101001011001001001111100100010010011001001111110110001111111,133252604,0,0.050000,1.000000
133254034,84,111000000011100111010100101101000001001001111100100010010001001001111110110011101010,133238693,0,0.032000,0.800000
133254035,83,10000101010000101110110010100000100100111110010001001000100100111101011110100001111,133257463,0,0.080000,0.800000
133254036,74,00001010101011111000000100010010110011111001000100100110011011000011000101,133268588,0,0.025000,0.500000
133254037,83,10001001100111110011110010100100010100100111010010001001001100100111011011000111111,133252604,0,0.050000,1.000000
133254038,82,1100000101011000001110110110100000100100111110010001001000100100111101011100100001,133252604,0,0.050000,1.000000
133254039,84,000000000011111001111101010011000010010011111001000100100110010011101111100011110011,133252604,0,0.050000,1.000000
133254040,82,1100000101011000001110110110100000100100111110010001000000100100111101011100100001,133252604,0,0.040000,0.800000
133254042,83,10000101010000101110110010100000100100111110010001001000100100111101011110100001111,133252604,0,0.050000,1.000000
133254043,83,10001001100111110011110010100100010100100111010010001001001100100111011011000111111,133252604,0,0.050000,1.000000
133254045,84,111010001000111010101110010110100000110100111110010001001000100100101011011000110101,133252605,0,0.035000,0.700000
133254046,75,000100011011111100001000001001000001111100100010010001001001111110110001101,133255828,0,0.053333,0.600000
133254047,83,10100000001100010101110010110100000100100111110010001001001100100101110011010110101,133257451,0,0.024000,0.600000
133254049,83,10000000000111110011111010000110000100100111110010001001001100100111011110001111001,133252605,0,0.050000,1.000000
133254050,83,10111000001110010101010010100100000100100111110010001001000100110111010111001101001,133252605,0,0.050000,1.000000
133254051,81,000000101110010101110010110100000100100111110010001001000100100111111011000110000,133237123,0,0.066667,1.000000
133254053,83,01000001010100101011101101101000001001001110100100010010011001001111010110001100010,133252606,0,0.100000,1.000000
133254054,84,101110000011100101010100101001000001001001111100100010010001001001110101110011010011,133259003,0,0.060000,0.600000
133254055,83,00100000000111101111110101001000101001011111100110010010011001001110111110001111001,133247265,0,0.033333,0.500000
133254056,83,00100000001111101111110101001000101001001111100110010010011001001110111110001111001,133259003,0,0.060000,0.600000
133254057,83,11100000001110011101010010110100000100100111110010001001000100100111111011001110101,133255837,0,0.060000,0.600000
133254058,82,1000000110111110111110010100101100101100111110010001001000100100111011011000111001,133259003,0,0.050000,0.500000
133254059,83,10000000001110000101110000110101000100100111110010001001001100110111110101001101011,133252606,0,0.100000,1.000000
133254060,83,10100000001110010101110010110100000100100111110010001001000100100101110011010110101,133247265,0,0.040000,0.600000
133254061,83,10000000101111101111100111001001001001001101100100010010001001001110110110001011010,133247265,0,0.040000,0.600000
133254062,76,0010011101010111001010010110000010011111001000100100110010011111101100011101,133259003,0,0.060000,0.600000
133254063,81,100000001111110111010001001000010010011111001000100100110010111101101100011001101,133255837,0,0.060000,0.600000
133254064,84,111001000100111110111110010100100000100100111110010001001001100100111011011000111111,133252606,0,0.060000,0.600000
133254065,82,1000000010111110111110010100101100100100111110010001001000100100111011011000111001,133252606,0,0.100000,1.000000
133254066,83,01000001010100101011101101101000001001001110100100010010011001001111010110001100010,133262187,0,0.060000,0.600000
133254067,78,001100001100111110011100111010100101111110010001001000100100111010011000111111,133240476,0,0.060000,0.600000
133254068,85,1001000001010100001111101101101000001001001111100100000010001001001111010110001100011,133263567,0,0.050000,0.500000
133254069,86,01100110010001111001011001010010000010010011111001100100100110010011100101100011111110,133263567,0,0.070000,0.700000
133254070,83,11001000100111110111110010100100000100100110110010001001001100100111011011000101111,133262187,0,0.060000,0.600000
133254071,83,11001001100111110011110010100100010100100111010010001001001100100111011011100111111,133251030,0,0.024000,0.600000
133254072,80,00000100111110111110000101000001001001111100100010010001001000011101100011010010,133263567,0,0.060000,0.600000
133254073,85,1101000000011110001011100101101010001001001111000100010010001001001011110110001101010,133243644,0,0.050000,0.500000
133254074,72,001000111001110001010000100100100111110010001011000000100111111011000110,133235531,0,0.025000,0.500000
133254076,75,000100011100111110101000001001001001111100100010010010001001111110110001101,133252608,0,0.066667,1.000000
133254077,82,1001000110111110111110010100101100100100111110010001001000100100111011011000111001,133260441,0,0.040000,0.800000
133254078,81,100000101010000111110110010100000100100111010010101001000100100111101011100110001,133252608,0,0.066667,1.000000
133254079,82,1000000010111110111110011100000100100100111110010001001001100100111011011000101101,133260441,0,0.035000,0.700000
133254081,83,10100000001100000101110010110100000100100111110010001001001100100101110011010110101,133230485,0,0.066667,0.700000
133254084,82,1000000010111110111110011100000100100100111110010001001001100100111011011000101101,133235531,0,0.030000,0.600000
133254085,75,000100011000111100101000001001000001111100100010010001001001111110110000101,133230485,0,0.066667,0.700000
133254086,81,100000101010000111110110010100000100100111010010101001000100100111101011100110001,133260441,0,0.030000,0.600000
133254088,83,11001000100111110111110010100000000100100100110010001001001100100111011010000111111,133252609,0,0.100000,1.000000
133254089,77,00100011011101110011000101101001001111100100010010011001001111110110001111110,133259012,0,0.140000,0.700000
133254090,86,10010000010101000010111011011010000010010011111001000100100010010011110101100011000101,133263574,0,0.050000,0.500000
133254091,85,1110100000001110010101110010110111000100100111110010001001001100100100111011001110111,133252609,0,0.100000,1.000000
133254093,77,10000001011101111110101011000010010011111101000100100110000011101111100011101,133262191,0,0.050000,0.500000
133254094,82,1010000010111100111110010100101100100100111110010001001000100100111011011000111001,133263574,0,0.050000,0.500000
133254096,86,10010000010101000010111011011010000010010011111001000100100010010011110101100011000101,133260453,0,0.060000,0.600000
133254097,82,0111000001111011110110000000010000100100111100010001001000100100111111111010101000,133259012,0,0.120000,0.600000
133254098,82,1101000100011100101011100101001001001001001111100100010010001001001011110110001010,133238709,0,0.160000,0.500000
133254099,82,0111000001111011110110000000010000100100111100010001001000100100111111111010101000,133252607,0,0.028000,0.700000
133254100,76,0011001111101111111101001100010010011111001000100110010010011100101000110110,133260453,0,0.050000,0.500000
133254101,85,0000000000010100101011111111100110001001001111100100010010001001001111010110001011011,133252610,0,0.040000,1.000000
133254105,76,0000001011101111110101011000010010011111101000100100110000011101111100011101,133252610,0,0.040000,1.000000
133254106,76,0001000111001111001010000010010010011111001000100100000010011111101100011011,133252610,0,0.040000,1.000000
133254107,86,10100000011011011111110000110100000100100111110010001001000100100101111010010110011011,133268597,0,0.020000,0.600000
133254108,79,0000000001110111110100010010100100100111100010001001000100100111011011000111011,133252610,0,0.040000,1.000000
133254109,83,00000110011110111111110100000000100100110110010001001000100100111011111000111100110,133252610,0,0.040000,1.000000
133254110,77,00010001101010111001010000111010010011111001000100100110010011001011000111111,133268597,0,0.023333,0.700000
133254112,76,0010011101010111001010010110000010011111001000100100110010011111101100011101,133251038,0,0.024000,0.600000
133254113,86,00110010001001111100111100101001000101001001111100100010000011001001110110110001111101,133268597,0,0.020000,0.600000
133254116,84,111000000101111001111100101011001001001001111100100010010101011001100010110100011010,133252610,0,0.040000,1.000000
133254117,81,110000000101001110111001010101000100100111110010001001000100100011111001001100101,133268597,0,0.020000,0.600000
133254119,82,1010000001111101111100001011001001001001101100100010010001001001100110110001111110,133252611,0,0.066667,1.000000
133254120,83,01000010011110111011100100001100000001001111100100010000011001001010100110101100011,133268612,0,0.050000,0.500000
133254121,88,1101110000011011011111110000110100101100110111110010001001000100100101101010000110001110,133255836,0,0.050000,0.500000
133254122,86,01001000001110100001011000100101000000001001111100100010010001001101111010111001100010,133252611,0,0.053333,0.800000
133254123,77,00000000111110111110001010100110010011111001000100100010010010111011000110100,133252611,0,0.053333,0.800000
133254124,83,11001000100111110111110010100100000100100110110010001001001100100111011011000101111,133255836,0,0.060000,0.600000
133254125,86,01001000001010100001011000100101000000001001111100100010010001001101111010111001100010,133252611,0,0.066667,1.000000
133254126,83,11001001100111110011110010100100010100100111010010001001001100100011011011100111111,133255836,0,0.050000,0.500000
133254129,84,110101010001111010101110010110100000100100111110010001001001100100101111001001100101,133252611,0,0.066667,1.000000
133254130,82,1110000011110111101100100000100001001011111100100010010001001001011110110101101000,133270346,0,0.046667,0.700000
133254133,82,0000000111101111110100001000001001001111100100010010001001001010111110001111001101,133252612,0,0.200000,1.000000
133254137,80,01111001110011111000010001110000100100111110011001001000100100101111011000101111,133270346,0,0.046667,0.700000
133254140,84,111110000011100101010100101001001001001001111100100010010001001001110100111001101000,133270346,0,0.053333,0.800000
133254141,81,100000001011111011110110100100000100100111110010001001000100100111111101110110101,133270346,0,0.053333,0.800000
133254143,83,00000001001010010101111101110011010100100111110010001101000100100111100110001011011,133252612,0,0.200000,1.000000
133254165,76,0000000011100111010001011000010010011111011000100100110010011101101100011101,133228736,0,0.140000,0.700000
133254166,82,1010000001111101111100001001001001001001111100100010010001001001100110110001110110,133247265,0,0.040000,0.600000
133254177,75,000100011100111110101000001001001001111100100010010010001001111110110001101,133257450,0,0.060000,0.600000
133254184,77,10000011001010111110000100000100100100101110010001001000100100110000110001011,133259005,0,0.140000,0.700000
133254187,83,11010000001111101111100001001001001001001111100100010010001001001110110110001110110,133259005,0,0.160000,0.800000
133254192,82,1000000001110111101010010110100010100100111110010001001000100100111111001000110101,133243657,0,0.070000,0.700000
133254194,82,1000000010101110111100010101100100100100111110010001001000100100111011011000111101,133233871,0,0.053333,0.800000
133254195,83,11001000100111110011110110100100000100100111110011001001000100100111010110001111111,133252605,0,0.035000,0.700000
133254196,83,10000000011101111010100101101000101001001111100100010010001001001111110010001101011,133255836,0,0.060000,0.600000
133254197,76,0010001101110111001100010110100100111110010001001001100100111111011000111111,133252611,0,0.046667,0.700000
133254199,83,11001000100111110111110010100000000100100100110010001001001100100111011011000111111,133245513,0,0.025000,0.500000
133254200,83,10100000001110010101110010110100000100100111110010001001000100100101110011010110101,133235533,0,0.066667,1.000000
133254204,86,11100000011011011110110000110100000100100111110010101001000100100101111010000110001111,133262177,0,0.028000,0.700000
133254208,83,01000010010111110111110010100100100100100111110110001001001100100111011011000111101,133240463,0,0.060000,0.600000
133254210,86,10010000010101000010111011011010000010010011111001000100100010010011110101100011000111,133240463,0,0.060000,0.600000
133254216,76,0011001111101111111101001100010010011111001000100110010010011100101000110110,133243661,0,0.025000,0.500000
133254222,87,011101000100011100101011100101101000001001001111100100010010001001001011110110001101010,133223829,0,0.025000,0.500000
133254225,86,11100000011011011111110000110100000100100111110010001001000100100101111010010110001111,133270345,0,0.040000,0.800000
133254226,82,1000000010111010111110011100000100101100111111010001001001101100111011011000101101,133225402,0,0.033333,0.500000
133254228,80,00000000011111011111000010100000100100111110010001001000100100101110110001101001,133270345,0,0.040000,0.800000
133254229,80,00000000011111011111000010100000100100111110010001001000100100101110110001101001,133263566,0,0.033333,0.500000
133254230,84,011100000001110011101010010110100000100100111110010001001000100100111111011000100101,133263566,0,0.033333,0.500000
133254255,80,00000000011111011111000010100000100100111110010001001000100100101110110011101001,133260442,0,0.050000,0.500000
133254260,79,0000001011111011010010100000000100100111110010001001000100100111011011000111110,133268593,0,0.026667,0.800000
133254261,86,11100000011011011110110000110100000100100111110010001001000100100101111010000110001111,133241963,0,0.040000,0.800000
133254264,82,1100000101011000001110110110100000100100111110010001001000100100111101011100100001,133240461,0,0.025000,0.500000
133254265,84,111010100000111001010101010110100000100100111110010001001000100100101111011000110101,133230497,0,0.040000,0.600000
133254266,84,110100000011111011111000010010010010010011111001000100100010010011001101100011101101,133252597,0,0.040000,0.600000
133254267,77,00000010111011110100010110000100100111110010001001001100100111011011000111011,133270343,0,0.053333,0.600000
133254273,85,0000000000010100101011111111100110001001001111100100010010001001001111010110001011011,133232168,0,0.050000,0.500000
133254278,82,1000001010100001111101101101000001001001111100100010010001001001111010111001110010,133247254,0,0.040000,0.800000
133254279,84,111001000100111110111110010100100000100110111110010001001001100100111011011000111111,133268597,0,0.020000,0.600000
133254280,84,111001000100111110011110010100100000010100111110010001001001100100111011010001111111,133255831,0,0.100000,0.500000
133254281,82,1000000001110111101010010110100010100100111110010001001000100100111111001000110101,133247258,0,0.100000,1.000000
133254282,85,0001100000001110011001110010110100010100100111110110001001100100110111011001001110101,133243645,0,0.040000,0.400000
133254285,83,11100000001110011101110010110100000100100110110010001001000100100111111001101110101,133243645,0,0.060000,0.600000
133254287,83,01000001010100001001101101101000001001001111100100010010001001001111000101001100010,133247258,0,0.080000,0.800000
133254288,85,0001100000001110011001110010110100010100100111110110001001100100110111011001001110101,133240462,0,0.040000,0.400000
133254289,84,010000000011111001111101010011000010010011111001000100100110010011101111100011110011,133252602,0,0.120000,0.600000
133254291,82,1110000011100111111100100000100001001011111100100010010001001101011110110101101000,133228726,0,0.160000,0.800000
133254293,83,10100000001110010101110010110100000100100111110010001001000100100101110011010110101,133228726,0,0.140000,0.700000
133254294,84,011001000100111110011110010100100000100100111110010001001001100100111011011000111111,133228726,0,0.120000,0.600000
133254300,85,0010000000011100111011100100101000001001001111100100010010001001000111110010011101011,133247265,0,0.033333,0.500000
133254301,78,000100011010101110010100101110100100111110010011001000100100111111011000111111,133263556,0,0.033333,0.500000
133254302,82,1101000101111100101011100101101001001001011111100100010010001001001011110110001010,133249269,0,0.035000,0.700000
133254305,75,000001111011111110101010010001001001111100100010010010001001011111110001001,133222213,0,0.066667,1.000000
133254306,84,111000000101111001111100101011000001001001111100100010010001011001100010110000011010,133222213,0,0.033333,0.500000
133254307,86,10010000010101000010111011011110000010010011111001000100100010010011110101100011000111,133243654,0,0.025000,0.500000
133254308,84,111001001110111110011110011100100000100101111111010001001001000100011011111100111111,133262196,0,0.100000,0.500000
133254309,78,000000011111011010010100000001100100111110010001001000100100111011011000110110,133260454,0,0.066667,0.600000
133254310,82,1000000001110111101010010110100010100100111110010001001000100100111111001000110101,133222213,0,0.040000,0.600000
133254311,83,10111000001110010101010010100100000100100111110010001001000100110111010111001101001,133266898,0,0.050000,0.500000
133254312,81,100000101010000111110110010100000100100111110010001001000100100111101011100110101,133222213,0,0.066667,1.000000
133254313,85,0001100000001110011001110010110100010100100111110010001001100100110111111001001110101,133238709,0,0.160000,0.500000
133254315,85,0010000010011100111011100100101000001001001111100100010010001001001111110010011111011,133240476,0,0.060000,0.600000
133254316,82,1000000010111110111110011100100100100100111110010001001100100100111011011000101101,133241964,0,0.140000,0.800000
133254318,84,111100000001110011101110010110100000100100111110010001001000100100111101011001110101,133251033,0,0.050000,0.800000
133254319,84,111001000100111110111110010110000000100100111110010001001001100100101011011000111111,133245495,0,0.020000,0.700000
133254320,79,0000000110101011100101001011001001001111100100010010011001001111110110001111111,133247266,0,0.030000,0.600000
133254323,82,1101001100011100101011100101101001001011001111100100010010001001001011110110001010,133254148,0,0.140000,0.700000
133254326,82,1101000100101100101011101101101001001001001111100100010010001001001011110110001010,133245495,0,0.022857,0.800000
133254327,82,0100000000111010111110000010100000100100111110010001001000100000111110110000001001,133247266,0,0.025000,0.500000
133254328,84,111000000101111001111100101011001001001001111100100010010001011001100010110000011010,133255840,0,0.070000,0.700000
133254329,82,1101001100011100101011100101101001001011001111100100010010001001001011110110001010,133245495,0,0.020000,0.700000
133254330,81,011110011100111110000100011100001001001111100110010010001011001011110110001011111,133245511,0,0.020000,0.400000
133254332,83,10100000001110010101110010110100000100100111110010001001000100100101110011010110101,133247271,0,0.016667,0.500000
133254333,83,10111000001111010101010010100100000100100111110010001001000100100111010111001101001,133255829,0,0.030000,0.600000
133254334,86,11100000011011111111110000110100000110100111110010001001000100100101111010010110001111,133247271,0,0.016667,0.500000
133254335,84,111001000100111110111110010100100000100100111110010001001001100100111011011000111111,133243643,0,0.070000,0.700000
133254337,84,010001100001110000101010000110100000100100111110010001001000100100101111010010101011,133262191,0,0.060000,0.600000
133254339,87,011100000011011011111110000110100000100100111110010001001000100100101110010000110001111,133260453,0,0.060000,0.600000
133254344,84,111000011111011110110010000110100100100111110010001001000100100101111011010110110000,133251043,0,0.080000,0.800000
133254348,82,1000000010101110111100010101100100100100111110010011001000101100111010011000011101,133263561,0,0.016000,0.400000
133254350,85,1001000001010110001011101101101000001001001111100100010010001001000111010111001100011,133223823,0,0.066667,1.000000
133254351,79,0000010101000011111010010100000000100111110010001001000100100111101011100110001,133223823,0,0.066667,1.000000
133254352,84,000000000011111001111101010011000010011011111001000100100110010011101111010011110011,133223823,0,0.066667,1.000000
133254353,85,0010000010011100111011100100101000001001001111100100010010001001001111110010011101011,133223823,0,0.066667,1.000000
133254355,82,1110000011100111101100100010100001001001111100100010110001001101011110111101101000,133223823,0,0.066667,1.000000
133254356,82,1000000110111110111110010100101100100101111110010001001000100100111011011000111001,133223823,0,0.066667,1.000000
133254357,82,1000000010101110111100010101100100100100111110010011001000101100111010011000111101,133223823,0,0.066667,1.000000
133254358,84,011101000100011100101011100101101000010010011111001000100100010010010111001100011010,133263561,0,0.020000,0.500000
133254359,84,000000000011111001111101010011000010011011111001000100100110010011101111010011110011,133223823,0,0.066667,1.000000
133254360,85,0010000010011100111011100100101000001001001111100100010010001001001111110010011101011,133223823,0,0.066667,1.000000
133254361,80,01000010101000011111011001010000010010011111001000100100001011011110101110011000,133263575,0,0.024000,0.600000
133254363,75,000100011010111100101000001011000001111100100010010001001001111111110000101,133230485,0,0.060000,0.600000
133254364,79,0000010011110111110001001111000010010010111001000100100010010010111101100010111,133265288,0,0.100000,0.500000
133254367,85,0001100000001110011001110010110100010100100111110110001001100100110111111001001110101,133225394,0,0.100000,1.000000
133254368,82,1000000010111110111110010100101100100101111100010001001000100100111011011000111001,133251032,0,0.100000,0.500000
133254369,81,100000001011111011110110100100000100100111110010001001000100100111111101110110101,133235531,0,0.025000,0.500000
133254370,81,100000001011111011110110100100000100100111110010001001000100100111111101110110101,133241974,0,0.030000,0.600000
133254372,75,000000111111111100001011010101000001101100100010010001001001010100100011001,133225398,0,0.100000,1.000000
133254374,82,1010000001111101111100001001001001101001111100100010010001001001100110110001111110,133243640,0,0.028000,0.700000
133254379,83,10100000001110010101110010110100000100100111110010001001000100100101110011010110101,133268596,0,0.200000,1.000000
133254383,85,1110100000001110010101110010110111000100100111110010011001000100100100111011001110101,133263574,0,0.046667,0.500000
133254384,86,11110010001001111101111100101001000001001001111100100010010011001001110110110001111110,133263564,0,0.060000,0.600000
133254400,81,010000000111001010111001011010000010010011111001000100110010010010111001101011001,133266903,0,0.025000,0.500000
133254402,84,111010011111011110110010000110100100100111110010001001000000100111111011010110110000,133225409,0,0.050000,1.000000
133254403,84,111110000011100101010100101001001001001001111100100010010001001001110100111001101000,133225409,0,0.050000,1.000000
133254404,83,11101010000011100101010101011010000010010011111001000100100010010010111101100011010,133225410,0,0.200000,1.000000
133254405,77,00000010101010111110000001000100101100111110010001001001100100110000110000011,133241974,0,0.025000,0.500000
133254406,83,11000000010111110111110010100101100100100111110010001001000100100111011011000111011,133251042,0,0.100000,0.500000
133254407,81,100000001110101111101001001000001001001111101100010010001001001101110010001111001,133225410,0,0.200000,1.000000
133254408,84,110010001001111101111100101001000001001001111100100010010011001001110110110001111111,133225410,0,0.200000,1.000000
133254409,84,011101010100011100101011100101101000010010011111001000100100010010010111001100011010,133225410,0,0.200000,1.000000
133254410,82,0000000000111001000111000011010100010010011111001000100111110011011111010100110101,133240466,0,0.200000,0.500000
133254411,82,1000000010101110111100010101100100100100111110010001001000101100111010011000110101,133252597,0,0.033333,0.500000
133254412,77,00000010101010111110000001000100101100111110010001001001100100110000110000011,133251042,0,0.100000,0.500000
133254413,84,110010001001111101111100101001000001001001111100100010010011001001110110110001111111,133240467,0,0.030000,0.600000
133254414,76,0000000011100111010001011000010010011111001000100100110010011101101100011101,133251042,0,0.120000,0.600000
133254415,83,11000000010111110111110010100101100100100111110010001001000100100111011011000111011,133251035,0,0.030000,0.600000
133254416,81,100000101011000000110110110100000100100111110010001001000100100111101011100100001,133243659,0,0.198413,1.000000
133254417,88,0101110000011011011111110000110100110100110111110010001001000100100101101010000110001110,133259007,0,0.160000,0.800000
133254419,86,10100000011011011111110000110100000100100111110010001001000100100101111010010110001111,133225409,0,0.030000,0.600000
133254423,86,11100000011011011111110000110100100100100111110010001001000100100101111010000110001111,133259009,0,0.040000,1.000000
133254428,80,10000101010000011101101001000000001001110100100010010001101001111000101001100010,133233877,0,0.050000,0.500000
133254431,83,11001001100111110011110010100100010100100111010010001001001100100111011011100111111,133252601,0,0.040000,0.600000
133254434,79,1000001010110000011101100101000001010011111001000100100010010011110101110010000,133227178,0,0.100000,1.000000
133254435,84,111001000110111110011110011100100000100101111110010001001001000100011011111100111111,133227178,0,0.100000,0.500000
133254436,82,1101000100011100101011100101001001001001001111100100010010001001001011110110001010,133227178,0,0.100000,1.000000
133254437,83,10110000001110010101010010000100000100110111110010001001000100100111010111001101001,133241963,0,0.035000,0.700000
133254438,84,010000000001111101011000101001001001001001111100100010010010001111101001000011110101,133249268,0,0.024000,0.600000
133254439,81,100000001011111011111011010010000000110111110010001001000100100111111101110110101,133266892,0,0.040000,0.600000
133254440,85,0000000000010100101011111111100110001001001111100100010010001001001111010110001111011,133265288,0,0.100000,0.500000
133254450,86,10010000000011100111011100100101000001001001111100100010010001001001111110010011101011,133249268,0,0.024000,0.600000
133254451,82,1000001010100001011101101001000000001001111100100010010001001001111000101001100010,133249268,0,0.020000,0.500000
133254454,84,101110000011100101010100101001000001001001111100100010010001001001110101110011010011,133249268,0,0.024000,0.600000
133254455,84,101110000011100101010100101001000001001001111100100010010001001001110101110011010011,133247266,0,0.030000,0.600000
133254458,84,111001000100111110111110010100100000100100111110010001001001100110111011011000111111,133228731,0,0.033333,0.500000
133254463,83,01000000010101110111100010101100100100100111110010011001000100100111011011000111101,133262195,0,0.035000,0.700000
133254464,83,10111001001110010101010010100100000100100111110010001001000100100111010111001101001,133254153,0,0.046667,0.700000
133254466,81,100000101010000111110110010100000100100011110010001001000100100111101011100110001,133262195,0,0.035000,0.700000
133254469,84,111110000011100101010100101001000001001001111100100010010001000001110100111001101100,133262195,0,0.035000,0.700000
133254470,82,0000000111101111110100001000001001001111100100010010001001001010111110001111001101,133225396,0,0.050000,0.500000
133254472,83,11001000100111110111110010100100000100100110110010001001001100100111011011000101111,133254153,0,0.040000,0.600000
133254473,81,100000101010000111110110010100000100100011110010001001000100100111101011100110001,133254153,0,0.053333,0.800000
133254477,77,00000010111011110100010110000100100111110010001001001100100111011011101111011,133255825,0,0.060000,0.600000
133254480,83,11100000111001111011001000001000010010011111001000100100010010010111101111011010000,133254153,0,0.046667,0.700000
133254483,80,00000000011111011111000010100000100100111110010001001000100100101110110011101001,133265299,0,0.050000,1.000000
133254484,84,110101010001110110101110010110100000100100111110010001001001100100101111000000100101,133228722,0,0.040000,1.000000
133254485,85,1101000100011100101011100101101000001001001111100100010010000001001010110110001101011,133228722,0,0.040000,1.000000
133254486,84,010000000101111101111101101001000001001001111101100010010011001001111111011101101011,133235545,0,0.020000,0.500000
133254487,85,1011001000100111110011100010100100000100100111110010001001001100100111011011000111111,133241967,0,0.030000,0.600000
133254488,88,0101110000011011011111110000110100100100110111110010001001000100100101101010000110001110,133245493,0,0.140000,0.700000
133254489,84,011001010100111110011110010100100000100100111110010001001001100101101011011000111111,133255826,0,0.120000,0.600000
133254490,84,111001010100111110111110010100100000100100111110010001001001100100111011011000111011,133243653,0,0.060000,0.600000
133254491,84,111001000100111110111110010100100000100100111110010001001001100100111011011000111111,133270344,0,0.120000,0.700000
133254492,83,10001001100111110011110010100100010100100111010010001001001100100111011011000111111,133228727,0,0.050000,1.000000
133254493,83,00010100000111001010101001011011000010010011111001000100100000010010111000000110101,133228727,0,0.050000,1.000000
133254494,83,00010100000111001010101001011011000010010011111001000100100000010010111000000110101,133228727,0,0.050000,1.000000
133254496,81,100000101010000111110110010100000100100111110010001001000100100111101011100110001,133245518,0,0.080000,0.800000
133254497,84,111001000100111110111110010100100000100100111110010001001001100100111011011000111111,133252607,0,0.028000,0.700000
133254498,81,110100000010111011111000010010010000100111110010001001000100100110011011000111110,133252607,0,0.032000,0.800000
133254499,83,11100000001110011101010010110100000100100111110011001001000100100111111001001010101,133252607,0,0.028000,0.700000
133254500,83,11100000001110011101000010110100000100100111110010001001000100100111111011001110101,133255841,0,0.025000,0.500000
133254501,84,110101010001110110101110010110100000100100111110010001001001100100101111000000100101,133228731,0,0.040000,0.600000
133254502,83,10100000001110010101110010110100000100100111110010001001000100100101110011010110101,133263562,0,0.050000,0.500000
133254508,86,01100110010001111001011001010010000010010011111001100100100110010011100101100011111110,133252606,0,0.070000,0.700000
133254509,83,00010110000111001011101001011010010010010011111001000100100000010010111010000110100,133228736,0,0.200000,1.000000
133254510,83,11100000001110011101010010110100000100100111111010001001000100100111111011001110101,133228736,0,0.200000,1.000000
133254512,76,0000010101010111110000001000100101100111110010001001001100100110000100001011,133259019,0,0.050000,0.500000
133254513,75,000100011010111100101000001001000001111100100010010001001001111110110000101,133255837,0,0.060000,0.600000
133254514,84,011001000100111110011110010100100000100100111110010001001001100100111011011000111111,133228736,0,0.200000,1.000000
133254515,84,110011001000111100101100101001000001001101111100110010010011001001100101100011111110,133228736,0,0.200000,1.000000
133254516,82,0010110000111001011101001011010010010010011111001000100100000010010111010000110100,133228736,0,0.200000,1.000000
133254517,83,10000000101111101111100111001001001001001111100100010010001001001110110110001011010,133259019,0,0.050000,0.500000
133254518,83,00010110000111001011101001011010010010010011111001000100100000010010111010000110100,133252606,0,0.050000,0.500000
133254520,82,1000000001111011101010110110100010100100111110010001001000100100111111001001110101,133259019,0,0.050000,0.500000
133254521,76,0000000011101111010001011000010010011111001000100100110010011101101100011101,133228736,0,0.200000,1.000000
133254522,85,0000000000010100101011111111100110001001001111100100010010001001001111010110001011011,133255835,0,0.100000,1.000000
133254523,84,110011001000111100101100101001000001001101111100110010010011001001100101100011111110,133247265,0,0.033333,0.500000
133254524,81,101000000011100111000100011010000010010011111001000100100010010011110100100111010,133228736,0,0.200000,1.000000
133254525,77,00100011011101110011000101101001001111100100010010011001001111110110001111111,133263563,0,0.060000,0.600000
133254526,84,001001010100111110011110010100100000100100111110010001000001100101101011011000111111,133228737,0,0.040000,1.000000
133254527,83,10100000001110010101110010110100000100100111110010001001000100100101110011010110101,133257467,0,0.060000,0.600000
133254528,83,10000100101011101111100101011001001001001111100100010010001001001110110100001111110,133230482,0,0.050000,1.000000
133254529,88,1101110000011011011111110000110100101100110111110010001001000100100101101010000110001110,133257455,0,0.040000,0.600000
133254530,82,1110000011110111101100100000100001001011111100100010010001001001011110110101101000,133257455,0,0.046667,0.700000
133254535,84,111001010100111100010110010101100010100100111110010001001000100100111011111000111111,133247273,0,0.028571,1.000000
133254540,83,10100000001110000101110010110100000100100111110010001001000100100101110111010110111,133230485,0,0.100000,1.000000
133254541,82,1000000010111110111110010100101100100100111110010001001000100100111011011000111001,133230485,0,0.100000,1.000000
133254543,85,0000000010010100101011111111100110101001001111100100011010001001001111010110001011011,133247262,0,0.040000,0.800000
133254544,76,0100100011110111100101000001001001001111100100010010001000001111110110001101,133232171,0,0.020000,0.500000
133254545,82,1110000011100111101100100010100001001001111100100010110001001001011110111101101000,133230485,0,0.100000,1.000000
133254546,84,111001000110111110011110011100100000100101111110010001001001000100011011111100111110,133254155,0,0.017143,0.600000
133254547,83,10100000001110000101110010110100000100100111110010001001000100100101110111010110111,133230485,0,0.100000,1.000000
133254549,82,1110000011110111101100100000100001001011111100100010010001001001011110110101101000,133254158,0,0.100000,0.700000
133254550,82,1110000011110111101100100000100001001011111100100010010001001001011110110101101000,133268613,0,0.060000,0.600000
133254551,85,1101010000011100101010100101111000001001001111100100010010001001001011110110001101011,133259017,0,0.040000,0.600000
133254552,76,0010001101110111001100010110100100111110010001001001100100111111011000111111,133230487,0,0.200000,1.000000
133254553,87,011100000011011011111110000110100000100100111110010001001000100100101110010000110001111,133230487,0,0.200000,1.000000
133254555,85,0010000010011100111011100100101000001001001111100100010010001001001111110010011101010,133240468,0,0.066667,1.000000
133254556,84,110001101001111100111101101001010001001001101100100010010001001001111110010001111010,133235546,0,0.120000,0.600000
133254557,82,1101000100011100101011100101001001011001000111100100010010001001001011110110001010,133255827,0,0.040000,0.600000
133254559,81,100000101010000111110110110100000100100111110010001001000100100111101011100111001,133255827,0,0.033333,0.500000
133254561,83,11001000100111110111110010100100000100100110110010001001001100100111011011000101111,133230492,0,0.033333,1.000000
133254562,84,011001000100111110011110010100100000100100111110010001001001100100111011011000111110,133230492,0,0.033333,1.000000
133254563,74,00001010101011111000000100010010110011111001000100100110011011000011000101,133230492,0,0.033333,1.000000
133254564,74,00000011101111010101011000010010011101001000100100110010011101101100011101,133230492,0,0.033333,1.000000
133254565,81,001000000111110111110000100100100100101111110010001001000100100110011011000111111,133268607,0,0.160000,0.800000
133254568,84,111001000110111110011110011100100000100101111111010001001001000100011011111100111111,133255829,0,0.025000,0.500000
133254572,84,110101000001110010101010010110100000100100111110010001001000100100101111110000110101,133230500,0,0.066667,1.000000
133254574,78,001100001100111110011100111010100101111110010001001000100100111010011000111111,133232157,0,0.066667,1.000000
133254575,84,111000011111011110110010000110100100100111110010001001000100100101111011010110110000,133232157,0,0.066667,1.000000
133254576,75,000101011110111100101000001001001001111100100010010001001001111110100001101,133262193,0,0.120000,0.600000
133254577,82,0110000001111011111110000110100100100100111110010001001000100100100111010000110001,133232157,0,0.066667,1.000000
133254578,81,101000000011100111000100011010000010010011111001000100100010010011110100100111010,133252603,0,0.080000,0.800000
133254579,82,1100000001011111011110110100100000100100111110010001001000100100111111101110110101,133252603,0,0.080000,0.800000
133254580,84,111000011111011110110010000110100100100111110010001001000100100101111011010110110000,133232157,0,0.040000,0.600000
133254581,82,1000000001110111101010010110100010100100111110010001001000100100111111001000110101,133232157,0,0.066667,1.000000
133254582,83,10000000000111110011111010000110000100100111110010001001001100100111011110001111001,133251043,0,0.070000,0.700000
133254584,86,01001000001010100001011000100101000000001001111100100010010001001101111010111001100010,133251028,0,0.070000,0.700000
133254585,75,000001111011110110101010010001001001111100100010010010001001011111110001001,133266906,0,0.060000,0.600000
133254586,83,11101010000111100101010101011010000010010011011001000100100010010011111111100011010,133251031,0,0.024000,0.600000
133254587,83,10000000000111110011111010000110000100100111110010001001001100100111010110001111001,133268611,0,0.140000,0.700000
133254589,85,1011001000100111110011100010100100000100100111110010001001001100100111011011000111111,133251031,0,0.024000,0.600000
133254592,81,100000101010000111110110010100000100100111110010001001000100100111101011100110001,133268611,0,0.160000,0.800000
133254595,76,0000010101010111110000001000100101100111110010001001001100100110000110001011,133251031,0,0.024000,0.600000
133254597,83,10000000000111110011111010000110000100100111110010001001001100100111011110001111001,133251031,0,0.024000,0.600000
133254603,84,001001010100111110011110010100100000100100111110010001001001100101101011011000111111,133232161,0,0.066667,1.000000
133254604,80,00001001000011011111001010010010010010011111001000100100010010011001011100011100,133247269,0,0.053333,0.800000
133254606,81,100000001010000111110110110100000100100111110010001001000100100111101011100111001,133232163,0,0.025000,0.500000
133254610,84,000000000011111001111101010011000010010011111001000100100110010011101111100011110011,133255831,0,0.120000,0.600000
133254611,76,0000101111111111100001011010101001001111100100010010001001001010100100111001,133235547,0,0.060000,0.600000
133254612,82,1101000100101100101011100101101001001001001111100100010010001001001011110110001010,133232165,0,0.100000,1.000000
133254614,83,10100000001110000101110010110100000100110111110010000001000100100101110011010110101,133232165,0,0.100000,1.000000
133254615,74,00000011101111010101011000010010011101001000100100110010011101101100011101,133232165,0,0.100000,1.000000
133254617,75,000001111011011110101010010001001001111100100010010011001001011111110001101,133232166,0,0.066667,1.000000
133254618,81,110000000101001110111001010101000100100111110010001001000100100011111001001100101,133265292,0,0.080000,0.800000
133254619,81,110000000101001110111001010101000100100111110010001001000100100011111001001100101,133265292,0,0.080000,0.800000
133254620,81,000000101110010101110010110100000100100111110010001001000100100111111011000110000,133262177,0,0.032000,0.800000
133254621,77,11000000011101111010001011000010010011111001000100100110010011101101100011101,133265292,0,0.070000,0.700000
133254622,77,11000000011101111010001011000010010011111001000100100110010011101101100011101,133232168,0,0.100000,1.000000
133254623,76,0000101111111111100001011010101001001111100100010010001001001010100100011001,133249271,0,0.060000,0.600000
133254624,82,1000000001110111101010010110100010100100111110010001001000100100111111001000110101,133232168,0,0.100000,1.000000
133254625,86,11100000010011011111110000110100100100100111100010001001100100100101111010000110001111,133232168,0,0.040000,0.400000
133254626,84,011001000100111110111110010100100000100100111110010001001001100100111011011000111111,133262182,0,0.060000,0.600000
133254627,83,00100000001111101111110101001000101001001111100110010010011001001110111110001111001,133262182,0,0.050000,0.500000
133254628,86,01110100010001110010101110010110100000100100111110010001001001100100101101011000110101,133249271,0,0.060000,0.600000
133254629,84,101010001000111010101110010110100000100100111110010001001000100100101011011000110101,133232168,0,0.050000,0.500000
133254630,83,11000000001111011101000110010100010101100111110010001001000100100111011001001110101,133249271,0,0.050000,0.500000
133254631,83,10000000001110000101110000110001000100100111110010001001001100110111110101101101011,133232168,0,0.050000,0.500000
133254632,86,11100000010011011111110000110100100100100111100010001001100100100101111010000110001111,133232168,0,0.100000,1.000000
133254633,83,01000010011110111011100100001100000001001111100100010000011001001010100110101100011,133249271,0,0.050000,0.500000
133254634,82,1100011010011110011110110100101000100100110110010001011000100100111111101000111101,133232168,0,0.000000,0.000000
133254635,82,1101000100011100101011100101001001001001001111100100010010001001001011110110001010,133249271,0,0.060000,0.600000
133254636,83,11000000011100111111010100100000100100101110010001001000100100111011011000111100110,133233881,0,0.040000,0.600000
133254637,81,100000001111110111010001001000010010011111001000100100110010111101101100011001101,133232169,0,0.046667,0.700000
133254638,83,10100000001110010101110010110100000100100111110010001001000100100101110011010110101,133240472,0,0.040000,0.600000
133254640,86,10100000001011111011111011010010000010010011111001000100100010010011111110111011010111,133233877,0,0.060000,0.600000
133254643,80,00000000011111011111000010100000100100111110010001001000100100101110110011101001,133245513,0,0.030000,0.600000
133254644,83,00000000001110000101111000110101000100100011110010001001001100110111111101001101011,133232171,0,0.040000,1.000000
133254645,84,011100000001110011101010010110100000100100111110010001001000100100111111011000100101,133245513,0,0.030000,0.600000
133254646,84,100000010011010001111011000010000010010011011001000100100010010011111110100011110110,133240475,0,0.040000,0.600000
133254647,79,0000000110101011100101001011001001001111100100010010011001001111110110001111111,133245516,0,0.030000,0.600000
133254648,78,010000101000001111101100101000001001001111100100010010000101101111010111001100,133255833,0,0.024000,0.600000
133254649,82,1001001000100001011111101101000001001001111100100010010001011001101010111001100011,133268590,0,0.033333,0.500000
133254650,83,11101010000011100101010101011010000010010011111001000100100010010010111101100011010,133262186,0,0.053333,0.800000
133254652,86,10011000000111101010111001010010000010010011111001000000101010010011100001110111010000,133252605,0,0.030000,0.600000
133254658,83,10001001100111110011110010100100010100100111010010001001001100100111011011000111111,133259009,0,0.024000,0.600000
133254660,83,10100000001110010101110010110100000100100111110010001001000100100101110011000110101,133266907,0,0.024000,0.600000
133254661,81,100000101010000111110110010100000100100111110010001001000100100111101011100110001,133249261,0,0.120000,0.600000
133254662,86,10100000011011011111110000110100000100100111110010011001000100100101111010010110001111,133233877,0,0.100000,1.000000
133254663,83,00010100000111001010101001011011000010010011111001001100100000010010111000000110101,133233877,0,0.060000,0.600000
133254664,79,0000010011111011010010100000000100100111110010000001000100100111011011001111110,133254151,0,0.070000,0.700000
133254665,83,01000010010111110111110010100100100100100111110110001001001100100111011011000111101,133262180,0,0.060000,0.600000
133254666,84,111110000011100101010100101001001001001001111100100010010001001001110100111001101000,133233877,0,0.100000,1.000000
133254667,84,100010000011001110011101010000000010010011111001000100100010010011101110010011110010,133233877,0,0.100000,1.000000
133254668,81,110100000010111011111000010010010000100111110010001001000100100110011011000111110,133233877,0,0.100000,1.000000
133254669,75,000100011100101101101000001001001001111100100010010000001001111110110001101,133254151,0,0.070000,0.700000
133254670,84,111110000011100101010100101001000001001001111100100010010001000001110100111001101000,133233877,0,0.100000,1.000000
133254671,84,111001010100111100010110010101100000100100111110010001001000100100111011111000111111,133233877,0,0.100000,1.000000
133254672,85,0010000010011100111011100100101000001001001111100100010010001001001111110010011101011,133233877,0,0.100000,1.000000
133254673,87,011100000011011011111110000110100000100101111110010001001000100100101110010010110001111,133262180,0,0.060000,0.600000
133254674,84,110101010001110110101110010110100000100100111110010001001001100100101111000000100101,133263569,0,0.070000,0.700000
133254676,83,11100000001110011101010010110100000100100111110010001001000100100111111011001110111,133243658,0,0.100000,1.000000
133254677,85,0010000000011100111011100100101000001001001111100100010010001001000111110010011101011,133260450,0,0.060000,0.600000
133254680,83,10000000101011101111100101011001001001001111100100010010001001001110110100001111110,133254149,0,0.040000,0.600000
133254681,86,01100000011011011111110000110100100100100011010010001001000101100101111010000110001111,133230500,0,0.026667,0.400000
133254688,86,01100000011011011111110000110100100100100111110010001001000101100101111010000110001111,133254149,0,0.033333,0.500000
133254694,81,110100000011101011111000010010010000100111110110001001000100100100011011000111110,133263573,0,0.033333,0.500000
133254695,84,101010001000111010101110010110100000100100111110010001001000100100101011011000110101,133251044,0,0.060000,0.600000
133254696,75,000001111011111110101010010001001001111100100010010011001001011111110001001,133247258,0,0.060000,0.700000
133254697,83,10000000000111110011111010000110000100100111110010001001001100100111011110001111001,133232169,0,0.046667,0.700000
133254698,84,010000010101001010111011011010000010010011101001000100100110010011110101100011000101,133263562,0,0.050000,0.500000
133254699,83,01000001010100101011101101101000001001001110100100010010011001001111010110001100010,133228731,0,0.033333,0.500000
133254700,82,1001001000100001011111101101000001001001111100100010010001011001101010111001100011,133262178,0,0.100000,0.500000
133254701,83,10100000001110000101110010110100000100100111110010001001000100100101110111010110111,133257457,0,0.030000,0.600000
133254703,81,100000101010000111110110010100000100100111110010001001000100100111101011100110001,133237113,0,0.080000,0.800000
133254704,82,1110000010100111101100100000100001001001111100100010010001001001011110111101101000,133233888,0,0.200000,1.000000
133254705,84,011000000011110011111100001101001101001001111100100010010001001001011110100001100011,133237113,0,0.100000,1.000000
133254706,76,0011001111101111111101001100010010011111001000100110010010011100101000110110,133237113,0,0.070000,0.700000
133254707,82,1000001010110000011101101101000001001001111100100010010001001001111010110001000011,133233888,0,0.200000,1.000000
133254708,76,0100100011110111100101000001001001001111100110010010001000001111110110001101,133270338,0,0.200000,0.600000
133254709,78,001100011010101010010100001100100100111110011001001001100100111101011000111111,133233888,0,0.200000,1.000000
133254710,74,00000011101111010101011000010010011101001000100100110010011101101100011101,133233888,0,0.200000,1.000000
133254711,83,10000000101011101111100101011001001001001111100100010010001001001110110100001111110,133270338,0,0.200000,0.800000
133254712,83,00100000001111101111110101001000101001001111101110010010011001001110111110001111001,133233888,0,0.200000,1.000000
133254713,82,1000001010110000011101101101000001001001111100100010010001001001111010110001000011,133233888,0,0.200000,1.000000
133254714,85,1100010001001111100110101101001000001001001101100100010010011011001110100110001111111,133233888,0,0.200000,1.000000
133254715,86,10010000010101000011111011011010000010010011111001000100100010010011110101110011000110,133237113,0,0.080000,0.800000
133254716,84,011000000011110011111100001101001101001001111100100010010001001001011110100001100011,133233888,0,0.200000,1.000000
133254717,83,10000000101111101111100111001001001001001101100100010010001001001110110110001011010,133237113,0,0.070000,0.700000
133254718,84,011000000011110011111100001101001101001001111100100010010001001001011110100001100011,133233888,0,0.200000,1.000000
133254719,82,0100000000111010111110000010100000100100111110010001001000100000111110110000101001,133233888,0,0.200000,1.000000
133254720,82,1000001010110000011101101101000001001001111100100010010001001001111010110001000011,133233888,0,0.200000,1.000000
133254721,83,00101000001110010101010010110100000000100111110010001001000100100101110100001100011,133225411,0,0.200000,0.700000
133254722,82,1110000010100111101100100000100001001001111100100010010001001001011010111101101000,133237113,0,0.080000,0.800000
133254723,74,00001010101011111000000100010010110011111001000100100110011011000011000101,133237113,0,0.060000,0.600000
133254724,82,1101001100011100101011100101101001001011001111100100010010001001001011110110001010,133233888,0,0.200000,1.000000
133254725,82,1010000001111101111100001001001001001001111100100010010001001011100110110001110110,133270338,0,0.200000,0.800000
133254726,84,010000000001111101011000101010010010010011111001000100100100010111101001100011110101,133237113,0,0.060000,0.600000
133254727,73,0000011110111011101010100100100100111110010001001001100100001111111000110,133245507,0,0.040000,0.600000
133254728,81,000000000111001010101000001010100100100111110010001001001100110111110101001101001,133235528,0,0.024000,0.600000
133254729,85,1100000010011010001111011000010000010010011011001000100100010010011111100100011110110,133245507,0,0.028000,0.500000
133254731,85,0110010101001111100111100101001000001001001111100100010010011001011010110110001111111,133265301,0,0.080000,0.800000
133254734,79,0000000001111011111000010100000100100111110010001101000100100101110110001001001,133230482,0,0.025000,0.500000
133254736,86,11100000011011011110110000110100000100100111110010001001000100100101111010000110001111,133235534,0,0.200000,1.000000
133254737,83,11100000001110011101010010110100000100100111110010001001000100100111111011001110101,133235534,0,0.200000,1.000000
133254738,83,10100000001110010101110010110100000100100111110010001001000100100101110011000110101,133235534,0,0.200000,1.000000
133254739,84,111001000100111110011110010100100000010100111110010001001001100100111011010001111111,133235534,0,0.200000,1.000000
133254740,84,111000000101111001111100101011001001001001111100100010010101011001100010110100011010,133240476,0,0.050000,0.500000
133254746,80,00001001000011011111001010010010010010011111001000100100010010011001011100011100,133262186,0,0.053333,0.800000
133254747,83,11001000100111110111110010100100000100100110110010001001001100100111011011000101111,133240460,0,0.070000,0.700000
133254749,84,111010011111011110110010000110100100100111110010001001000100100101111011010110110000,133263568,0,0.040000,0.600000
133254750,84,111000000011100111010100101101000001001001111100100010010001001001111110110011101010,133268605,0,0.033333,0.800000
133254751,81,100000101010000111110110010100000100100111110010001001000100100111101011100110001,133235539,0,0.033333,1.000000
133254752,86,11110010001001111101111100101001000001001001111100100010010011001001110110110001111110,133259005,0,0.032000,0.700000
133254753,83,01100100001110011001010010110100000100000111110110001001000100100111111001001110101,133235539,0,0.033333,1.000000
133254754,82,1101001100011100101011100101101001001011001111100100010010001001001011110110001010,133238705,0,0.024000,0.600000
133254755,84,111010011111011110110010000110100100100111110010001001000100100101111011010110110000,133259005,0,0.040000,0.800000
133254756,82,1010000010111100111110010100101100100100111110010001001000100100111011011000111001,133235539,0,0.033333,1.000000
133254757,84,011000000011110111111100001101001001001001111100100010010001001001011110100001100011,133263568,0,0.040000,0.600000
133254758,82,1010000001111101111100001001001001101001111100100010010001001001100110110001111110,133268605,0,0.033333,0.700000
133254759,75,000100011101111100101000001001001001111100100010010000001001111110100001101,133238705,0,0.028000,0.700000
133254760,83,01001000100101010111110010100100000100100110110010001001001100100111011011000111111,133235539,0,0.020000,0.600000
133254761,86,11110010001001111101111100101001000001001001111100100010010011001001110110110001111110,133268605,0,0.033333,0.700000
133254762,83,10000110011110111111110100010000100100110110010001001000100100111011111000111100110,133235539,0,0.033333,1.000000
133254763,86,11110010001001111101111100101001000001001001111100100010010011001001110110110001111110,133259005,0,0.032000,0.700000
133254764,83,11100000001110011101010010110100000100100111110010001001000100100111111011001110101,133235539,0,0.033333,1.000000
133254765,84,011000000011110111111100001101001001001001111100100010010001001001011110100001100011,133268605,0,0.033333,0.800000
133254766,82,1000000010111010111110010100101100100100111110010001001000100100111011011000111001,133268605,0,0.020000,0.800000
133254767,83,01001000100101010111110010100100000100100110110010001001001100100111011011000111111,133263568,0,0.040000,0.600000
133254776,82,0010110000101001010101001011010010000010011111001000100100010010010111010000110101,133259015,0,0.120000,0.600000
133254779,86,01100000011011011111110000110100100100100011010010001001000101100101111010000110001111,133230482,0,0.020000,0.400000
133254780,84,100000101010000101110110110100000100100111110010001001000100100111101011010110001010,133235544,0,0.050000,1.000000
133254781,84,110110000011100101010100101001000001001001111101100010010001001001110100111001101000,133268612,0,0.060000,0.600000
133254783,84,111000000011100111010100101101000001001001111100100010010001001001111010110011101010,133232165,0,0.060000,0.600000
133254784,84,110000001101101111111000011010000010010111110010001001000100100001111010000110001111,133232165,0,0.040000,0.400000
133254785,83,10000001001101000111101100001000001001001101100100010010001001001111110010001111011,133245503,0,0.040000,0.600000
133254786,81,100000101010000111110110010100000100100111010010001001000100100111101010100110001,133260438,0,0.060000,0.600000
133254789,83,01000010010111100111110010100101100100100111110010001001000100110111011011000111001,133260446,0,0.033333,0.500000
133254790,83,11001000100111110111110010100000000100100100110010001001001100100111011011000111111,133260444,0,0.120000,0.600000
133254791,83,11100000001110011101010010110100000100100111110010001001000100100111111011001110101,133257459,0,0.040000,0.800000
133254802,82,1110000010100111101100100000100001001001111100100010010001001001011110111101101000,133262179,0,0.120000,0.600000
133254803,83,11000000001111011101000110010100010101100111110010001001000100100111011001001110101,133265303,0,0.080000,0.600000
133254804,76,0011001111101111111101001100010010011111001000100110010010011100101000110110,133245511,0,0.025000,0.500000
133254806,74,00100011100111000101000001001001001111100100010110000001001111110110001101,133241974,0,0.030000,0.600000
133254808,85,1101000000011100001011100101101010001001001111000100010010001001001011110110001101010,133237119,0,0.040000,1.000000
133254810,80,01111001110011111000010001110000100100111110011001001000101100101111011000101111,133263560,0,0.140000,0.700000
133254811,83,10000000000111110011111010000110000100100111110010001001001100100111011110001111001,133237121,0,0.100000,1.000000
133254812,87,101110000011011011111110011110100100100111011110010001001000100100101111010000110000110,133257461,0,0.120000,0.600000
133254813,83,11100000001110011101010010110100000100100111110010001001000100100111111011001110101,133257461,0,0.160000,0.800000
133254814,84,010001100000110010101010000010100000100100111110010001001000100100101111010010101011,133259010,0,0.040000,1.000000
133254815,77,00000000111110111110001010000010010011111001000100100010010010111011000110100,133255828,0,0.040000,0.600000
133254816,83,11101000100011100101011100101001001001001001111100100010010001001001011110110001010,133238687,0,0.200000,1.000000
133254819,84,111000001101111001111100111001001001001001111100100010010001001001100110110010011010,133255826,0,0.120000,0.600000
133254820,75,000100011110111100101000001001001001111100100010010001001001111110110001101,133255826,0,0.120000,0.600000
133254821,85,1100010001001111100110101101001000001001001101100100010010011011001110100110001111111,133255826,0,0.120000,0.600000
133254822,83,10100000001110010101110010110100000100100111110010001001001100100101110011010110101,133251044,0,0.060000,0.600000
133254823,86,01000000100011111001111101000011000010010011111001000100100110010011101010100011110011,133251044,0,0.060000,0.600000
133254824,86,01100000011011011111110000110100100100100111110010001001000101100101111010000110001111,133255826,0,0.100000,0.500000
133254825,86,01100000011011011111110000110100100100100111110010001001000101100101111010000110001111,133255826,0,0.100000,0.500000
133254827,86,01001000001010111001011101101101000001001001111100100010010001001001111010111001100011,133235544,0,0.080000,0.600000
133254829,86,11100000011011011110110000110100000100100111110010001001000100100101111010000110001111,133257463,0,0.080000,0.800000
133254830,77,00000000111110111110001010000010010011111001000100100010010010111011000111100,133268588,0,0.040000,0.600000
133254831,83,10100000001110010101110010110100000100100111110010001001000100101101110011010110101,133257463,0,0.080000,0.800000
133254832,85,1100010001001111100110101101001000001001001101100100010010011011001110100110001111111,133241975,0,0.040000,0.600000
133254833,83,11001000100111110111110010100100000100100110110010001001001100100111011011000111111,133238693,0,0.040000,1.000000
133254834,83,10000000001110000101110000110001000100100111110010001001001100110111110101001101011,133257463,0,0.070000,0.700000
133254835,77,00000000111110111110001010000010010011111001000100100010010010111011000111100,133268588,0,0.030000,0.600000
133254836,84,100010000011101110011101010000000010010011111001000100100010010011101110010011110010,133238693,0,0.040000,1.000000
133254837,86,01100110010001111001011001010010000010010011111001100100100110010011100101100011111110,133259004,0,0.070000,0.700000
133254838,84,110101010001110110111110010110100000100100101110010001001001100100110111000000100101,133238693,0,0.040000,1.000000
133254839,83,00100000001111101111110101001000101001001111100110010010011001001110111110001111001,133241975,0,0.040000,0.600000
133254840,85,1100010001001111100110101101001000001001001101100100010010011011001110100110001111111,133238693,0,0.040000,1.000000
133254841,82,0010110000111001010100001011010010010010011111001000100100000010010111010000110101,133238693,0,0.040000,1.000000
133254842,85,1100010001001111100111101101001000001001001101100100010010011001001110100110001111111,133238693,0,0.040000,1.000000
133254844,84,111001000100111110011110010100100000100100111110010001001001100100011011111100111111,133257464,0,0.026667,0.800000
133254846,83,10100000001110011101010000110100000100100111110010001001000100100111101001001110101,133257464,0,0.033333,1.000000
133254849,85,0000000000010100101011110111100110001001001111100100010010001001001111010110001011011,133255839,0,0.060000,0.600000
133254850,79,0000010011111011010010100000000100100111110010000001000100100111011011001111110,133238699,0,0.100000,1.000000
133254851,88,1101110000011011011111100000110100101100110111110010001001000100100101101010000110001110,133238699,0,0.100000,1.000000
133254852,75,000100011000111100101000001001000001111100100010010001001001111110110000100,133238699,0,0.100000,1.000000
133254853,82,1101000100011100101011100101001001001001001111100100010010001001001011110110001010,133238699,0,0.100000,1.000000
133254854,76,0000100011110111100101000001001001001111100100010010001000001111110110001101,133238699,0,0.100000,1.000000
133254855,83,11101000000011100101011100101101110001001001111100100000110001001101001110110011010,133238707,0,0.046667,0.700000
133254856,83,10001001100111110011110010100100010100100111010010001001001100100111011011000111111,133270341,0,0.100000,0.600000
133254857,72,001011111111110000101101000100100111100100010010001001001010100100011001,133238699,0,0.100000,1.000000
133254858,79,0000010011111011010010100000000100100111110010000001000100100111011011001111110,133238699,0,0.100000,1.000000
133254859,82,1000000001110111101010010110100010100100111110010001001000100100111111001000110101,133270341,0,0.100000,0.600000
133254860,82,1101000100011100101011100101001001001001001111100100010010001001001011110110001010,133238699,0,0.100000,1.000000
133254861,82,0110000000111001100110001010100010100100111110010001011000100100111111001001110101,133238699,0,0.100000,1.000000
133254862,81,000000101110010101110010110100000100100111110010001001000100100111111011000110000,133270341,0,0.100000,0.600000
133254863,84,111100000001110011101010010110100000100100111110010001001000100100111111011001110111,133262184,0,0.100000,0.600000
133254864,83,11100000001110011101010010110100000100100111110010001001000100100111111011001110101,133243659,0,0.198413,1.000000
133254865,76,0000010101010111110000001000100101100111110010001001001100100110000110001011,133262191,0,0.060000,0.600000
133254866,88,0001100000010011011111110000110100100100100011110010001001000101100101111010000110001111,133262191,0,0.050000,0.500000
133254867,81,110100000011101011111000010010010000100111110110001001000100100100011011000111110,133251034,0,0.033333,0.500000
133254870,83,11100000001110011101010010110100000100100111110010001001000100100111111011001110101,133238702,0,0.060000,0.600000
133254871,84,110000001101101111111000011010000010010111110010001001000100100001111010000110001111,133251034,0,0.033333,0.500000
133254872,86,01001000001010100001011000100101000000001001111100100010010001001101111010111001100010,133251034,0,0.033333,0.500000
133254873,82,0000000111101111110100001000001001001111100100010010001001001010111110001111001101,133252609,0,0.100000,1.000000
133254874,83,11100000001110011101010010110100000100100111110010001001000100100111111011001110111,133238702,0,0.100000,1.000000
133254875,86,00110010001001111100111100101001000101001001111100100010000011001001110110110001111101,133238702,0,0.100000,1.000000
133254877,85,0010000010011100111011100100101000001001001111100100010010001001001111110010011111011,133259018,0,0.060000,0.600000
133254879,86,10010000000011100111011100100101000001001001111100100010010001001001111110010011101011,133251035,0,0.030000,0.600000
133254880,78,000100011010101110010100101110100100111110010011001000100100111111001000111111,133270343,0,0.033333,0.500000
133254882,73,0010001110011100010100000100100100111110010001011000000100111111011000110,133251035,0,0.030000,0.600000
133254883,83,01000010011110111011100100001100000001001111100100010000011001001010100110101100011,133240475,0,0.033333,0.500000
133254886,82,1000000001110111101010010110100010100100111110010001001000100100111111001000110101,133235533,0,0.053333,0.800000
133254887,82,1000000001110111101010010110100010100100111110010011001000100100111111001000110101,133235533,0,0.046667,0.700000
133254888,84,011000000011110111111100001101001001001001111100100010010001001001011110100001100011,133241974,0,0.030000,0.600000
133254889,83,10000000001110000101110000110101000100100111110010001001001100110111110101001101011,133251035,0,0.030000,0.600000
133254891,83,11100000001110011101010010110100000100100111110010001001000100100111111011001110101,133251035,0,0.030000,0.600000
133254892,80,00000000011111011111000010100000100100111110010001001000100100101110110011101001,133260447,0,0.120000,0.600000
133254895,80,00000000011111011111000010100000100100111110010001001000100100101110110011101001,133257462,0,0.100000,1.000000
133254896,75,000000111111111100001011010101000001111100100010010001001001010101100011001,133240462,0,0.100000,1.000000
133254897,85,1000000000010100101011111111100110001001001111100100010010001001011111010110001011011,133243645,0,0.050000,0.500000
133254898,85,0000000000010100101011111111100110001001001111100100010010001001001111010110001011011,133240462,0,0.100000,1.000000
133254900,80,10100010001110010101110010110100100100100111110010001001000100100101110110001010,133270342,0,0.100000,0.600000
133254904,88,0111010001000111001010111001011010000010010011111001000100100010010010111101100011010100,133259014,0,0.120000,0.600000
133254905,83,10000000000111110011111010000110000100100111110010001001001100100111011110001111001,133251031,0,0.024000,0.600000
133254906,78,000100100001101111100101001001001001001111100100010010001001001110101110001110,133251031,0,0.024000,0.600000
133254907,83,10100000001110000101110010110100000100100111110010001001000100100101110111010110101,133263567,0,0.060000,0.600000
133254909,82,0000000000111001000111000011010100010010011111001000100100110011011111010100110101,133263567,0,0.060000,0.600000
133254911,83,11101010000111100101010101011010000010010011011001000100100010010010111111100011010,133254155,0,0.046667,0.700000
133254912,79,0000010011110111110001001111000010010010111001000100100010010010111101100010111,133241971,0,0.025000,0.500000
133254914,80,01111001110011101000010001110000100100111110011001001000100100101111011000101111,133240476,0,0.100000,1.000000
133254916,76,0000100011110111100101000001001001001111100100010010001000001111110110001101,133249268,0,0.020000,0.500000
133254917,82,1010000001111101111100001000001001001001111100100011010001001001100110110001111110,133268593,0,0.023333,0.700000
133254918,75,000100011010111100101000001001000001111100100010010001001001111110110001101,133262179,0,0.120000,0.600000
133254919,82,0010110000111001010101001011010010010010011111001000100100000010010111010000110101,133241964,0,0.100000,1.000000
133254920,82,1000001010110000011101101101000001001001111100100010010001001001111010111001000011,133266897,0,0.040000,0.600000
133254921,76,0000001011101111110101011000010010011111101000100100110000011101111100011101,133241965,0,0.066667,1.000000
133254922,75,000100011010111100101000001001000001111100100010010001001001111110110001101,133241965,0,0.066667,1.000000
133254923,83,11100000001110011101010010110100000100100111110010001001000100100111101011001110101,133263569,0,0.080000,0.800000
133254924,81,100000001111110111010001001000010010011111001000100100110010111101101100011001101,133268588,0,0.040000,0.600000
133254929,83,11001000100111110111110010100100000100100111110010001001001100100111011011000111011,133259014,0,0.120000,0.600000
133254930,84,110101010001110110111110010110100000100100101110010001001001100100111111000000100101,133255833,0,0.024000,0.600000
133254933,82,1101000100101100101011100101101001001001001111100100010010001001001011110110001010,133251037,0,0.066667,1.000000
133254934,80,01111001110011101000010001110000100100111110011001001000100100101111011000101011,133251037,0,0.053333,0.800000
133254935,79,0000000110101011100101001011001001001111100100010010011001001111110110001110111,133263573,0,0.040000,0.600000
133254936,79,0000000110101011100101001011001001001111100100010010011001001111110110001110111,133241971,0,0.050000,1.000000
133254937,82,1000001010100001001101101101000001001001111100100010010001001001111000101001100010,133241972,0,0.100000,1.000000
133254938,84,111001000100111110111110010100100000100100111110010001001001100100111011011000111111,133241972,0,0.100000,1.000000
133254939,83,11100000001110011100010010110100000100100111110010001001000100100111111011001110101,133241972,0,0.100000,1.000000
133254940,77,00000000111110111110001010000010010011111001000100100010010010111011000110100,133262192,0,0.100000,0.500000
133254941,84,111100000001110001101010010110100000100100111110010001001000100100111101011001110101,133262192,0,0.050000,0.500000
133254942,82,1000001010110000011101101101000001001001111100100010010001001001111010110001000011,133252596,0,0.060000,0.600000
133254944,80,00000100111110111110000101000001001001111100100010010001001000011101100011010010,133241976,0,0.066667,1.000000
133254947,86,10010000000011100111011100100101000001001001111100100010010001001001111110010011101011,133251031,0,0.024000,0.600000
133254948,85,1001001001010100001011101101101000001001001111100100010010001001001111010111001100011,133240472,0,0.040000,0.600000
133254949,83,00100000001111101111110101001000101001001111100110010010011001001110111110001111001,133243640,0,0.028000,0.700000
133254950,86,01000000000111110101100010100100100100100111110010001001001000101111010011000111101011,133265298,0,0.040000,0.600000
133254951,88,0101110000011011011111110000111100100100110111110010001001000100100101101010000110001110,133230488,0,0.140000,0.700000
133254952,83,01001000100101010111110010100100000100100110110010001001001100100111011011000111111,133254149,0,0.046667,0.700000
133254953,86,01100000011011011111110000110100100100100011110010001001000101100101111010000110001111,133262194,0,0.050000,0.500000
133254954,84,110010001001111101111100101001000001001001111100100010010011001001110110110001111111,133243643,0,0.100000,1.000000
133254955,75,000100011010111100101000001001000001111100100010010001001001111110110001101,133257452,0,0.040000,0.600000
133254956,84,010000000101111101111101101001000001001001111100100010010011001001111111011101101011,133243644,0,0.100000,1.000000
133254957,84,111001000100111110111110010100100000100100111110010001001001100100111011011000111111,133240462,0,0.060000,0.600000
133254958,83,11000000011100111111000100100000100100111110010001001000100100111011111000111100110,133240462,0,0.060000,0.600000
133254959,80,00000000011100101010100000101010010010011111001000100100110011011111010100110100,133243645,0,0.100000,1.000000
133254960,76,0001000111011111001010000010010010011111001000101100000010011111101100011011,133255825,0,0.050000,0.500000
133254961,79,0000001011111011010010100000000100100111110010001001000100100111011011000111110,133260455,0,0.040000,0.600000
133254962,83,01000001010100101011101101101000001001001110100100010010011001001111010110001100010,133243650,0,0.066667,1.000000
133254963,83,11101010000011100101010101011010000000010011111001000100100010010010111101100011010,133260455,0,0.040000,0.600000
133254964,82,1101000100011100101011100101001001001001001111100100010010001001001011110110001010,133268594,0,0.030000,0.600000
133254965,76,0000010101010111110000001000100101100111110010001001001100100110000110001011,133243651,0,0.100000,1.000000
133254967,83,10100000001110010101110010110100000100100111110010001001100100100101110011010110101,133249268,0,0.020000,0.500000
133254968,82,1000000001110111101010010110100010100100111110010001001000100100111111001000110101,133266892,0,0.030000,1.000000
133254969,85,1111100000111001010101001010010010010010011111001000100110010010011101001110011010001,133268594,0,0.025000,0.500000
133254970,82,0100100001010010101110011110100000000100111110010001001000100100101111110000111101,133243651,0,0.100000,1.000000
133254971,82,1010000001111101111100001001001001101001111100100010010001001001100110110001111110,133243653,0,0.100000,1.000000
133254972,82,1000001010100001111101100101000001001001111100100010010001001001111010111001110010,133260449,0,0.120000,0.600000
133254973,83,01000010010111110111110110100100000100100111110010001001000100100111111101110110101,133243653,0,0.100000,1.000000
133254974,83,10100000001100010101110010110100000100100111110010001001001100100101110011010110101,133268610,0,0.060000,0.700000
133254975,82,0000000111101111110100001000001001001111100100010010001001001010111110001111001101,133243653,0,0.100000,1.000000
133254976,82,1110000011100111111100100000100001000011111100100010010001001001011110110101101000,133257453,0,0.040000,0.600000
133254977,82,1000001010100001111101101101000001001001111100100010010001001001111010111001110010,133259006,0,0.050000,0.500000
133254978,84,111001000110111110011110011100100000100101111110010001001001000100011011111100111111,133257451,0,0.024000,0.600000
133254979,83,01000010010111110111110010100101100100100111110010001001000100010111011011000111001,133257453,0,0.033333,0.500000
133254980,79,0100100111101111110001010111000010010011111001000100100010010010111101100010101,133247270,0,0.070000,0.700000
133254981,85,0100000001011111011111011010010000010010011111001000100100010010011111110111011010111,133243654,0,0.025000,0.500000
133254982,85,1100100010011111011111001010000000010010011011001000100100110010011101101100011111100,133222213,0,0.046667,0.700000
133254983,84,110110000011100101010100101001000001001001111101100010010001001001110100111001101000,133260454,0,0.033333,0.600000
133254984,83,11001000100111110111110010100100000100100111110010001001001100100111011011010111111,133260452,0,0.060000,0.600000
133254985,76,0000100010100111100101001001001001001111100100010010000001001111110110001101,133225398,0,0.060000,0.600000
133254988,78,001100011010101010010100001100100100111110011001001001100100111101011000111111,133257451,0,0.024000,0.600000
133254989,84,111001000100111110011110010100100000100100111110010001001001100100111011011000111111,133259013,0,0.046667,0.700000
133254990,85,1100010001001111100110101101001000001001001101100100010010011011001110100110001111111,133240463,0,0.070000,0.700000
133254992,83,11100000001110011101010010110100000100100111110010001001000100100111111011001110111,133240463,0,0.060000,0.600000
133254993,83,11100000001110011101010010110100000100100111110010001001000100100111111011001110111,133243657,0,0.100000,1.000000
133254994,84,011001000100111110111110010100100000100100111110010001001001100100111011011000111111,133270339,0,0.140000,0.700000
133254995,79,0000010011110111110001001111000010010010111001000100100010010010111101100010111,133238700,0,0.040000,0.600000
133254996,82,1000000010111110111110011100000100100100111110010001001001100100011011011000101101,133225411,0,0.070000,0.700000
133254997,84,011001000100111110111110010100100000100100111110010001001001100100111011011000111111,133266899,0,0.080000,0.800000
133254998,80,00000100011111011111000010100000100100111110010001001000100100101110110011101001,133266899,0,0.100000,1.000000
133254999,81,100000101010000111110110000100000100100110110010001001000100100111101011100110001,133243659,0,0.198413,1.000000
133255000,82,1101100010011111011111001010000000010010011110010001001000100100111011011000111111,133243659,0,0.099206,0.500000
133255001,84,101000000101111001111100101011001001001001111100100010010001011001100010110100001010,133238700,0,0.040000,0.600000
133255002,84,111110000011100101010100101001001001001001111100100010010001001001110100111001101000,133266900,0,0.014286,0.500000
133255003,83,10111001001110010101011010100100000100100111110010001001000100110111010111001101001,133243660,0,0.066667,1.000000
133255004,82,0000000000111001000111000011010100010010011111001000100100110011011111010100110101,133243660,0,0.066667,1.000000
133255005,84,110101010001110010101010010110100100100100111110010001001000100100011101001000110101,133243660,0,0.066667,1.000000
133255006,83,10000100101011101111100101011001001001001111100100010010001001001110110100001111110,133243660,0,0.066667,1.000000
133255007,85,1001000001010100001011101101101000001001001111100100000010001001001111010110001100011,133266900,0,0.014286,0.500000
133255008,85,1111010110000111000010101010110100000100100111110010001001000100100101111011000110101,133243660,0,0.066667,1.000000
133255009,75,000100011010111100101000001001000001111100100010010001001001111110110001101,133266900,0,0.017143,0.600000
133255010,83,11000001100111110011110010100100010100100111010010001001001100100111011011000111111,133243660,0,0.066667,1.000000
133255011,83,11100000001110011101010010110100000100100111110011001001000100100111111001001010101,133243660,0,0.066667,1.000000
133255012,75,000100011100101101101000001001001001111100100010010000001001111110010001101,133266900,0,0.017143,0.600000
133255013,82,0110000001111011111110000110100100100100111110010001001000100100100111010000110001,133228738,0,0.035000,0.700000
133255014,81,000000011110111111010100100000100100101110010001001000100100111011111000111100110,133263566,0,0.033333,0.500000
133255015,82,1000000001110111101010010110100010100100111110010001001000100100111111001000110101,133245493,0,0.200000,1.000000
133255016,79,0000000001111011111000010100000100100111110010001101000100100101110110001001001,133245493,0,0.200000,1.000000
133255017,83,10100001001110000101110010110100000100100111110010001001000100100101110101010110101,133245493,0,0.200000,1.000000
133255018,75,000000111111111100001011010101000001111100100010010001001001010101100011001,133266894,0,0.025000,0.500000
133255019,83,10000000000111110011111010000110000100100111110010001001001100100111011110001111001,133235541,0,0.070000,0.700000
133255020,86,01100110010001111001011001010010000010010011111001100110100110010011100101100011111110,133245493,0,0.200000,1.000000
133255021,83,11101000100111100001011100101101001101001001111100100010010001001001011110110001010,133245493,0,0.200000,1.000000
133255023,85,1011001000100111110011100010100100000100100111110010001001001100100111011011000111111,133245493,0,0.200000,1.000000
133255024,87,011000100010011111001111011010010000010010011011001000100100110010011101001100011111110,133235545,0,0.024000,0.600000
133255026,83,10111000001111011101010010100100000100100111110010001001000100100111010111001101001,133245493,0,0.160000,0.800000
133255027,75,000001111011011110101010010001001001111100100010010011001001011111110001101,133252610,0,0.024000,0.600000
133255028,82,1101000100011100101011100101001001001001001111100100010010001001001011110110001010,133245493,0,0.200000,1.000000
133255029,82,1000001010110000011101101101000001001001111100100010010001001001111010111001000011,133245493,0,0.160000,0.800000
133255030,84,010000000101111101111101101001000001001001111101100010010011001001111111011101101011,133249263,0,0.024000,0.600000
133255031,81,100000001011111011111011010011000000100111110010001001000101100111111101110110101,133252610,0,0.020000,0.500000
133255032,85,0000000000010100101011111111100110001001001111100100010010001001001111010110001011011,133245493,0,0.200000,1.000000
133255033,83,10000000000111110011111010000110000100100111110010001001001100100111011110001111001,133235541,0,0.070000,0.700000
133255034,84,110010001001111101111100101001000001001001111100100010010011001001110110110001111111,133266894,0,0.030000,0.600000
133255037,81,010000000111001010111001011010000010010011111001000100100010010010111001101011001,133245494,0,0.066667,1.000000
133255039,79,0000000110101011100101001011001001001111100100010010011000001111110110001111111,133254152,0,0.024000,0.600000
133255043,86,00010000000011100111011100100101000001001001111101100010010001001001111110010011101011,133245494,0,0.066667,1.000000
133255044,81,100001001111011101110010000110000100100111110010001001000100100101011011010110101,133254152,0,0.024000,0.600000
133255048,77,00000000111110111110001010000010010011111001000100100010010010111011000110100,133245495,0,0.028571,1.000000
133255049,86,01100110010001111001011001010010000010010011111001100100100111010011100101100011111110,133254153,0,0.033333,0.500000
133255050,82,0010110100111101010101001011110010010010011111001000100100000010010111010000110101,133233871,0,0.046667,0.700000
133255051,76,0000010101010111110000001000100101100111110010001001001110100110000110001011,133235531,0,0.025000,0.500000
133255053,86,11101000011011111111110000110100000100110111110010001001000100100101111010010110001111,133254154,0,0.050000,0.500000
133255055,79,0000010011111011010010100000000100100111110010000001000100100111011011001111110,133245498,0,0.066667,1.000000
133255057,84,111001000100111110011110010100000000100100111110010001001001100100111011110000111111,133245498,0,0.066667,1.000000
133255058,85,0010000000011100111011100100101000001001001111100100010010001001001111110010011101011,133245498,0,0.066667,1.000000
133255060,82,0010110000111001010101001011010010010010011111001000100100000010010111010000110101,133245498,0,0.066667,1.000000
133255061,82,0100100001010010101100011110100001100100111110010001001000100100101111110000111101,133245498,0,0.066667,1.000000
133255063,75,000100011010111100101000001001000001111100100010010001001001111110110001101,133252612,0,0.140000,0.700000
133255064,75,000101011110111100101000001001001001111100100010010000001001111110100001101,133249258,0,0.046667,0.700000
133255065,80,01001001010100001111101100101000011001011111001000100100001010011110101110011000,133260440,0,0.020000,0.400000
133255066,80,01111001110011111100010001110000100100111110011001001000100100101111011000101111,133245502,0,0.200000,1.000000
133255067,79,0000100011011011010010100000000100100111110010001001000100100111010011000110111,133245503,0,0.066667,1.000000
133255069,83,01000010011111110111110010100111100100100111110010001001000100110111011011000111001,133265290,0,0.060000,0.600000
133255072,83,11100000001110011101010010110100000100100111110010001001000100100111111011001110101,133255827,0,0.033333,0.500000
133255077,83,10000000000111110011111010000110000100100111110010001001001100100111010110001111001,133260454,0,0.040000,0.600000
133255078,83,11100000001110011101010010110100000100100111110010001001000100100111111011001110111,133245507,0,0.050000,1.000000
133255080,83,11100000001110011101010010110100000100100111110010001001000100100111111011001110101,133245508,0,0.050000,1.000000
133255081,77,00000000111110111110001010000010010011111001000100110010010010111011000110100,133252607,0,0.028000,0.700000
133255082,83,00100100001111101111110101001000101001001111100110010010011001001110111110001111001,133247270,0,0.060000,0.500000
133255084,85,0000000010010100101011111111100110101001001111100100011010001001001111010110001011011,133245512,0,0.033333,1.000000
133255085,79,0000000110101011100101001011001001001111100100010010011001001111110110001111111,133245512,0,0.033333,1.000000
133255086,81,100001001111011101110010010110000100100111110010001001000100100101011011010110101,133245518,0,0.080000,0.800000
133255087,86,10010000010101000010111011011010000010010011111001000100100010010011110101100011000101,133249271,0,0.050000,0.600000
133255088,84,011001000100111110011110010100100000100100111110010001001001100100111011011000111111,133259019,0,0.060000,0.600000
133255089,83,01000010011110111011100100001100000001001111100100010000011001001010100110101100011,133245516,0,0.025000,0.500000
133255090,82,0100100001010010101110011110110000100100111110010001001000100100101111110000111101,133265299,0,0.050000,1.000000
133255091,84,000101000001110010101010010110110000100100111110010001001000000100101110000001101011,133255842,0,0.120000,0.600000
133255092,84,111110000011100101010100101001000001001001111100100010010001001001110100111001101000,133255842,0,0.100000,0.500000
133255093,82,1110000011100111111100100000100001001001111100100010010001001001011110110101101000,133249265,0,0.070000,0.700000
133255095,83,11101010000111100101010101011010000010010011011001000100100010010010111111100011010,133255842,0,0.120000,0.600000
133255096,80,00000000011111011111000010100000100100111110010001001000100100101110110011101001,133249265,0,0.070000,0.700000
133255097,84,110101010001110110101110010110100000100100111110010001001001110100101111000000100101,133255842,0,0.100000,0.500000
133255098,84,111000001101111001111100111001001001001001111100100010010001001001100110110010011010,133245520,0,0.200000,1.000000
133255099,81,100010100111101111110001000111000010010011111001000100100010010010111101100011111,133245520,0,0.200000,1.000000
133255100,82,1101001100011100101011100101101001001011001111100100010010001001001011110110001010,133245520,0,0.200000,1.000000
133255101,83,10000000000111110011111010000110000100100111110010001001001100100111011110001111001,133245521,0,0.100000,1.000000
133255102,84,110101010001110110101110010110100000100100111110010001001101100100101111000000100101,133268602,0,0.060000,0.600000
133255103,84,110101010001110010101010010110100100100100111110010001001000100100011101001000110101,133268602,0,0.100000,0.600000
133255104,82,1000000010111110111110010100101100100100111110010001001000000100111011011000111001,133245521,0,0.100000,1.000000
133255105,86,11100000011011011111110000110100000100100111110010001001000100100101111010010110001111,133247257,0,0.060000,0.600000
133255106,84,011001000100111110111110010100100000100100111110010001001001100100111011011000111111,133257455,0,0.050000,0.700000
133255107,85,1001000001010110001011101101101000001001001111100100010010001001000111010111001100011,133222213,0,0.046667,0.500000
133255108,86,10010000010101000010111011011010000010010011111001000100100010010011110101100011000111,133247254,0,0.050000,1.000000
133255109,84,101110000011100101000100101001000001001001111100100010010001001001010101110011010011,133270345,0,0.050000,0.800000
133255110,86,10110010001001111100111000101001000001001001111100100010010011001001110110110001111110,133247255,0,0.040000,1.000000
133255111,84,110101010001110110101110010110100000100100111110010001001001100100101111000000100101,133268604,0,0.040000,0.800000
133255112,82,1000000010111110111110011100000100100100111110010001001001100100011011011000101101,133247255,0,0.040000,1.000000
133255113,84,110101010001110110101110010110100000100100101110010001001001100100111111000000100101,133247255,0,0.040000,1.000000
133255114,85,1011001000100111110011100010100100000100100111110010001001001100100111011011000111111,133247255,0,0.040000,1.000000
133255115,82,1000000010111110111110011100100100100100111110010001001100100100111011011000101101,133247255,0,0.040000,1.000000
133255116,82,0010110000111001010101001011010010010010011111001000100100000010010111010000110101,133247255,0,0.040000,1.000000
133255118,84,011001010100101110011110010100100000100100111110010001001001100101101011011000111111,133243645,0,0.060000,0.600000
133255122,74,00000011101111010101011000010010011100001000100100110010011101101100011101,133259015,0,0.100000,0.500000
133255125,83,10100000001110010101110010110100000100100111110010001001000100100101010011010110101,133247259,0,0.100000,1.000000
133255126,83,11001001100111110011110010100100010100100111010010001001001100100111011011100111111,133225410,0,0.140000,0.700000
133255127,76,0000000011101111010001011000010010011111001000100100110010011101101100011101,133255833,0,0.140000,0.700000
133255128,76,0000001001010111110000100000100100100111110010001001000100100110000110001011,133245496,0,0.160000,0.800000
133255129,77,00100011011101110011000101101001001111100100010010011001001111110110001111110,133265289,0,0.040000,0.800000
133255130,85,1101000100011100101011100101101000001001001111100100010010000001001010110110001101011,133232171,0,0.024000,0.600000
133255131,82,0110000000111101111111000011010010010010011111001000101000100100100111010000110001,133252608,0,0.040000,0.400000
133255132,84,000000000011111001111101010011000010010011111001000100100110010011101111100011110011,133265289,0,0.035000,0.700000
133255134,82,1000001010100001101101100101000001001001011100100010010001001001111010111001100011,133247262,0,0.050000,1.000000
133255135,84,110101010001111010101110010110100000100100111110010001001001100100101111001001100101,133247262,0,0.050000,1.000000
133255136,84,111000011111011110110010000110100100100111110010011001000100100101111011010110110000,133247262,0,0.050000,1.000000
133255138,82,0100100001010010101110011110100000100100111110010001001000100100101111110000111101,133241967,0,0.025000,0.500000
133255139,85,1100010001001111100110101101001000001001001101100100010010011011001110100110001111111,133247265,0,0.040000,0.600000
133255140,75,000100011010111100101000001001000001111100100010010001001001111110110011101,133228736,0,0.100000,0.500000
133255141,76,0010011101010111001010010110000010011111001000100100110010011111101100011101,133228736,0,0.120000,0.600000
133255142,82,0010110000111001010101001011010010010010011111001000100100000010010111010000110101,133255837,0,0.060000,0.600000
133255144,82,1000000011111101111100010010000100100111110010001001001100101111011011000110011011,133243651,0,0.060000,0.600000
133255145,81,100010001111110111010001001000010010011111001000100100110000111101101100011001101,133262196,0,0.100000,0.500000
133255149,85,1100101011011111011111001010010000010010011111001001100100110010011101101100011101100,133265303,0,0.120000,0.600000
133255155,81,100000001010000111110110110100000100100111110010001001000100100111101011100111001,133245501,0,0.025000,0.500000
133255156,75,000100011100111100101000001001001001111100100010010001001001111111110001101,133265303,0,0.120000,0.600000
133255158,83,10100000001100010101110010110100000100101111110010001001001100100101110011010110101,133249258,0,0.033333,0.500000
133255162,81,100000001010000111110110110100000100100111110010001001000100100111101011100111001,133265303,0,0.120000,0.600000
133255164,83,10000000000111110011111010000110000100100111110010001001001100100111011110001111001,133268590,0,0.040000,0.600000
133255165,83,11100000101110011101010010110100000100100111110010001001000100100111111011001110101,133266895,0,0.100000,1.000000
133255166,82,0110000000111101111111000011010010010010011111001000101000100100100111010000110001,133247269,0,0.066667,1.000000
133255167,84,111100000001110011101010010110100000100100111110010001001000100100111111011001110111,133270348,0,0.066667,0.800000
133255168,82,1101000100011100101011100101001001001001001111100100010010001001001011110110001010,133247269,0,0.066667,1.000000
133255169,76,0000001001010111110000100000100100100111110010001001000100100110000110001011,133238707,0,0.066667,1.000000
133255170,83,11100000001110011101010010110100000100100111110010001001000100100111111011001110101,133266895,0,0.100000,1.000000
133255171,84,111001000110111110011110011100100000100101111111010001001001000100011011111100111111,133247269,0,0.066667,1.000000
133255173,84,011101000100011100101011100101101000010010011111001000100100010010010111001100011010,133259018,0,0.060000,0.600000
133255174,87,011100000011011011111110000110100000100100111110010001001000100100101110010000110001111,133247269,0,0.066667,1.000000
133255176,82,1101000100011100101011100101001001001001001111100100010010001001001011110110001010,133270348,0,0.066667,0.800000
133255177,83,11100000001110011101010010110100000100100111110010001001000100100111111011001110101,133270348,0,0.066667,0.800000
133255179,82,0100100001010010101110011110100000100100111110010001001000100100101111110000111101,133247269,0,0.066667,1.000000
133255181,83,11100000001110011101010010110100000100100111111010001001000100100111111011001110101,133240476,0,0.060000,0.600000
133255182,84,011001000100111110011110010100100000100100111110010001001001100100111011011000111111,133268607,0,0.120000,0.600000
133255183,86,01100110010001111001011001010010000010010011111001100100100110010011100101100011111110,133268607,0,0.120000,0.600000
133255185,84,111100000001110011101110010110100000000100111110010001001000100100111101011001110101,133268607,0,0.120000,0.600000
133255186,83,00000000000111101111101100001000001011001011100100010010001001001111111011101111010,133259006,0,0.040000,0.400000
133255188,85,0111010001000111001010111001011010000010010011111001000100100010010001101011000110101,133259006,0,0.050000,0.500000
133255191,83,10001001100111110011110010100100010100100111010010001001001100100111011011000111111,133252600,0,0.060000,0.600000
133255192,83,10001001100111110011110010100100010100100111010010001001001100100111011011000111111,133252600,0,0.060000,0.600000
133255193,86,11100000011011011111110000110100100100100111110010001001000100100101111010000110001111,133252600,0,0.060000,0.600000
133255195,83,10100000001110010101110010110100000100100111110010001001000100100101110011010110101,133249259,0,0.066667,1.000000
133255196,83,01100000001110011001110010110100000100101111110010001001000100100111111001001110101,133243650,0,0.033333,0.500000
133255199,84,001001010100111110011110010100100000100100111110010001001001100101101011011000111111,133249260,0,0.100000,1.000000
133255200,83,01110000001110011000110010110100000100100111110010001001000100100011101001001110101,133249260,0,0.100000,1.000000
133255201,85,0110000001101101111111000011010010010010011111001000100100010010010111101000011000111,133249260,0,0.100000,1.000000
133255202,76,0000010101010111110000001000100101100111110010001001001100100110000110001011,133249260,0,0.100000,1.000000
133255205,83,01000000010111110111110110100100000100100111110010001000000100100111111101110110101,133249260,0,0.100000,1.000000
133255208,83,01110000001110011000110010110100000100100111110010001001000100100011101001001110101,133266903,0,0.025000,0.500000
133255209,82,1000000001110111101010010110100010100100111110010001001000100100111111001000110101,133245498,0,0.053333,0.600000
133255211,75,000100011101111100101000001001001001111100100010010000001001111110110001101,133247273,0,0.020000,0.700000
133255212,84,000011000011101110111101010010000010010011111011000100100010010011101111011011110010,133270350,0,0.200000,0.500000
133255213,76,0000101111111111100001011010001001001111100100010010001001001010100100011001,133249262,0,0.060000,0.600000
133255214,83,10000000001110000101110000110101000100100111110010001001001100110111110101001101011,133260449,0,0.120000,0.600000
133255215,85,0000000000010100101011111111100110001001001111100100010010001001001111010110001011011,133260443,0,0.160000,0.800000
133255216,82,1010000001111101111100001000001001101001111100100010010001001001100110110001111110,133249262,0,0.060000,0.600000
133255218,83,11100000001110011101010010110100000100100111110010001001000100100111111011001110101,133257466,0,0.050000,0.500000
133255219,84,111000000101111001111100111001001001001001111100100010010001001001100110110010011010,133249261,0,0.200000,1.000000
133255221,75,000100011101111100101000001001001001111100100010010000001001111110110001101,133260443,0,0.140000,0.700000
133255222,86,11101010000011100101010100101111000001001001111100100010010001001001011110110001101011,133257466,0,0.050000,0.500000
133255224,84,110001001100111110011110010100100010100100111010010001001001100100111011011000111111,133249262,0,0.100000,1.000000
133255225,84,111110000011100101011100101001000001001001111100100010010001001001110100111001101000,133249263,0,0.040000,1.000000
133255226,84,100110000001100101010100101001000001101011111100100010010001001001110100111001101001,133249263,0,0.040000,1.000000
133255227,87,011101000100011100101011100101101000001001001111100100010010001001001011110110001101010,133249263,0,0.040000,1.000000
133255228,83,10000010001110000101110000110101000100100111110010001001001100110111110101001101011,133249263,0,0.040000,1.000000
133255229,80,00000000011111011111000010100000100100111110010001001000100100101110110011101001,133251038,0,0.020000,0.500000
133255230,82,1010000001111101111100001001001001101001111100100010010001001001100110110001111110,133251038,0,0.020000,0.500000
133255231,84,110101010001110110101110010110100000100100111110010001001001110100101111000000100101,133268594,0,0.030000,0.600000
133255232,85,0100000001011111011111011010010000010010011111001000100100010010011111110111011010111,133254154,0,0.060000,0.600000
133255233,84,111110000011100101010100101001000001001001111100100010010001001001110100111001101000,133254154,0,0.100000,0.600000
133255234,83,10100000001110010101110010110100000100100111110010001001100100100101110011010110101,133245518,0,0.070000,0.700000
133255235,76,0000010101010111110000001000100101100111110010001001001100100110000110001011,133249268,0,0.024000,0.600000
133255236,82,1101000100011100101011100101001001001001001111100100010010001001001011110110001010,133254154,0,0.060000,0.600000
133255237,85,0111110000011100101010100101001000001001001111100110010010001001001110100111001101000,133249265,0,0.100000,1.000000
133255238,83,00000001001010010101111101110011010100100111110010001101000100100111100110001011011,133249265,0,0.100000,1.000000
133255239,76,0000001111101111010001011000010010011111001000100100110010011101101100011101,133249265,0,0.100000,1.000000
133255240,81,110100000010111011111000010010010000100111110010001001000100100110011011000111110,133249265,0,0.100000,1.000000
133255241,82,1101000100011100101011100101001001001001001111100100010010001001001011110110001010,133249265,0,0.100000,1.000000
133255242,76,0010001101110111001100010110100100111110010001001001100100111111011000111111,133252607,0,0.032000,0.800000
133255243,77,00000000111110111110001010000010010011111001000100100010010010111011000111100,133266904,0,0.032000,0.800000
133255244,80,01111001110011111000010001110000100100111110011001001000101100101111011000101111,133265295,0,0.046667,0.700000
133255246,87,011101001100011100101011100101101000001001001111100100010010001001001011110110001101010,133257455,0,0.053333,0.800000
133255248,84,110010001001111101111100101001000001001001111100100010010011001001110110110001111111,133249268,0,0.040000,1.000000
133255249,80,00000000011111011111000010100000100100111110010001001000100100101110110001101001,133241963,0,0.040000,0.800000
133255250,83,01110000011110111101100000000100001001001111000100010010001001001111111110101010001,133249268,0,0.020000,0.500000
133255251,87,011101001100011100101011100101101000001001001111100100010110001001001011110110001101010,133257455,0,0.046667,0.700000
133255252,77,10000000011101111010000011000010010011111001000100100110010011101101100011101,133241963,0,0.035000,0.700000
133255253,87,011101000100011100101011100101101100011001001111100100010010001001001011110110001101010,133257455,0,0.046667,0.700000
133255255,75,000101011110111100101000001001001001111100100010010000001001111110100001101,133268609,0,0.070000,0.700000
133255258,87,011101000100011100101011100101101000001001001111100100010010001001001011110110001101010,133252606,0,0.060000,0.600000
133255260,83,00101000001110010101010010110100000000100111110010001001000100100101110100001100011,133255837,0,0.060000,0.600000
133255261,85,1101000000011110001011100101101010001001001111000100010010001001001011110110001100010,133255837,0,0.050000,0.500000
133255266,84,011000000001111011101000110110100010101100111110010001001000100101111111001001110101,133249271,0,0.100000,1.000000
133255269,84,000000000011111001111101010011000010010011111001000100100110010011101111100011110011,133232168,0,0.060000,0.600000
133255270,81,000000000111001010101000001010100100100111110010001001001100110111110101001101001,133249271,0,0.100000,1.000000
133255272,83,11010001000111001010111001010010010110010011111001000100100010010010111101100010100,133262182,0,0.050000,0.500000
133255273,84,101000000011100101011100101101000001001001111100100110010001001001011100110101101010,133249271,0,0.050000,0.600000
133255274,76,0000000011101111010001011000010010011111001000100100111010011101101100011101,133249272,0,0.050000,1.000000
133255278,83,01000001010100001011101101001000000001001110100100010010001101001111000101001100010,133251028,0,0.100000,1.000000
133255281,79,0000000011111011111000010100000100100111110010001001000100100101110110001101001,133266906,0,0.100000,0.800000
133255284,76,0000001111101111010001011000010010011111001000100100110010011101101100011101,133266906,0,0.070000,0.700000
133255285,84,110010001001111101111100101001000001001001111100100010010011001001110110110001111111,133266906,0,0.070000,0.700000
133255287,79,0000000011111011111000010100000100100111110010001001000100100101110110001101001,133251028,0,0.080000,0.800000
133255288,79,0000000011111011111000010100000100100111110010001001000100100101110110001101001,133251028,0,0.100000,1.000000
133255289,87,101110000011011011111110011110100100100111011110010001001000100100101111010000110000110,133266906,0,0.100000,0.600000
133255290,84,110000000101011101111100101011001001001001111100100010010001001001110110100001111110,133251028,0,0.100000,1.000000
133255291,83,11101010000011100101010101011010000010010011111001000100100010010010101111100011010,133251031,0,0.024000,0.600000
133255292,74,00000011101101010101011000010010011101001000100100110010011101101100011101,133251028,0,0.100000,1.000000
133255293,74,00000011101101010101011000010010011101001000100100110010011101101100011101,133266906,0,0.060000,0.600000
133255295,82,1000001010100101011101101101000001001001111100100010010001000001111000101001100010,133251028,0,0.080000,0.800000
133255296,87,101110000011011011111110011110100100100111011110010001001000100100101111010000110000110,133266906,0,0.060000,0.600000
133255299,83,01000001010100001011101101001000000001001110100100010010001101001111000101001100010,133266906,0,0.060000,0.600000
133255300,84,111001000100111110111110010100100000100100111110010001001001100100111011011000111111,133225410,0,0.140000,0.700000
133255302,84,110000001101011110110000110100000100100111110010001001000100100101111010000110001011,133251029,0,0.066667,1.000000
133255304,83,10111000001110010101010010100100000100100111110010001001000100110111010111001101001,133247261,0,0.025000,0.500000
133255305,82,0010110000111001010101001011010010010010011111001000100100000010010111010000110101,133251029,0,0.066667,1.000000
133255306,83,10111000001110010101010010100100000100100111110010001001000100110111010111001101001,133251029,0,0.066667,1.000000
133255308,82,0010110000111001010101001011010010010010011111001000100100000010010111010000110101,133240466,0,0.140000,0.600000
133255311,84,011101000100011100101011100101101000010010011111001000100100010010010111001100011010,133252609,0,0.100000,1.000000
133255312,75,000100011100111110101000001001001001111100100010010010001001111110110001101,133263574,0,0.060000,0.600000
133255314,83,10100000001110010101110010110100000100100111110010001001000100100101110011000110101,133243652,0,0.066667,1.000000
133255315,81,000000011110111111010100100000100100111110010001001000100100111011111000111100110,133243652,0,0.066667,1.000000
133255317,82,0100000101010000111110110110100000100100111110010001001010100100111101011100110001,133268595,0,0.070000,0.500000
133255318,81,100000101010000111110110010100000100100111010010101001000100100111101011100110001,133265296,0,0.035000,0.700000
133255319,82,1011000010111100111110010100101100100100111110010001001000100100111011011000111001,133228730,0,0.032000,0.800000
133255320,83,10111000001110010101010010100100000100100111110010001001000100100101010111001101001,133259012,0,0.120000,0.600000
133255321,82,1011000010111100111110010100101100100100111110010001001000100100111011011000111001,133262191,0,0.060000,0.600000
133255322,82,1000001010100101011101101101000001001001111100100010010111001001111010110001101010,133243652,0,0.046667,0.700000
133255323,86,11100000011011011111110000110100100100100111110010001001000100100101111010000110001111,133251033,0,0.080000,0.800000
133255324,83,11100000001110011101010010110100000100100111110010001001000100100111111011001110111,133262191,0,0.053333,0.600000
133255325,83,11100000001110011101010010110100000100100111110010001001000100100111111011001110111,133266907,0,0.024000,0.600000
133255326,84,010000000001111101011000101001001001001001111100100010010010001111101001000011110101,133263557,0,0.024000,0.600000
133255327,75,000001111011111110101010010001001001111100100010010011001001011111110001001,133243661,0,0.030000,0.600000
133255328,83,11100000001110011101010010110100000100100111110010001001000100100111111011001110101,133243640,0,0.032000,0.800000
133255329,83,11100000001110011101110010110100000100100110110010001001000100100111111001101110101,133254151,0,0.070000,0.700000
133255330,82,1101000100011100101011100101001001001001001111100100010010001001001011110110001010,133254151,0,0.080000,0.800000
133255331,84,011001010100111110011110010100100000100100111110010001001001100101101011011000111111,133247273,0,0.046667,0.700000
133255333,82,0010110000111001010101001011010010010010011111001000100100000010010111010000110101,133243640,0,0.028000,0.700000
133255334,85,0001100000001110011001110010110100010100100111110110001001100100110111111001001110101,133243661,0,0.030000,0.600000
133255337,83,01000010010111110111110010100101100100100111110010001001000100110111011011000111001,133243640,0,0.032000,0.800000
133255338,75,000001111011111110101010010001001001111100100010010011001001011111110001001,133251031,0,0.040000,1.000000
133255340,84,011100000001110011101110010110100000100100110110010001001000100100111111001101110101,133243661,0,0.030000,0.600000
133255341,84,100000101010000101110110110100000100100111110010001001000100100111101011010110001010,133225394,0,0.070000,0.700000
133255343,84,100000101010000101110110110100000100100111110010001001000100100111101011010110001010,133251032,0,0.200000,1.000000
133255344,83,00000000000111101111101100001000001011001011100100010010001001001111111011101111010,133245499,0,0.025000,0.500000
133255345,89,01011100000110110111111100001101001001001101111100100010010001001001011010100001100011101,133251032,0,0.200000,1.000000
133255346,82,1000000010111110111110010100101100100100111110010001011000100100111011011000111001,133225394,0,0.060000,0.600000
133255347,81,100000101010000111110110010100000100100111110010001001000100100111101011100110101,133225394,0,0.070000,0.700000
133255350,82,1000000010111110111110010100101100100100111110010001011000100100111011011000111001,133251032,0,0.100000,0.500000
133255351,84,100000101010000101110110110100000100100111110010001001000100100111101011010110001010,133225394,0,0.070000,0.700000
133255352,89,01011100000110110111111100001101001001001101111100100010010001001001011010100001100011101,133245507,0,0.025000,0.500000
133255355,79,0000000011111011010010100000000100100111110010001001000100100111011011000110110,133225394,0,0.070000,0.700000
133255356,84,110101010001111010101110010110100000100100111110010001101001100100101111001001100101,133245499,0,0.030000,0.600000
133255358,82,1000000001110111101010010110100010100100111110010001001000100100111111001000110101,133251032,0,0.200000,1.000000
133255359,82,1000000010111110111110010100101100100100111110010001011000100100111011011000111001,133225394,0,0.060000,0.600000
133255360,83,01000001010100001001101101101000001001001111100100010010001001001111000101001100010,133245508,0,0.025000,0.500000
133255361,81,100000101010000111110110010100000100100111110010001001000100100111101011100110001,133251033,0,0.100000,1.000000
133255362,75,000001111011111110101010010001001001111100100010010011001001011111110001001,133259006,0,0.060000,0.600000
133255363,84,011001000100111110011110010100100000100100111110010001001001100100111011011000011111,133251033,0,0.100000,1.000000
133255364,83,01000001010100001001101101101000001001001111100100010010001001001111000101001100010,133251033,0,0.100000,1.000000
133255365,86,10010000000011100111011100100101000001001001111100100010010001001001111110010011101011,133245508,0,0.025000,0.500000
133255366,84,011001000100111110011110010100100000100100111110010001001001100100111011011000111110,133251033,0,0.100000,1.000000
133255367,77,00000010111011110100010110000100100111110010001001001100100111011011000111011,133260443,0,0.140000,0.700000
133255369,81,100000101010000111110110010100000100100111110010001001000100100111101011100110001,133249269,0,0.040000,0.800000
133255371,83,10000000000111110011111010000110000100100111110010001000001100100111011110001111001,133251033,0,0.100000,1.000000
133255372,84,011001000100111110011110010100100000100100111110010001001001100100111011011000011111,133259006,0,0.060000,0.600000
133255373,84,011001000100111110011110010100100000100100111110010001001001100100111011011000011111,133268592,0,0.046667,0.700000
133255374,81,100000101010000111110110010100000100000111110010001001000100100111101011100110001,133251033,0,0.100000,1.000000
133255375,75,000100011011111100101000001001000001111100100010010001001001111110110001101,133247270,0,0.060000,0.600000
133255376,75,000001111011111110101010010001001001111100100010010011001001011111110001001,133268610,0,0.060000,0.700000
133255378,77,00000010111011110100010110000100100111110010001001001100100111011011000111011,133266891,0,0.100000,0.600000
133255379,86,10010000000011100111011100100101000001001001111100100010010001001001111110010011101011,133241964,0,0.160000,1.000000
133255380,83,01000001010100001001101101101000001000001111100100010010001001001111000101001100010,133266891,0,0.080000,0.500000
133255381,84,111110000011100100010100101001000001001001111100100010010001001001110100111001101000,133251034,0,0.066667,1.000000
133255382,84,111000000011100111010100101101000001001001111100100010010001001001111010110011101010,133251034,0,0.066667,1.000000
133255383,82,1000001010100001011101101001000000001001110100100010010001001001111000101001000010,133251034,0,0.066667,1.000000
133255385,76,0000010111010111110000001000100001100111110010001001001100100110000110001011,133251029,0,0.040000,0.600000
133255386,80,01111001110011111000010001110000100100111110011001001000100100101111011000101111,133251029,0,0.053333,0.800000
133255387,83,00100000001111101111110101001000101001001111100110010010011001001110111110001111001,133225410,0,0.140000,0.700000
133255388,86,10010000010101000010111011011010000010010011111001000100100010010011110101100011000101,133241974,0,0.030000,0.600000
133255389,75,000100011010111100101000001001000001111100100010010001001001111110110001101,133240466,0,0.140000,0.600000
133255390,83,11100000001110011101010010110100000100100111110010001001000100100111111011001110101,133225410,0,0.160000,0.800000
133255391,83,11100000001110011101010010110100000100100111110010001001000100100111111011001110101,133251029,0,0.066667,1.000000
133255392,82,1010000001111101111100001001001001001001111100100010010001001001100110110001111110,133255833,0,0.160000,0.800000
133255393,82,1010000001111101111100001001001001001001111100100010010001001001100110110001111110,133251035,0,0.050000,1.000000
133255394,80,01111001110011111000010001110000100100111110011001001000100100101111011000101111,133251029,0,0.053333,0.800000
133255395,75,000100011010111100101000001001000001111100100010010001001001111110110001101,133251035,0,0.050000,1.000000
133255396,77,00000010010101111100001000001001001001111100100010010001001001100001100010110,133252610,0,0.024000,0.600000
133255397,77,00000000111110111110001010000010010011111001000100100010010010111011000111100,133245493,0,0.160000,0.800000
133255398,75,000101011110111100101000001001001001111100100010010000001001111110100001101,133249263,0,0.024000,0.600000
133255399,87,011000100010011111001111011010010000010010011011001000100100110010011101001100011111110,133245493,0,0.120000,0.600000
133255400,73,0001010111101111001010000010010010011110010001001000100100111111010000110,133251038,0,0.000000,0.000000
133255401,86,01100110010001111001011001010010000010010011111001100110100110010011100101100011111110,133245493,0,0.120000,0.600000
133255402,77,00000101111111111100001011010001001001111100100010010001001001010100100011001,133235541,0,0.080000,0.800000
133255403,84,011001010100111110011110010100100000100100111110010001001001100101101011011000111111,133245493,0,0.140000,0.700000
133255404,86,01110100010001110010101110010110100000100100111110010001001000100100101101011000110101,133251038,0,0.040000,1.000000
133255405,82,0100000000111110011111010100110000100100111110010001001001100100111011111000111101,133245493,0,0.140000,0.700000
133255406,75,000101011110111100101000001001101001111100100010010001001001111110100001101,133245493,0,0.140000,0.700000
133255407,82,1000001010100001110101101101000001001001111100101010010001001001111010111001100010,133249263,0,0.032000,0.800000
133255408,82,0100000000111110011111010100110000100100111110010001001001100100111011111000111101,133245493,0,0.140000,0.700000
133255409,75,000101011110111100101000001001001001111100100010010001001001111110100001101,133252610,0,0.024000,0.600000
133255410,74,00000011101111010101011000010010011101001000100100110010011101101100011101,133268597,0,0.040000,0.800000
133255411,82,1000000011111101110100010010000100100111110010001001001100101111011011000110011010,133249263,0,0.024000,0.600000
133255412,75,000101011110111100101000001001001001111100100010010001001001111110100001101,133245493,0,0.160000,0.800000
133255416,80,00000000011111011111000010100000100100111110010001001000100100101110110011101001,133257463,0,0.030000,0.800000
133255417,83,11100000001110011101010010110100000100100111111010001001000100100111111011001110101,133251039,0,0.066667,1.000000
133255419,80,01001001010100001111101100101000011001011111001000100100001010011110101110011000,133265305,0,0.033333,0.500000
133255421,81,110100000010111011111000010010010000100111110010001001000100100110011011000111110,133235544,0,0.025000,0.500000
133255423,85,1011001000100111110011100010100100000100100111110010001001001100100111011011000111111,133235544,0,0.030000,0.600000
133255425,80,01001001010100001111101100101000011001011111001000100100001010011110101110011000,133251039,0,0.066667,1.000000
133255426,74,00000011101111010101011000010010011101001000100100110010011101101100011101,133265305,0,0.040000,0.600000
133255427,83,11100000001110011101010010110100000100100111111010001001000100100111111011001110101,133251039,0,0.066667,1.000000
133255428,80,01001001010100001111101100101000011001011111001000100100001010011110101110011000,133251039,0,0.033333,0.500000
133255429,81,100000101011000001110110100100000100100111110010001001000000100111101011000100001,133251040,0,0.200000,1.000000
133255430,83,11010000001111101111100001001001001001001111100100010010001001001100110110001110110,133251041,0,0.040000,0.800000
133255431,82,1110000010110111101100100000100001001011111100100010010001001001011010110111101000,133257464,0,0.026667,0.800000
133255432,79,0100100111100111110001010111000010010011101001000100101010010010111101100010111,133260448,0,0.033333,0.500000
133255434,82,0110010001001111100111100101001000001001001111100100010010011001011101101100011111,133260448,0,0.040000,0.600000
133255435,82,0000000000111001000111000011010100010010011111001000100100110011011111010100110101,133251041,0,0.050000,1.000000
133255436,86,10011000000111101010111001010010000010010011111001000000101010010011100001110111010000,133251041,0,0.050000,1.000000
133255437,82,1110000010110111101100100000100001001011111100100010010001001001011010110111101000,133251041,0,0.050000,1.000000
133255438,79,0100100111100111110001010111000010010011101001000100101010010010111101100010111,133251041,0,0.050000,1.000000
133255439,79,0100100111100111110001010111000010010011101001000100101010010010111101100010111,133238696,0,0.025000,0.500000
133255440,79,0100100111100111110001010111000010010011101001000100101010010010111101100010111,133257464,0,0.023333,0.700000
133255441,83,11010000001111101111100001001001001001001111100100010010001001001100110110001110110,133251041,0,0.050000,1.000000
133255442,86,01110100010001110010101110010110100000100100111110010001001000100100101111001000110101,133251041,0,0.050000,1.000000
133255443,82,0110010001001111100111100101001000001001001111100100010010011001011101101100011111,133251041,0,0.050000,1.000000
133255444,79,0100100111100111110001010111000010010011101001000100101010010010111101100010111,133260448,0,0.033333,0.500000
133255445,82,0000000000111001000111000011010100010010011111001000100100110011011111010100110101,133260448,0,0.040000,0.600000
133255446,86,01110100010001110010101110010110100000100100111110010001001000100100101111001000110101,133251041,0,0.050000,1.000000
133255447,83,10100000001100000101110010110100000100100111110010001001001100100101110011010110101,133251041,0,0.035000,0.700000
133255448,79,0100100111100111110001010111000010010011101001000100101010010010111101100010111,133260448,0,0.033333,0.500000
133255449,86,10011000000111101010111001010010000010010011111001000000101010010011100001110111010000,133238696,0,0.025000,0.500000
133255450,86,10010000010101000010111011011010000010010011111001000100100010010011110101100011000101,133268611,0,0.160000,0.800000
133255451,81,000000011110111111010100100000100100111110010001001000100100111011111000111100111,133251043,0,0.100000,1.000000
133255452,86,11100000011011011110110000110100000100100111110010001001000100100101111010000110001111,133251043,0,0.100000,1.000000
133255453,76,0000101111111111100001011010101001001111100100010010001001001010100100111001,133251043,0,0.100000,1.000000
133255454,84,111001000100111110111110010100100000100100111110010001001001100100111011011000111111,133268611,0,0.140000,0.700000
133255455,86,11100000011011011110110000110100000100100111110010001001000100100101111010000110001111,133251043,0,0.100000,1.000000
133255456,84,111011000100111110011110010100000000100100111110010001001001100100111011110001111111,133268611,0,0.140000,0.700000
133255457,77,00000000111110111110001010000010010011111001000100100010010010111011000111100,133251031,0,0.024000,0.600000
133255461,76,0000010101010111110000001000100101100111110010001001001100100110010110001011,133268611,0,0.120000,0.600000
133255463,86,01001000001010111001011101101101000001001001111100100010010001001001111010111001100011,133251043,0,0.100000,1.000000
133255464,76,0000101111111111100001011010101001001111100100010010001001001010100100111001,133251043,0,0.100000,1.000000
133255465,82,1110000011100111101100100000100001001001111100100010010001001001011110111101101000,133251043,0,0.100000,1.000000
133255466,82,1101100010011111011111001010000000010010011110010001001001100100111011011000111011,133268611,0,0.080000,0.400000
133255467,85,1101000100011100101011100101101000001001001111100100010010000001001010110110001101011,133251043,0,0.100000,1.000000
133255468,86,11100000011011011110110000110100000100100111110010001001000100100101111010000110001111,133251031,0,0.024000,0.600000
133255469,83,11001000100111110111110010100100000100100110110010001001001100100111011011000111111,133255826,0,0.140000,0.700000
133255470,82,1000010011110111011100110001100000001001111100100010000011001001010100110101100011,133255826,0,0.120000,0.600000
133255471,80,10000000111101111110100001000001001001111100100010000001001011101111100011110011,133251044,0,0.100000,1.000000
133255474,85,1000011000011101110111101010010000010010011111001000000100010010011101111101011110000,133263573,0,0.033333,0.500000
133255475,82,1101100010011111011111001010000000010010011110010001001001100100111011011000111111,133255826,0,0.100000,0.500000
133255476,86,01000000100011111001111101000011000010010011111001000100100110010011101010100011110011,133251044,0,0.100000,1.000000
133255477,86,11100000011011011110110000110100000100100111110010001001000100100101111010000110001111,133260455,0,0.040000,0.600000
133255479,75,000100011010111000101000001001000001111100100010010001001001111110110001101,133237121,0,0.070000,0.700000
133255481,85,1001000001010110001011101101101000001001011111100100010010001001000111010111001100011,133251044,0,0.100000,1.000000
133255483,83,11001000100111110111110000100100000100100110110010001001001100100111011011000001111,133252596,0,0.100000,1.000000
133255484,84,111001000100111110111110010100100000100110111110010001001001100100111011011000111111,133252596,0,0.100000,1.000000
133255485,84,111001000110111110011110011100100000100101111110010001001001000100011011111100111101,133257463,0,0.060000,0.600000
133255486,84,101000000011110101011100101101000001001001111100100010010001001001011100110101101010,133243640,0,0.032000,0.800000
133255487,76,0000101111111111100001011010001001001111100100010010001001001010100100011011,133247273,0,0.053333,0.800000
133255496,83,11101000000011100101011100101101110001001001111100100000110001001101001110110011010,133252597,0,0.066667,1.000000
133255501,83,10000000000111110011111010000110000100100111110010001001001100100111011110001111001,133252597,0,0.066667,1.000000
133255502,75,000100011000111100101000001001000001111100100010010001001001111110110000101,133265301,0,0.080000,0.800000
133255505,79,0000000110101011100101001011001001001111100100010010011001001111110110001111111,133252597,0,0.040000,0.600000
133255506,82,1000000010111110111110010100101100100100111110010001001000100100111011011000111001,133235539,0,0.020000,0.600000
133255507,75,000100011100101101101000001001001001111100100010010000001001111110110001101,133235531,0,0.030000,0.600000
133255508,84,111010001000111010101110110110100000100100111110010001001000100100101011011000110101,133260441,0,0.040000,0.800000
133255509,84,111001000100111110011110010100100000100100111110010001001001100100111011011000111111,133252598,0,0.040000,1.000000
133255510,83,11100000001110011101010010110100000100100111110011001001000100100111111011001110101,133259005,0,0.040000,0.700000
133255511,83,00000001001010010101111111110011010100100111110010001101000100100111100110001011011,133235539,0,0.020000,0.600000
133255512,87,111000000110110111111100001101001001001001111100100010010001001001011110100001100011110,133268605,0,0.020000,0.800000
133255513,80,01101001110011111100010001110000101100111110011001001000100100101111011000101111,133260445,0,0.020000,0.500000
133255514,82,1000000110111110111110010100101100101100111110010001001000100100111011011000111001,133252599,0,0.100000,1.000000
133255515,81,100000101010001111110110010100000100100111110010001001000100100111100011100110001,133262194,0,0.060000,0.600000
133255516,85,0010000010011100111011100100101000001001001111100100010010001001001111100010011110011,133259004,0,0.100000,1.000000
133255517,86,01100110010001111001011001010010000010010011111001100100100111010011100101100011111110,133257463,0,0.060000,0.600000
133255518,84,111100100001110010101110010110111000100100111110010001001000100100101111011000110101,133262194,0,0.060000,0.600000
133255519,86,01100110010001111001011001010010000010010011111001100100100111010011100101100011111110,133262194,0,0.060000,0.600000
133255520,84,111100100001110010101110010110111000100100111110010001001000100100101111011000110101,133247271,0,0.016667,0.500000
133255521,85,0010000010011100111011100100101000001001001111100100010010001001001111110010011110011,133262194,0,0.100000,0.600000
133255522,84,011001010100111110011110010100100000100100111110010001001001100101101011011000111111,133247271,0,0.020000,0.600000
133255523,81,100000101010001111110110010100000100100111110010001001000100100111100011100110001,133262194,0,0.060000,0.600000
133255524,81,100000101010000111110110110100000100100111110010001001000100100111101011100111001,133252600,0,0.060000,0.600000
133255525,81,100000101010001111110110010100000100100111110010001001000100100111100011100110001,133247271,0,0.016667,0.500000
133255526,85,0010000010011100111011100100101000001001001111100100010010001001001111110010011110011,133252600,0,0.100000,1.000000
133255527,82,1000000010111010111110011100000100101100111111010001001001100100111011011000101101,133247271,0,0.016667,0.500000
133255529,85,1111101000100111110111110010100100000100100111110010001001001100100111011011000111111,133252600,0,0.080000,0.800000
133255530,83,01000001010100101011101101101000001001001110100100010010011001001111010110101100010,133252600,0,0.060000,0.600000
133255531,85,1111001000100111110111110010100100000100100111110010001001001100100111011011000111111,133262194,0,0.100000,0.700000
133255532,82,1000000010111010111110011100000100101100111111010001001001100100111011011000101101,133252600,0,0.100000,1.000000
133255533,84,011001010100111110011110010100100000100100111110010001001001100101101011011000111111,133262194,0,0.060000,0.600000
133255534,83,01000001010100101011101101101000001001001110100100010010011001001111010110101100010,133247271,0,0.016667,0.500000
133255535,83,01000001010100101011101101101000001001001110100100010010011001001111010110101100010,133262194,0,0.100000,0.600000
133255536,81,100000101010001111110110010100000100100111110010001001000100100111100011100110001,133262194,0,0.100000,0.600000
133255537,81,100000101010000111110110110100000100100111110010001001000100100111101011100111001,133247271,0,0.016667,0.500000
133255538,81,100000101010000111110110110100000100100111110010001001000100100111101011100111001,133238693,0,0.032000,0.800000
133255539,81,000000101110010101110010110100000100100111110010001001000100100111111011000110000,133260449,0,0.120000,0.600000
133255540,81,000000101111010101110010110100000100100111110010001001000100100111111011000110000,133270354,0,0.040000,0.600000
133255541,85,0010000010011100111011100100101000001001001111100100010010001001001111110010011101010,133252601,0,0.066667,1.000000
133255542,85,0010000010011100111011100100101000001001001111100100010010001001001111110010011111011,133243653,0,0.050000,0.500000
133255543,84,111110000011100101010100101001001001001001111100100010010001001001110100111001101000,133252601,0,0.066667,1.000000
133255545,82,1000001010100001111101101101000001001001111100100010010001001001111010111001110010,133252601,0,0.066667,1.000000
133255546,82,1110000011100111111100100000100001000011111100100010010001001001011110110101101000,133260449,0,0.120000,0.600000
133255548,82,1000001010100001111101101101000001001001111100100010010001001001111010111001110010,133257466,0,0.050000,0.500000
133255550,79,0100100111101111110001010111000010010011111001000100100010010010111101100010101,133260449,0,0.120000,0.600000
133255551,85,1100010001001111100111101101001000001001001101100100010010011001001110100110001111111,133237123,0,0.046667,0.700000
133255552,82,1001001000100001011111101101000001001000111100100010010001011001101010111001100011,133252603,0,0.100000,1.000000
133255553,75,000100011110010000101000001001001001111100100010010011001001111110110001101,133237123,0,0.053333,0.800000
133255554,78,001100001100111110011100111010100101111110010001001000100100111010011000111111,133255828,0,0.046667,0.500000
133255555,82,1000000001110111101010010110100010100100111110010001001000100100111111001000110101,133237123,0,0.040000,0.800000
133255556,83,10100000101100000101110010110100000100100111110010001001001100100101110011010110101,133232157,0,0.040000,0.600000
133255557,82,1001001000100001011111101101000001001001111100100010010001011001101010111001100011,133252603,0,0.100000,1.000000
133255558,82,1001001000100001011111101101000001001001111100100010010001011001101010111001100011,133259008,0,0.050000,0.500000
133255559,78,001100001100111110011100111010100101111110010001001000100100111010011000111111,133252603,0,0.100000,1.000000
133255560,75,000101011110111100101000001001001001111100100010010001001001111110100001101,133259010,0,0.040000,1.000000
133255561,86,01100110010001111001011001010010000010010011111001100100100110010011100101100011111110,133232157,0,0.046667,0.700000
133255563,84,110101010001110110111110010110100000100100101110010001001001100100110111000000100101,133252604,0,0.050000,1.000000
133255564,84,110101010001110110111110010110100000100100101110010001001001100100110111000000100101,133268588,0,0.030000,0.600000
133255565,82,1110000011100111101100100000100001001001111100100010010001001001011110111101101000,133252604,0,0.050000,1.000000
133255566,83,11001000100111110111110010100100000100100110110010001001001100100111011011000111111,133252604,0,0.050000,1.000000
133255567,83,10100000001110010101110010110100000100100111110010001001000100101101110011011110101,133252604,0,0.050000,1.000000
133255568,83,10000000001110000101110000110001000100100111110010001001001100110111110101001101011,133255829,0,0.030000,0.600000
133255569,76,0000101111111111100001011010101001001111100100010010001001001010100100111001,133255829,0,0.030000,0.600000
133255570,86,01001000001010111001011101101101000001001001111100100010010001001001111010111001100011,133255829,0,0.030000,0.600000
133255571,83,00100000001111101111110101001000101001001111100110010010011001001110111110001111001,133252604,0,0.050000,1.000000
133255572,77,00000000111110111110001010000010010011111001000100100010010010111011000111100,133252604,0,0.050000,1.000000
133255573,86,01001000001010111001011101101101000001001001111100100010010001001001111010111001100011,133252604,0,0.050000,1.000000
133255574,86,01001000001010111001011101101101000001001001111100100010010001001001111010111001100011,133228737,0,0.028000,0.700000
133255575,76,0000101111111111100001011010101001001111100100010010001001001010100100111001,133247271,0,0.020000,0.600000
133255576,83,10000000101111101111100111001001001001001101100100010010001001001110110110001011010,133245514,0,0.040000,0.600000
133255578,81,100000001111110111110001001000010010011111001000110100110010111101101100011001101,133243657,0,0.060000,0.600000
133255581,84,111100000001110011101010010110100000100100111110010001001000100100111111011001110111,133252605,0,0.040000,0.800000
133255585,82,1001001000100001011111101101000001001001111100100010010001011001101010111001100011,133252605,0,0.035000,0.700000
133255587,84,111000000011100111010100101101000001001001111100100010010001001001111010110011101010,133233871,0,0.053333,0.800000
133255589,82,0000000000111001000110000010010100010010011111001000100100110011011111010100110101,133252605,0,0.050000,1.000000
133255590,82,0111000001111011110110000000010000100100111100010001001000100100111111111010101000,133266893,0,0.100000,0.500000
133255592,86,01100110010001111001011001010010000010010011111001100100100110010011100101100011111110,133228730,0,0.024000,0.600000
133255593,87,010101000100011100101011100101101000001001001111100100010010001001001011110110001101010,133263567,0,0.060000,0.600000
133255594,85,1101000000011100001011100111101010001001001111000100010010001001001011110110101101010,133266907,0,0.020000,0.500000
133255595,82,1010000010111100111110010100101100100100111110010001001000100100111011011000111001,133266893,0,0.100000,0.500000
133255597,84,110000001101011110110000110100000100100111110010001001000100100101111010000110001011,133266907,0,0.024000,0.600000
133255598,83,01000010011111110111110010100101100100100111110010001001000100110111011011000111001,133228726,0,0.140000,0.700000
133255600,83,10000010001110000101110000110101000100100111110010001001001100110111110101001101011,133257452,0,0.033333,0.500000
133255601,77,00100011011101110011000101101001001111100100010010011001001111110110001111111,133249262,0,0.060000,0.600000
133255603,83,01100100010011111001110001010010000000100111110010001001001100100111011011000111111,133252610,0,0.040000,1.000000
133255605,81,000000101110010101110010110100000100100111110010001001000100100111111011000110000,133230497,0,0.040000,0.600000
133255606,81,000000101110010101110010110100000100100111110010001001000100100111111011000110000,133252612,0,0.200000,1.000000
133255608,81,100000101010000111110110010100000100100111110010001001000100100111101011100110001,133251041,0,0.040000,0.800000
133255609,76,0000001111101111010001011000010010011111001000100100110010011101101100011101,133225410,0,0.020000,0.700000
133255610,84,011100000001110011101100010110100000100100111110011001001000100100111111001001010101,133260449,0,0.100000,0.500000
133255611,83,10100000001110010101110010110100000100100111110010001001000100100101110011010110101,133254146,0,0.040000,1.000000
133255612,84,111010001000111010101110110110100000100100111110010001001000100100101011011000110101,133254146,0,0.040000,1.000000
133255614,84,000000110011110111111110100000000100100110110010001001000100100111011111000111100110,133254147,0,0.066667,1.000000
133255615,85,0000000010010100101011111111100110101001001111100100011010001001001111010110001011011,133254147,0,0.066667,1.000000
133255616,86,01000001000111110101100010100100100100100111110010001001001000101111010011000111101011,133233871,0,0.040000,0.600000
133255617,83,10000000001110000101110000110001000100100111110010001001001100110111110101001101011,133254147,0,0.066667,1.000000
133255618,83,10000000101011101111101101011001001001001111100100010010001001001110110100001111110,133252608,0,0.040000,0.600000
133255619,76,0011001111101111111101001100010010011111001000100110010010011100101000110110,133254147,0,0.066667,1.000000
133255620,81,100000001111011111010100100000100101111110010001001000100100111011111000111100110,133265297,0,0.053333,0.800000
133255621,84,111010100000111001010101010110100000100100111110010001001000100100101111011000110101,133260452,0,0.060000,0.600000
133255622,82,1100001010100001111101100101000001001001111100100010010001001101111010011001100011,133254147,0,0.066667,1.000000
133255623,81,100000101010000111110110010100000100100111110010001001000100100111101011100110001,133254147,0,0.066667,1.000000
133255624,80,10100000001110010101110010110100000100100111110010001001000001001011100110101101,133263568,0,0.040000,0.600000
133255625,83,11101010000011100101010101011010000010010011111001000100100010010010111101100011010,133263568,0,0.040000,0.600000
133255627,76,0000000011101111110101011000010010011111101000100100110010011101101100011101,133263568,0,0.033333,0.500000
133255628,81,100000001111011111010100100000100101111110010001001000100100111011111000111100110,133254147,0,0.066667,1.000000
133255629,83,10000000101011101111101101011001001001001111100100010010001001001110110100001111110,133254147,0,0.066667,1.000000
133255630,84,111010100000111001010101010110100000100100111110010001001000100100101111011000110101,133254147,0,0.066667,1.000000
133255632,82,1101100010011111011111001010000000010010011110010001001001100100111011011000111111,133252598,0,0.020000,0.500000
133255633,88,0101110000011011011111110000110100100100110111110010001001000100100101101010000110001110,133263568,0,0.040000,0.600000
133255634,76,0000001111111111000010110101010000011111001000100100010010010101001000110011,133254147,0,0.066667,1.000000
133255635,82,1101100010011111011111001010000000010010011110010001001001100100111011011000111111,133254147,0,0.066667,1.000000
133255636,81,100000101010000111110110010100000100100111110010001001000100100111101011100110001,133259005,0,0.160000,0.800000
133255637,86,01100110010001111001011001010010000010010011111001100100100110010011100101100011111110,133254147,0,0.066667,1.000000
133255639,82,1101001100011100101011100101101001001011001111100100010010001001001011110110001010,133252612,0,0.140000,0.700000
133255640,83,01000010011110111011100100001100000101001111100100010000011001001010100110101100011,133254148,0,0.200000,1.000000
133255642,80,00000000011111011111000010100000100100111110010001001000100100101110010011101001,133265302,0,0.040000,0.600000
133255643,84,111001000100111110011110010100000000100100111110010001001001100100101001011000111111,133254148,0,0.160000,0.800000
133255645,84,111001010100111110111110010100100000110100111110010001001001100100111011011000111011,133254148,0,0.200000,1.000000
133255646,84,011001000100111110011110010100100000100100111110010001001001100100111011011000111111,133254149,0,0.066667,1.000000
133255647,83,11100000001110011101010010110100000100100111110010001001000100100111111011001110101,133254149,0,0.066667,1.000000
133255649,83,10100000001110010101110010110100000100100111110010001001000100100101110011010110101,133230500,0,0.040000,0.600000
133255650,83,01000010011110111011100100011100000001001111100100010000011001001010100110101100011,133254149,0,0.066667,1.000000
133255651,83,01000010011110111011100100001100000001001111100100010000011001001010100110101100011,133247259,0,0.060000,0.600000
133255652,84,111010001000111001010111001011010000010010011111001000100100010100101111001000110101,133230488,0,0.120000,0.600000
133255653,83,11101010000011100101010101011010000000010011111001000100100010010010111101100011010,133254149,0,0.040000,0.600000
133255655,76,0000001111111111000010110101010000011111001000100100010010010101001000110011,133254149,0,0.066667,1.000000
133255656,82,1110000011110111101100100000100001001011111100100010010001001001011010110111101000,133247259,0,0.060000,0.600000
133255657,82,0000000000111001000111000011010100010010011111001000100111110011011111010100110101,133254150,0,0.100000,1.000000
133255658,86,10010000000011100111011100100101000001001001111100100010010001001001111110010011101011,133251029,0,0.066667,1.000000
133255659,84,000011000011101110111101010010000010010011111001000100100010010011101111101011110010,133254150,0,0.100000,1.000000
133255660,81,100000001110101111101001001000001001001111101100010010001001001101110010001111001,133254150,0,0.100000,1.000000
133255661,81,000000011110111111010100100000100100101110110001001000100100111011111000111100110,133247261,0,0.025000,0.500000
133255662,76,0000000011100111010001011000010010011111001000100100110010011101101100011101,133254150,0,0.100000,1.000000
133255663,82,1000001010110101011101111101000001001001111100100110010001001001111110110101100010,133254150,0,0.100000,1.000000
133255664,83,00000000000111101111101100001000001011001011100100010010001001001101111011101111010,133225409,0,0.025000,0.500000
133255665,76,0000001001010111110000100000100100100111110010001001000100100110000110001011,133254151,0,0.100000,1.000000
133255668,84,011101000100011100101011100101101000010010011111001000100100010010010111001100011010,133233877,0,0.060000,0.600000
133255669,82,0010110000111001010101001011010010010010011111001000100100000010010111010000110101,133233877,0,0.060000,0.600000
133255670,84,110101000001111010101010010110100000100100111110010001001000100100101111110000110101,133225409,0,0.030000,0.600000
133255672,76,0000100010101111100101001001001001001111100100010010000001001111110110001101,133233877,0,0.060000,0.600000
133255673,75,000100011100111110101000001001001001111110100010010000001001111110110001101,133259009,0,0.028000,0.700000
133255674,85,1110100000001110010101110010110111000100100111110010001001001100100100111011001110101,133223829,0,0.030000,0.600000
133255675,87,011001000100111110010110010100100000100110111110010001011001100100110011011000111111101,133247254,0,0.030000,0.600000
133255676,75,000100011010111100101000001001000001111100100010010001001001111110110001101,133254152,0,0.028000,0.700000
133255677,76,0000101111111111100001010010001001001111100100010010001001001010100100011001,133270349,0,0.033333,0.500000
133255678,84,000000000011111001111101010011000010010011111001000100100110010011101111100011111011,133247254,0,0.035000,0.700000
133255679,85,1110100000001110010101110010110111000100100111110010001001001100100100111011001110101,133254152,0,0.040000,1.000000
133255680,83,11001000100111110111110010100100000100100110110010001001001100100111011011000101111,133245494,0,0.033333,0.500000
133255681,81,101000000011100111010100011010000010010011111001000100100010010011110100100111010,133270345,0,0.040000,0.800000
133255682,83,10110000001110010101010010000100000100110111110010001001000100100111010111001101001,133254152,0,0.040000,1.000000
133255683,84,101110000011100101010100101001000001001001111100100010010001001001110101110011010011,133245494,0,0.033333,0.500000
133255684,83,10110000001110010101010010000100000100110111110010001001000100100111010111001101001,133254152,0,0.040000,1.000000
133255685,81,100000101010000111110110010100000100100111110010001001000100100111101011100110001,133270345,0,0.040000,0.800000
133255686,84,101010001000111010101110010110100000100100111110010001001000100100101011011000110101,133247254,0,0.040000,0.800000
133255687,84,011001000100111110111110010100100000100100111110010001001001100100111011011000111111,133247254,0,0.035000,0.700000
133255688,85,0000000010010100101011111111100110101001001111100100011010001001001111010110001011011,133240468,0,0.046667,0.700000
133255689,83,10100000001110010101110010110100000100100111110010001001000100101101010011010110101,133254152,0,0.040000,1.000000
133255690,86,10010000000011100111011100100101000001001001111100100010010001001001111110010011101011,133270345,0,0.040000,0.800000
133255692,83,11001000100111110111110010100000000100100100110010001001001100100111011011000111111,133254153,0,0.066667,1.000000
133255693,81,100000001110101111101001001000001001001111101100010010001001001101110010001111001,133254153,0,0.066667,1.000000
133255694,86,01110100010001110010001110010110100000100100111110010001001000100100101111001000110101,133254153,0,0.053333,0.800000
133255695,83,00000000000111101111101100001000001011001011100100010010001001001111111011101111010,133254153,0,0.066667,1.000000
133255696,84,111011000100111110011110010100000000100100111110010001001001100100111011110001111111,133225396,0,0.060000,0.600000
133255698,81,100000101010000111110110010100000100100011110010001001000100100111101011100110001,133254153,0,0.066667,1.000000
133255701,84,111001000100101110111110010100100000100100111110010001001001100100111011011000111111,133254153,0,0.066667,1.000000
133255702,80,00000000011100101010100000101010010010011111001000100100110011011111010100110100,133262195,0,0.035000,0.700000
133255706,84,111001000100111110111010010100000000100100111110010001001001100101111011011000111111,133255825,0,0.060000,0.600000
133255707,76,0010001101110111001100010110100100111110010001001000100100111111011000111111,133262195,0,0.050000,1.000000
133255708,80,00000000011100101010100000101010010010011111001000100100110011011111010100110100,133225396,0,0.050000,0.500000
133255710,81,100000101010000111110110010100000100100111110010101001000100100111101011100110001,133254153,0,0.066667,1.000000
133255711,84,111011000100111110011110010100000000100100111110010001001001100100111011110001111111,133225396,0,0.060000,0.600000
133255713,84,000000000011111001111101010011000010010011111001000100100110010011101111100011110011,133245498,0,0.040000,0.600000
133255714,83,11100000010011110001110101100100000100100110110010001000000100100111111001000111101,133245498,0,0.033333,0.500000
133255715,85,1101010000011100101010100101111000001001001111100100010010001001001011110110001101011,133245498,0,0.033333,0.500000
133255716,74,00001010101011111000000100010010110011111001000100100110011011000011000101,133254154,0,0.060000,0.600000
133255717,76,0000000011101111010001011000010010011111001000100100110010011101101100011101,133254154,0,0.100000,1.000000
133255718,84,011001000100111110111110010100100000100100111110010001001001100100111011011000111111,133254154,0,0.100000,1.000000
133255719,80,10000000111101111110100001000001001001111100100010000001001011101111100011110011,133254154,0,0.060000,0.500000
133255720,84,011001000100111110011110010100100000100100111110010001001001100100111011011000111111,133245498,0,0.040000,0.600000
133255721,84,011001000100111110011110010100100000100100111110010001001001100100111011011000111111,133245498,0,0.040000,0.600000
133255722,83,10100000001110010101110010110100000100100111110010001001000100101101110011010110101,133254154,0,0.100000,1.000000
133255723,81,100000101010000111110110010100000100100111110010001001000100100111101011100110001,133254154,0,0.100000,1.000000
133255724,83,11100000001110011101010010110100000100100111110010101001000100100111011011001110111,133249265,0,0.100000,0.600000
133255725,82,1000000001111011101010110110100010100100111110010001001000100100111111001001110101,133245498,0,0.040000,0.600000
133255726,83,11100000010011110001110101100100000100100110110010001000000100100111111001000111101,133254154,0,0.100000,1.000000
133255727,83,11100000001110011101110010110100000100100111110010001001000100100111111001001110101,133254154,0,0.100000,1.000000
133255728,85,1111010001000111010101110010110100000100100111110010001001000100100101111011000110101,133254154,0,0.100000,1.000000
133255729,81,100000001111110111010001001000010010011111001000100100110010111101101100011001101,133245498,0,0.040000,0.600000
133255730,84,110101010001110010101010010110100100100100111110010001001000100100011101001000110101,133254154,0,0.100000,1.000000
133255731,83,10000000101111101111100111001001001001001111100100010010001001001110110110001011010,133249265,0,0.070000,0.700000
133255732,81,100000101010000101110110010100000100100111110010001001000100100111101011100110001,133247273,0,0.028571,0.800000
133255733,82,1000000010111010111110011100000100100100111110010001001001100100111011011000101101,133247273,0,0.028571,0.700000
133255734,82,1000000010111010111110011100000100100100111110010001001001100100111011011000101101,133254155,0,0.028571,1.000000
133255735,82,1110000011100111101100100010100001001001111100100010110001001001011110111101101000,133254155,0,0.028571,1.000000
133255736,76,0100100011110111100101000001001001001111100100010010001000001111110110001101,133254155,0,0.028571,1.000000
133255738,75,000101011110111100101000001001001001111100100010010000001001111110100001111,133254155,0,0.028571,1.000000
133255739,85,0000000010010100101011111111100110101001001111100100011010001001001111010110001011011,133254155,0,0.028571,1.000000
133255740,86,10010000000011100111011100100101000001001001111100100010010001001001111110010011101011,133254155,0,0.028571,1.000000
133255741,83,11101010000011100101010101011010000010010011111001000100100010010010111101100011010,133235539,0,0.080000,0.600000
133255742,74,00000011101101010101011000010010011101001000100100110010011101101100011101,133249261,0,0.140000,0.700000
133255743,83,11001001100111110011110000100100010100100111010010001001001100100111011011100111111,133249261,0,0.140000,0.700000
133255744,83,01101000100101100101011100101101001001001001111100100010010001001001011110110001010,133254155,0,0.028571,1.000000
133255745,82,1110000011100111101100100010100001001001111100100010110001001001011110111101101000,133254155,0,0.028571,1.000000
133255747,82,1000000010111110111110010100101100100100111110010001001000100100111011011000111001,133254155,0,0.028571,1.000000
133255748,76,0000000011100111010001011000010010011111011000100100110010011101101100011101,133265289,0,0.030000,0.600000
133255749,84,111001000100111110011110010100000000100100111110010000001001100100101011011000111111,133270350,0,0.120000,0.600000
133255750,86,11100000011011111111110000110100000100110111110010001001000100100101111010010110001111,133254155,0,0.028571,1.000000
133255751,83,01101000100101100101011100101101001001001001111100100010010001001001011110110001010,133254155,0,0.028571,1.000000
133255752,83,00101000001110010101010010110100000000100111110010001001000100100101110100001100011,133254155,0,0.028571,1.000000
133255753,80,11010001000111001010111001011100100100100011110010001001000100100101111011000101,133266908,0,0.024000,0.600000
133255754,75,000100011011111100101000001001000001111100100010010000001001111110110001101,133254156,0,0.040000,1.000000
133255755,84,111100000001110011101010010110100000100100111110010001001000100100111111011001110111,133270337,0,0.020000,0.600000
133255756,77,11000000011101111010001011000010010011111001000100100110010011101101100011101,133254156,0,0.040000,1.000000
133255757,76,0000010101010111110000001000100101100111110010001001001100100110000110001011,133254156,0,0.040000,1.000000
133255758,81,000000011110111111010100100000100100111110010001001000100100111011111100111100110,133254156,0,0.040000,1.000000
133255759,82,0000001011100100011100101101000001000001111100100010010001001001111110110001100001,133254156,0,0.040000,1.000000
133255760,81,000000011110111111010100100000100100111110010001001000100100111011111100111100110,133270337,0,0.020000,0.600000
133255761,84,110100000001110010101110010110100000000100111110010001001000100101101110011011110101,133254156,0,0.040000,1.000000
133255762,83,11000000010111110111110010100101100100100111110010001001000100100111011011000111001,133268613,0,0.100000,0.600000
133255763,83,11001000100111110111110010100100000100100111110010001001001100100111011011010111111,133254157,0,0.100000,1.000000
133255764,82,1000001010100101011101101101000001001001111100100010010001001001111000101001100010,133268613,0,0.100000,0.600000
133255765,82,0000010000111001000111000011010100010010011111001000100100110011010111010100110101,133230486,0,0.050000,0.500000
133255766,83,10000000001110000101110000110001000100100111110010001001001100110111110101001101011,133230486,0,0.050000,0.500000
133255767,86,11100000011011011110110000110100000100100111110010001001000100100101111010000110001111,133254157,0,0.100000,1.000000
133255768,79,0000001011100100011100101010000010010011111001000100100010010011111101100011000,133254157,0,0.100000,1.000000
133255769,79,0000001011100100011100101010000010010011111001000100100010010011111101100011000,133254157,0,0.100000,1.000000
133255770,75,000001111011110110101010010001001001111100100010010010001001011111110001001,133254157,0,0.100000,1.000000
133255771,82,1000001010100101011101101101000001001001111100100010010001001001111000101001100010,133268608,0,0.040000,0.600000
133255772,83,11101010000011100101010101011010000010010011111001000100100010010010101111100011010,133230486,0,0.050000,0.500000
133255773,84,111000010110110111111100001101000001001001111100100010010001001010111101000011000111,133254158,0,0.040000,0.800000
133255774,84,110100010001110010101010010110100100100100111110010001001000100100011101001000110101,133249258,0,0.040000,0.600000
133255775,83,10100000001110010101110010110100000000100111110010001001000100101101110011011110101,133230486,0,0.050000,0.500000
133255776,85,0010000010011100111011100100101000001001001111100100010010001001001111110010011101011,133268613,0,0.100000,0.600000
133255777,85,1011001000100111110011100010100100000100100111110010001001001100100111011011000111111,133230486,0,0.060000,0.600000
133255778,85,0111110000011100101010100101001000001001001111100110010010001001001110100111001101000,133254157,0,0.100000,1.000000
133255779,84,111010011111011110110010000110100100100111110010001001000100100101111011010110110000,133254157,0,0.100000,1.000000
133255780,80,00000000011111011111000010100000100100111110010001001000100100101110010011101001,133268613,0,0.060000,0.600000
133255781,76,0001000111001111001010010010010010011111001000100100000010011111101100011011,133254158,0,0.060000,0.700000
133255782,83,00000000000111101111101100001000001011001011100100010010001001001111111011101111010,133254157,0,0.100000,1.000000
133255783,82,1000001010100001110101101101000001001001111100101010010001001001111010111001100010,133268613,0,0.060000,0.600000
133255784,84,110101010001110110101110010110100000100100111110010001001001100100101111000000100101,133249258,0,0.040000,0.600000
133255785,81,100000001011111011111111010011000000100111110010001001000100100111111101110110101,133268613,0,0.060000,0.600000
133255786,86,00110010001001111100111100101001000101001001111100100010000011001001110110110001111101,133238700,0,0.040000,0.600000
133255787,83,00100000001111101111110101001000101001001111101110010010011001001110111110001111001,133243654,0,0.025000,0.500000
133255788,84,111001000110111110011110011100100000100101111110010001001001000100011011111100111101,133245512,0,0.020000,0.600000
133255789,74,00001010101011111000000100010010110011111001000100100110011011000011000101,133228730,0,0.024000,0.600000
133255790,87,010101000100011100101011100101101000001001001111100100010010001001001011110110001101010,133254158,0,0.100000,1.000000
133255791,84,011000000011110011111100001101001101001001111100100010010001001001011110100001100011,133243654,0,0.025000,0.500000
133255792,83,00101000001110010101010010110100000000100111110010001001000100100101110100001100011,133245512,0,0.023333,0.700000
133255793,80,01111001110011111100010001110000100100111110011001001000100100101111011000101111,133254158,0,0.100000,1.000000
133255794,82,1000001010110000011101101101000001001001111100100010010001001001111010110001000011,133268589,0,0.032000,0.800000
133255795,87,011101000100011100101011100101101000001001001111100100010010001001001011110110001101010,133243654,0,0.025000,0.500000
133255796,80,01111001110011111000010001110000100100111110011001001000100100101111011000101111,133263575,0,0.028000,0.700000
133255797,80,00000100111101111110001000111000010010011111001000100100010010010111101100010110,133228730,0,0.032000,0.800000
133255798,84,000000000011111001111101010011000010010011111001000100100110010011101111100011111011,133238709,0,0.060000,0.600000
133255799,84,110011001000101100101100101001000001001101111100110010010011001001100101100011111110,133254158,0,0.080000,0.800000
133255800,85,0000000000010100101011111111100110001001001111100100010010001001001111010110001011011,133245512,0,0.026667,0.800000
133255801,82,0100000000111010111110000010100000100100111110010001001000100000111110110000101001,133238709,0,0.050000,0.500000
133255802,74,00001011101011111000000100010010110011111001000100100110011011000011000101,133254158,0,0.100000,1.000000
133255803,80,01111001110011111000010001110000100100111110011001001000101100101111011000101111,133238700,0,0.040000,0.600000
133255804,84,000000000011111001111101010011000010010011111001000100100110010011101111100011110011,133245512,0,0.023333,0.700000
133255805,84,011000000011110011111100001101001101001001111100100010010001001001011110100001100011,133238700,0,0.053333,0.800000
133255806,83,11000001010110000011101101101000001001001111100100010010001001001111010110001000011,133270344,0,0.080000,0.800000
133255807,83,11010000001111101111100001001001001001001111100100010010001001001100110110001110110,133263575,0,0.032000,0.800000
133255808,82,1101001100011100101011100101101001001011001111100100010010001001001011110110001010,133254159,0,0.100000,1.000000
133255809,83,11001000100111110111110010100000000100100100110010001001001100100111011011000111111,133254159,0,0.100000,1.000000
133255810,84,111000000011100111010100101101000001001001111100100010010001001001111110110011101010,133254159,0,0.100000,1.000000
133255811,84,111000000011100111010100101101000001001001111100100010010001001001111110110011101010,133254159,0,0.100000,1.000000
133255812,83,00000110011110111111110100000000100100110110010001001000100100111011111000111100110,133254159,0,0.100000,1.000000
133255813,86,11110010001001111101111100101001000001001001111100100010010011001001110110110001111110,133254159,0,0.100000,1.000000
133255814,84,011000000011110111111100001101001001001001111100100010010001001001011110100001100011,133254159,0,0.100000,1.000000
133255815,75,000100011101111100101000001001001001111100100010010000001001111110100001101,133254159,0,0.100000,1.000000
133255816,76,0000010101010111110000001000100101100111110010001001001100100110000110001011,133254159,0,0.100000,1.000000
133255817,84,111010001000111010101110010110100000110100111110010001001000100100101011011000110101,133254159,0,0.100000,1.000000
133255818,82,1000000001110111101010010110100010100100111110010001001000100100111111001000110101,133254159,0,0.100000,1.000000
133255819,84,111110000011100100010100101001000001001001111100100010010001001001110100111001101000,133254159,0,0.100000,1.000000
133255820,83,00000110011110111111110100000000100100110110010001001000100100111011111000011100110,133254159,0,0.100000,1.000000
133255821,83,11100000001110011101010010110100000100100111110010001001000100100111111011001110101,133254159,0,0.100000,1.000000
133255822,82,1000000010111010111110010100101100100100111110010001001000100100111011011000111001,133254159,0,0.100000,1.000000
133255823,83,01001000100101010111110010100100000100100110110010001001001100100111011011000111111,133254159,0,0.100000,1.000000
133255845,84,110010001001111101111100101001000001001001111100100010010011001001110110110001111111,133251040,0,0.120000,0.600000
133255846,83,11011000100111110111110010100100000100100111110010001001001100100111011011000111011,133259003,0,0.060000,0.600000
133255847,76,0100100011110111100101000001001001001111100100010010001000001111110110001101,133259003,0,0.050000,0.500000
133255848,83,10111000001111010101010010100100000100100111110010001001000100100111010111001101001,133270353,0,0.120000,0.600000
133255852,84,011100000001110011101010010110100000100100111110010001001000100100111111011001110101,133259003,0,0.060000,0.600000
133255853,83,10111000001111010101010010100100000100100111110010001001000100100111010111001101001,133252606,0,0.060000,0.600000
133255855,79,0000001011111011010010100000000100100111110010001001000100100111011011000111110,133259003,0,0.060000,0.600000
133255856,75,000101011110111100101000001001001001111100100010010000001001111110100001111,133251040,0,0.120000,0.600000
133255880,81,100100010011111001111011100100000100100110110010001001001100100011010110001111111,133259004,0,0.070000,0.700000
133255881,82,1000000010111010111110011100000100101100111111010001001001100100111011011000101101,133257463,0,0.025000,0.600000
133255883,83,10100000001110011101010000110100000100100111110010001001000100100111101001001110101,133251028,0,0.080000,0.800000
133255884,85,1101000100011100101011100101101000001001001111100100010010000001001010110110001101011,133251028,0,0.070000,0.700000
133255889,84,100001010100001011101100101000001001001111100100010010000001001111010111001000011111,133257451,0,0.024000,0.600000
133255892,82,1000000001110111101010010110100010100100111110010001001000100100111111001000110101,133268612,0,0.080000,0.800000
133255894,78,000100011010101110010100101110100100111110010011001000100100111110011000111111,133252611,0,0.046667,0.700000
133255895,84,101110000011100101110100101111000001001001111100100010010001001001110101110011010011,133263556,0,0.040000,0.600000
133255902,77,00000010111010111110000001000100101100111110010001001001100100110000110000011,133251033,0,0.060000,0.600000
133255903,82,1101000100011100101111100101001001001001001111100100010010001001001011110110001010,133268610,0,0.050000,0.800000
133255905,84,110001101001111100111101101001010000001001101100100010010001001001111111010001111010,133243661,0,0.025000,0.500000
133255911,85,1011001000100111110011100010100100000100100111110010001001001100100111011011000111111,133263558,0,0.120000,0.600000
133255916,84,111001000110111110011110011100100000100101111111010001001001000100011011111100111111,133262178,0,0.100000,0.500000
133255917,82,1000000001110111101010010110100010100100111110010001001000100100111111001000110101,133230497,0,0.040000,0.600000
133255919,76,0000001001010111110000100000100100100111110010001001000100100110000110001011,133230497,0,0.040000,0.600000
133255920,77,00000101111111111100001011010001001001111100100010010001001001010100100011001,133262186,0,0.053333,0.800000
133255922,85,0110000010011100111011100100101000001001001111100100010010001001001111110010011111011,133257454,0,0.024000,0.600000
133255923,84,111001000100101110111110010100100000100100111110010001001001100100111011011000111111,133257454,0,0.024000,0.600000
133255924,79,0000000110101011100101001011001001001111100100010010011001001111110110001111111,133247256,0,0.046667,0.700000
133255936,83,10000000101111101111100111001001001001001101100100010010001001001110110110001011010,133263559,0,0.120000,0.600000
133255937,81,110100000011101011111000010010010000100111110110001001000100100100011011000111110,133262186,0,0.046667,0.700000
133255941,79,0000000110101011100101001011001001001111100100010010011001001111110110001111111,133262186,0,0.046667,0.700000
133255943,84,100010000011101110011101010000000010010011111001000100100010010011101110010011110010,133240467,0,0.030000,0.600000
133255944,85,1011001000100111110011100010100100000100100111110010001001001100100111011011000111111,133259014,0,0.120000,0.600000
133255945,83,11100000001110011101010010110100000100100111110010001001000100100111111011001110101,133255833,0,0.017143,0.800000
133255949,79,0100100111101111110001010111000010010011111001010100100010010010111101100010101,133243645,0,0.050000,0.500000
133255950,80,00000101010000001101101001000000001001110100100010010001001001111000101001100010,133227178,0,0.060000,0.500000
133255954,82,1000000001110111101010010110100010100100111110010001001000100100111111001000110101,133243644,0,0.060000,0.600000
133255955,75,000100011011111100101000001001000001111100100010010001001001111110110001101,133260454,0,0.040000,0.600000
133255956,84,011001010100111110011110010100100000100100111110010001001001100101101011011000111111,133255839,0,0.060000,0.600000
133255957,84,000000000011111001111111010011000010010011111001000100100110010011101111100011110011,133222210,0,0.100000,1.000000
133255958,83,11100000001110011101010010110100000100100111110010001001000100100111111011001110101,133255837,0,0.060000,0.600000
133255964,84,101010001000111010101110010110100000100100111110010001001000100100101011011000110101,133255837,0,0.060000,0.600000
133255966,83,10000000000111110011111010000110000100100111110010001001001100100111011110001111001,133243654,0,0.030000,0.600000
133255967,82,1000000011110111101010010110100010100100111110010001001000100100111111001000110101,133222213,0,0.066667,1.000000
133255969,85,0001100000001110011001110010110100010100100111110110001001100100110111111001001110101,133247270,0,0.050000,0.500000
133255971,82,0100000001010111011111011010010001000100111110010001001000100100011111101110110101,133262179,0,0.100000,0.500000
133255972,76,0000010101010111110000001000100101100111110010001001001100101110010110001011,133252600,0,0.060000,0.600000
133255973,83,10100000001110010101110010110100000100100111110010001001000100100101110011010110101,133228737,0,0.028000,0.700000
133255981,76,0000010101011111110000001000100001100111110010001001001100100110000110001011,133243652,0,0.040000,0.600000
133255997,79,0000010011110111110001001111000010010010111001000100100010010010111101100010111,133223823,0,0.066667,1.000000
133255998,83,11001001100111110011110010100100010100100111010010001001001100100111011011100111111,133223823,0,0.066667,1.000000
133255999,82,1000000001110011101010010110100010100100111110010001001000000100111111001001110101,133265288,0,0.100000,0.500000
133256001,87,011001000100111110010110010100100000100110111110010001001001100100110011011000111011101,133265288,0,0.100000,0.500000
133256004,82,1000001010110000011101101101000001001001111100100010010101001001111010111001000011,133225394,0,0.100000,1.000000
133256005,84,110000000111001110101001011010000010010011111001000100000010010011111100100101000111,133225394,0,0.100000,1.000000
133256006,79,0000010011110111110001001111000010010010111001000100100010010010111101100010111,133260441,0,0.035000,0.700000
133256009,80,00000000011111011111000010100000100100111110010001001000100100101110110001101001,133255825,0,0.060000,0.600000
133256010,86,11100000011011011110110000110100000100100111110010000001000100100101111010000110001111,133225396,0,0.050000,0.500000
133256011,82,1110000011110111101100100000100001001011111100100010010001001001011010110111101000,133255825,0,0.050000,0.500000
133256012,75,000100011100111110101000001001001001111100100010010000001001111110110001101,133255825,0,0.050000,0.500000
133256013,82,1000000010111110111110010100101100100100111110010001001000100100111011011000111001,133255825,0,0.060000,0.600000
133256014,85,0111110000011100101010100101001000001001001111100110010010001001001110100111001101000,133225396,0,0.050000,0.500000
133256015,79,0000010001111011111000010100000100100111110010001101000100100111110110001001001,133255825,0,0.050000,0.500000
133256016,86,11100100011011111001111001110010000010010111111001000100100100010001101111110011111110,133225396,0,0.050000,0.500000
133256017,81,110000000101001110111001010101000100100111110010001001000100100011111001001100101,133255825,0,0.060000,0.600000
133256018,83,10100000001110010101110010110100000100100111110010001001000100100101110011010110101,133262183,0,0.100000,0.500000
133256019,84,110101010001110110101110010110100000100100111110010001001001110100101011000000100101,133262183,0,0.100000,0.500000
133256020,84,110110000011100101010100101001000001001001111101100010010001001001110100111001101000,133262183,0,0.100000,0.500000
133256021,84,111100000001110011101110010110100000100100111110010001001000100100111101011001110101,133225398,0,0.100000,1.000000
133256022,83,11101010000011100101010101011010000010010011111001000100100010010010111101100011010,133225398,0,0.100000,1.000000
133256023,86,11010100010001110101011100101101000001001001111100100010010001001001010110100001101011,133225398,0,0.100000,1.000000
133256024,82,1000000010111110111110011100000100100100111110010001001001100100111011011000101101,133225398,0,0.100000,1.000000
133256025,80,10000000111101111110100001000001001001111100100010000001001011101111100011110011,133233877,0,0.050000,0.500000
133256027,81,100000001011111011111011010011000000100111110010001001000100100111111101110110101,133241971,0,0.030000,0.600000
133256029,81,100000101010000101110110010100000100100111110010001001000100100111101011100110001,133243640,0,0.032000,0.800000
133256031,85,0000000000010100101011111111100110001001001111100100010010001001001111010110001011011,133243640,0,0.032000,0.800000
133256035,81,100000001011111011111011010011000000100111110010001001000100100111111101110110101,133243640,0,0.028000,0.700000
133256036,82,1000000010111110111110010100101100100100111110010001001000100100111011011000111001,133243640,0,0.032000,0.800000
133256038,76,0000010101010111110000001000100001100111110010001001001100100111000110001011,133255824,0,0.120000,0.600000
133256044,87,011001100100011110010110010100100000100100111110011001001001110100111001011000111111110,133225402,0,0.040000,0.600000
133256045,83,10100000001110010101110010110100000100100111110010001001000100101101110011010110101,133232166,0,0.053333,0.800000
133256046,80,10000101010000011101101001000000001001110100100010010001101001111000101001100010,133232166,0,0.026667,0.600000
133256047,82,0111000001111011110110010000010000100100111110010001001000100100111111111010101001,133243661,0,0.025000,0.500000
133256048,84,000000000001111001111111010011000010010011111001000100100110010011101111100011110011,133225402,0,0.066667,1.000000
133256049,82,1000000010111110111110010100101100100100111110010001001000100100111011011000111001,133260439,0,0.035000,0.500000
133256051,83,00000001001010010101111111110011010100100111110010001101000100100111100110001011011,133265296,0,0.035000,0.700000
133256052,76,0000010101010111110000001000100101100111110010001001001100100110000110001011,133247253,0,0.120000,0.600000
133256053,87,111000000110110111111100001101000001001001111100100010010001001001011110100001100011110,133249260,0,0.060000,0.600000
133256055,83,10000000101011101111101101011001001001001111100100010010001001001110110100001111110,133225409,0,0.030000,0.600000
133256059,83,01101000100101100101011100101101001001001001111100100010010001001001011110110001010,133225410,0,0.200000,1.000000
133256060,81,100000001110101111101001001000001001001111101100010010001001001101110010001111001,133225410,0,0.200000,1.000000
133256061,79,0100100111101111110001010111000010010011111001000100100010010010111101000010101,133259007,0,0.160000,0.800000
133256062,88,0101110000011011011111110000110100110100110111110010001001000100100101101010000110001110,133233888,0,0.100000,0.800000
133256063,81,100000101011000000110110110100000100100111110010001001000100100111101011100100001,133225411,0,0.100000,1.000000
133256064,83,00000000000111101111101100001000001011001011100100010010001001001101111011101111010,133225409,0,0.025000,0.500000
133256068,83,10000001101111101111100101001011001001001111100100010010001001001110110110001110011,133225409,0,0.030000,0.600000
133256072,82,0000000000111001000111000011010100010010011111001000100100110011011111010100110101,133225409,0,0.030000,0.600000
133256074,78,000100011010101110010100101110100100111110010011001000100100111110011000111111,133225409,0,0.030000,0.600000
133256075,79,0000000011111011010010100000000100100111110010001001000100100111011011000111110,133225402,0,0.040000,0.600000
133256078,81,110100000010111011111000010010010000100111110010001001000100100110011011000111110,133252601,0,0.040000,0.600000
133256079,85,1111001000100111110111110010100100000100100111110010001001001100100111011011000111111,133251034,0,0.040000,0.600000
133256080,84,111100000001110011101010010110100000100100111110010001001000100100111101011001110101,133251034,0,0.040000,0.600000
133256081,84,110101010001110110101110010110100000100100101110010001001001100100111111000000100101,133251034,0,0.040000,0.600000
133256088,84,111001000100111110011110010100100000110100111110010001001001100100111011010001111111,133245506,0,0.024000,0.600000
133256089,80,00000000011111011111000010100000100100111110010001001000100100101110110011101001,133247258,0,0.100000,0.800000
133256090,81,100000101010000111110110010100000100100111110010001001000100100111101011100110001,133247258,0,0.100000,0.800000
133256091,84,011001000100111110111110010100100000100100111110010001001001100100111011011000111111,133249263,0,0.024000,0.600000
133256092,76,0000101111111111100001011010101001001111100100010010001001001010100100111001,133265293,0,0.066667,1.000000
133256093,86,01110100010001110010101110010110100000100100111110010001001001100000101101011000110101,133263561,0,0.020000,0.500000
133256096,84,011100000001110011101010010110100000100100111110010001001000100100111111011000100101,133265288,0,0.100000,0.500000
133256101,86,10010000010101000010111011011010000010010011111001000100100010010011110101100011000111,133228731,0,0.033333,0.500000
133256105,84,110101010001110110101110010110100000100100111110010001001001100100101111000000100101,133228722,0,0.040000,1.000000
133256106,75,000001111011111110101011000001001001111100100010010011001001011111110001101,133228722,0,0.040000,1.000000
133256107,84,011001010100111110011110010100100000100100111110010001001001100101101011011000111111,133245493,0,0.140000,0.700000
133256108,84,110010001001111101111100101001000001001001111100100010010011001001110110110001111111,133245493,0,0.140000,0.700000
133256110,81,001000000111110111110000100100100100101111110010001001000100100110011011000111111,133245493,0,0.140000,0.700000
133256111,83,11101000100111100001011100101101001101001001111100100010010001001001011110110001010,133235541,0,0.100000,1.000000
133256113,83,10000001001101000111101100001000001001001101100100010010001001001111110010001111011,133245493,0,0.140000,0.700000
133256114,83,10000000000111110011111010000110000100100111110010001001001100100111011110101111001,133266894,0,0.030000,0.600000
133256115,82,1000001010110000011101101101000001001001111100100010010001001001111010111001000011,133245493,0,0.160000,0.800000
133256116,85,0010000010011100111011100100101000001001001111100100010010001001001111110010011101011,133245493,0,0.160000,0.800000
133256117,84,011001010100111110011110010100100000100100111110010001001001100101101011011000111111,133235545,0,0.024000,0.600000
133256118,83,10000001001101000111101100001000001001001101100100010010001001001111110010001111011,133235541,0,0.070000,0.700000
133256119,82,1101000100011100101011100101001001001001001111100100010010001001001011110110001010,133266894,0,0.030000,0.600000
133256120,76,0000000011101111010001011000010010011111001000000100110010011101101100010101,133235545,0,0.020000,0.500000
133256122,76,0000000011101111010001011000010010011111001000000100110010011101101100010101,133245493,0,0.120000,0.600000
133256123,86,01100110010001111001011001010010000010010011111001100110100110010011100101100011111110,133266894,0,0.025000,0.500000
133256124,87,011000100010011111001111011010010000010010011011001000100100110010011101001100011111110,133245493,0,0.120000,0.600000
133256126,84,111101010000111110101010101111010000010010011111001000100100010010010111111100011010,133257453,0,0.040000,0.600000
133256127,82,1101000100011100111011100101101001001001001111100100010010001001001011110110001010,133270354,0,0.040000,0.600000
133256128,83,10100000001100010101110010110100000100100111110010001001000100100101110011010110101,133228727,0,0.050000,1.000000
133256129,83,11100000001110011101010010110100000100100111110010001001000100100111111011001110101,133249272,0,0.030000,0.600000
133256134,80,00000000011100101010100000101010010010011111001000100100110011011111010100110100,133252607,0,0.028000,0.700000
133256135,82,1110000011110111101100100000100001001011110100100010010001001001011010110111101000,133228730,0,0.040000,1.000000
133256136,83,11100000001110011101000010110100000100100111110010001001000100100111111011001110101,133263560,0,0.200000,1.000000
133256137,84,111001000100111110111110010100100000100100111110010001001001100100111011011000111111,133228730,0,0.040000,1.000000
133256139,84,110101010001110010101010010110100100100100111110010001001000100100011101001000110101,133228731,0,0.066667,1.000000
133256143,83,10100010001110010101110010110100000100100111110010001001000100100101110011010110101,133228736,0,0.120000,0.600000
133256144,82,1000000010111110111110010100101100100100111110010001001000100100111011011000111001,133228736,0,0.200000,1.000000
133256145,81,100100010011111001111011100100000100100110110010001001001100100011010110001111111,133228736,0,0.200000,1.000000
133256147,85,0010000000011100111011100100101000001001001111100100010010001001001111110010011101011,133228736,0,0.200000,1.000000
133256148,82,1000000001110111101010010110100010100100111110010001001000100100111111001000110101,133252606,0,0.060000,0.600000
133256149,86,11100000011011111111110000110100000100110111110010001001000100100101111110010110001111,133259019,0,0.050000,0.500000
133256150,76,0000000011100111010001011000010010011111011000100100110010011101101100011101,133255837,0,0.060000,0.600000
133256151,84,011001000100111110011110010100100000100100111110010001001001100100111011011000111111,133228736,0,0.120000,0.600000
133256152,83,10000010101000010111011011010000010010011111001000100100010010011110101111011000101,133228737,0,0.040000,1.000000
133256153,77,00100000111110111110001010000010010011111001000100100010010010111011000110100,133228737,0,0.040000,1.000000
133256154,82,0100100001010010101110011110110000100100111110010001001000100100101111110000111101,133255829,0,0.030000,0.600000
133256160,82,1000000010111110111110011100000100100100111110010001001001100100111011011000101101,133247252,0,0.046667,0.600000
133256161,86,01000000000111110101100010100100100100100111110010001001001000101111010011000111101011,133247252,0,0.040000,0.500000
133256162,87,011100000011011011111110000110100000100101111110010001001000100100101110010000110001111,133235539,0,0.070000,0.500000
133256163,76,0000000011100111010001011000010010011111001000100100110010011101101100011101,133247262,0,0.035000,0.700000
133256164,83,11101010000011100101010101011010000010010011111001000100100010010010111101100011010,133268605,0,0.080000,0.800000
133256165,73,0010001110011110010100000100100100111110010001001000000100111111011000110,133230486,0,0.100000,1.000000
133256166,81,010000000111001010111001011010000010010011111001000100100010010010111001101011001,133259017,0,0.040000,0.600000
133256167,84,000000000011111001111101010011000010010011111001000100100110010011101111100011110011,133230487,0,0.200000,1.000000
133256168,81,100000001011111011111011010010000000100111110010001001000100100111111101110110101,133230487,0,0.200000,1.000000
133256169,84,100100010001110010101010010110100100100100111110010001001000100100011101001000110101,133259017,0,0.040000,0.600000
133256171,83,10100000001110010101110010110100000100100111110000001001000100100101110011010110101,133230488,0,0.200000,1.000000
133256172,78,001100011100111110011100111010100101111110010001001000100100111010011000111111,133252612,0,0.160000,0.800000
133256173,81,100100010011111011111001010010000010010011011001000100100110100111011011000101111,133230492,0,0.000000,0.000000
133256174,77,00000000111110111110001010000010010011111001000100100010010010111011000110100,133230492,0,0.033333,1.000000
133256175,82,1000001010100001101101100101000001001001111100100010010001000001111010111001100011,133270337,0,0.033333,0.600000
133256176,83,11101010000111100101010101011010000010010011011001000100100010010010111111100011010,133270337,0,0.033333,0.700000
133256177,82,1000000010101110111100010101100100100100111110010001001000100100111011011000111101,133230492,0,0.033333,1.000000
133256178,81,100000000111011110101001011010001010100111110010001001000100100111111001000110101,133270337,0,0.000000,0.500000
133256179,82,1010000001011101111100001001001001001001111100100010010001001001100110110001111110,133254156,0,0.024000,0.600000
133256180,82,1000000011110111111010100100000100100111110010001001000100100111011111000111100110,133230492,0,0.033333,1.000000
133256181,84,000000000011111001111111010011000010010011111001000100100110010011101111100011110011,133230492,0,0.033333,1.000000
133256182,82,1110000011100111111100100000100001001001111100100010010001001001011110110101101000,133230492,0,0.033333,1.000000
133256183,84,011001010100111110011110010100100000100100111110010001001001100101101011011000111111,133270337,0,0.033333,0.600000
133256184,88,0101110000011011011111110000111100100100110111110010001001000100100001101010000110001110,133254156,0,0.020000,0.500000
133256185,83,00101000001110010101010010110100000000100111110010001001000100100101110100001100011,133230492,0,0.033333,1.000000
133256186,84,011001000100111110011110010100100000100100111110010001001001100100111011011000111110,133230492,0,0.033333,1.000000
133256187,83,10000000101011101101100101011001001001001111100100010010001001001110110100001111110,133270337,0,0.033333,0.600000
133256192,83,01000000010111110111110110100100000100100111110010001001000100100111111101110110101,133263569,0,0.080000,0.800000
133256193,86,01000000100011111001111101000011000010010011111001000100100110010011101110100011110011,133247271,0,0.020000,0.600000
133256194,86,01100110010001111001011001010010000010010011111001100100100111010011100101100011111110,133262180,0,0.050000,0.500000
133256196,80,01111001110011111100010001110000100100111110011001001000100100101111011000101111,133268588,0,0.025000,0.500000
133256197,75,000100011100111110101000001001001001111100100010010010001001111110110001101,133257463,0,0.060000,0.600000
133256198,82,1010000010111100111110010100101100100100111110010001001000100100111011011000111001,133263569,0,0.080000,0.800000
133256199,82,1000000010111110111110011100000100101100111110010001001001100100111011011000101101,133247271,0,0.016667,0.500000
133256200,82,1000000010111110111110011100000100101100111110010001001001100100111011011000101101,133259004,0,0.070000,0.700000
133256201,79,1000000011111101110100010010001100100111110010001101001100101110110110001100110,133230497,0,0.066667,1.000000
133256203,86,11110010001001111101111100101001000001001001111100100010010011001001110110110001111110,133257463,0,0.070000,0.700000
133256204,76,0000000011101111010001011000010000011111001000100100110010011101101100011101,133259004,0,0.070000,0.700000
133256206,84,111101010000111110101010101011010000010010011111001000100100010010010111111100011010,133247271,0,0.016667,0.500000
133256208,79,0001000011111011111000010100000100100111110010001001000100100101110110001101000,133270346,0,0.053333,0.800000
133256209,83,11100000001110011101010010110100000100100111110010001001000100100111111011001110111,133263569,0,0.080000,0.800000
133256213,81,100000101010000111110110010100000100100111110010101001000100000111101011100110001,133254149,0,0.033333,0.500000
133256215,84,111110000011100101010100101001001001001001111100100010010001001001110100111001101000,133255839,0,0.040000,0.600000
133256217,81,110100000011101011111000010010010000100111110110001001000100100100011011000111110,133245503,0,0.033333,0.500000
133256219,85,0010000010011100111011100100101000001001001111100100010010001001001111110010011101010,133255839,0,0.040000,0.600000
133256221,82,1000000001110111101010010110100010100100111110010001001000100100111111001000110101,133255839,0,0.040000,0.600000
133256222,76,0000100010100111100101001001001001001111100100010010000001001111110110001101,133232157,0,0.066667,1.000000
133256224,83,11101010000111100101010101011010000010010011011001000100100010010010111111100011010,133251043,0,0.070000,0.700000
133256227,83,11101010000011100101010101011010000010010011111001000100100010010010101111100011010,133251031,0,0.024000,0.600000
133256228,83,10100001001110000101110010110100000100100111110010001001000100100101110101010110101,133251043,0,0.080000,0.800000
133256229,85,1011001000100111110011100010100100000100100111110010001001001100100111011011000111111,133232161,0,0.066667,1.000000
133256231,84,001001010100111110011110010100100000100100111110010001001001100101101011011000111111,133247269,0,0.046667,0.700000
133256237,84,110010001001111101111100101001000001001001111100100010010011001001110110110001111111,133232163,0,0.050000,1.000000
133256238,84,011000000011110011111100001101101101001001111100100010010001001001011110100001100011,133232163,0,0.050000,1.000000
133256243,85,1000011000011101110111101010010000010010011111001000000100010010011101111101011110000,133232163,0,0.050000,1.000000
133256250,79,0000000001111011111000010100000100100111110010001101000100100101110110001001001,133232163,0,0.050000,1.000000
133256251,83,01000000010111110111110110100100000100100111110010001001000100100111111101110110101,133232163,0,0.050000,1.000000
133256255,83,01001000100101010111110010100100000100100110110010001001001100100111011011000111111,133266894,0,0.030000,0.600000
133256258,79,0000100100001101011100101001001001001001111100100010010001001001110101110001110,133232166,0,0.066667,1.000000
133256260,82,0100010100111101111110001000111000010010011111001000100100010010010111101100010111,133232166,0,0.066667,1.000000
133256261,84,110101010001110110101110010110100000100100101110010001001001100100111111000000100101,133223829,0,0.025000,0.500000
133256263,84,111000001101111001111100111001001001001001111100100010010001001001100110110010011010,133232166,0,0.066667,1.000000
133256266,84,110010001001111101111100101001000001001001111100100010010011001001110110110001111111,133232166,0,0.066667,1.000000
133256267,76,0000010101010111110000001000100001100111110010001001001100100110000110001011,133232166,0,0.066667,1.000000
133256268,81,100100010011101011111010100100000100100110110010001001001100100111011011000111111,133225402,0,0.040000,0.600000
133256269,82,1110000011100111111100100000100001000011111100100010010001001001011110110101101000,133232166,0,0.066667,1.000000
133256270,83,10000000101111101111100111001001001001001101100100010010001001001110110110001011010,133232166,0,0.066667,1.000000
133256271,83,11100000001110011101010010110100000100100111110010001001000100100111111011001110101,133232166,0,0.066667,1.000000
133256272,81,000000101110010101110010110100000100100111110010001001000100100111110011000110000,133232167,0,0.080000,0.800000
133256273,84,010000000001111101011000101001001001001001111100100010010010001111101001000011110101,133232168,0,0.050000,0.500000
133256274,82,1000000001110111101010010110100010100100111110010001001000100100111111001000110101,133262182,0,0.050000,0.500000
133256275,84,110001101001111100111101101001010001001001101100100010110001001001111111010001111010,133232168,0,0.100000,1.000000
133256276,86,10010000010101000010111011011010000010010011111001000100100010010011110101100011000111,133262182,0,0.050000,0.500000
133256284,84,110110000011100101010100101001000001001001111101100010010001001001110100111001101000,133245513,0,0.030000,0.600000
133256286,86,01110100010001110010101110010110100000100100111110010001001000100100101111011000110101,133235533,0,0.066667,1.000000
133256287,84,111001000100111110011110010100100000100100111110010001001001100100011011111100111111,133232171,0,0.040000,1.000000
133256296,81,100000001111011111010100100000100101111110010001001000100100111011111000111100110,133232161,0,0.033333,0.500000
133256298,80,01000010101000011111011001010000010010011111001000100100001011011110101110011000,133268590,0,0.033333,0.500000
133256306,84,001001010100111110011110010100100000100100111110010001001001100101101011011000111111,133260442,0,0.050000,0.500000
133256307,77,00100011011101110011000101101001001111100100010010011001001111110110001111110,133245494,0,0.040000,0.600000
133256309,83,10111000001110010101010010100100000100100111110010001001000100100101010111001101001,133228730,0,0.032000,0.800000
133256310,81,100000101010000111110110010100000100100111110010001001000100100111101011100110001,133241964,0,0.160000,1.000000
133256313,75,000100011100101101101000001001001001111100100010010000001001111110110001101,133233877,0,0.100000,1.000000
133256314,81,110100000010111011111000010010010000100111110010001001000100100110011011000111110,133263569,0,0.080000,0.800000
133256315,83,00010100000111001010101001011011000010010011111001001100100000010010111000000110101,133262180,0,0.060000,0.600000
133256319,83,10100000001100000101110010110100000100100111110010001001001100100101110011010110101,133235531,0,0.030000,0.600000
133256321,83,11100000001110011101010010110100000100100111110011001001000100100111111001001010101,133257451,0,0.020000,0.500000
133256325,86,11100000010011011111110000110100100100100111100010001001100100100101111010000110001111,133257457,0,0.025000,0.500000
133256326,83,11001000001110011101010010110100000100100111110010001001000100100111111011001110101,133249268,0,0.024000,0.600000
133256327,82,0100000000111110011111010100110000100100111110010001001001100100111011111000111101,133257457,0,0.030000,0.600000
133256328,88,0101110000011011011111110000110100100100110111110010001001000100100101101010000110001110,133249267,0,0.060000,0.600000
133256353,75,000100011011111100101000001001000001111100100010010001001001111110110001101,133235531,0,0.030000,0.600000
133256357,85,1001000001010110001011101101101000001001001111100100010010001001001111010111001100011,133235533,0,0.066667,1.000000
133256358,75,000101011110111100101000001001001001111100110010010001001001111110100001101,133232171,0,0.020000,0.500000
133256359,82,0111000001111011110110000000010000100100111100010001001000100100111111111010101000,133235533,0,0.066667,1.000000
133256360,84,111000011111011110010010000110100100100111110010001001000100100101111011010110110000,133235533,0,0.066667,1.000000
133256361,86,01100110010001111001011001010010000010010011111001100100100110010011100101100011111110,133240475,0,0.033333,0.500000
133256362,82,0111000001111011110110000000010000100100111100010001001000100100111111111010101000,133265299,0,0.040000,0.800000
133256363,82,0111000001111011110110000000010000100100111100010001001000100100111111111010101000,133240475,0,0.033333,0.500000
133256364,75,000100011100111110101000001001001001111100100010010000001001111110110001101,133245513,0,0.025000,0.500000
133256365,84,111010011111011110110010000110100100100111110010001001000000100111111011010110110000,133235534,0,0.200000,1.000000
133256366,84,111010100000111001010101010110100000100100111110010001001000100100101111011000110101,133235534,0,0.200000,1.000000
133256367,83,10100000001110010101110010110100000100100111110010001001000100100101110011000110101,133235534,0,0.200000,1.000000
133256368,84,101010001000111010101110010110100000100100111110010001001000100100101011011000110101,133235534,0,0.200000,1.000000
133256369,84,111010100000111001010101010110100000100100111110010001001000100100101111011000110101,133235534,0,0.200000,1.000000
133256370,83,10100000001110010101110010110100000100100111110010001001000100100101110011000110101,133235534,0,0.200000,1.000000
133256371,84,111010100000111001010101010110100000100100111110010001011000100100101111011000110101,133235534,0,0.200000,1.000000
133256372,84,111000000101111001111100101011001001001001111100100010010001011001100010110000011010,133235534,0,0.200000,1.000000
133256373,85,0110010001001111101111100101001000001001001111100100010010011001001110110110001111111,133235534,0,0.200000,1.000000
133256374,84,101010001000111010101110010110100000100100111110010001001000100100101011011000110101,133235534,0,0.200000,1.000000
133256375,85,0110010001001111101111100101001000001001001111100100010010011001001110110110001111111,133235534,0,0.200000,1.000000
133256376,83,10100000001110010101110010110100000100100111110010001001000100100101110011000110101,133235534,0,0.200000,1.000000
133256377,84,111010011111011110110010000110100100100111110010001001000000100111111011010110110000,133235534,0,0.200000,1.000000
133256378,85,0110010001001111101111100101001000001001001111100100010010011001001110110110001111111,133235534,0,0.200000,1.000000
133256379,83,10100000001110010101110010110100000100100111110010001001000100100101110011000110101,133235534,0,0.200000,1.000000
133256380,84,111010011111011110110010000110100100100111110010001001000000100111111011010110110000,133235534,0,0.200000,1.000000
133256381,75,000100011101111100101000001001001001111100100010010000001001111110100001101,133240476,0,0.070000,0.700000
133256386,84,111000000101111001111100101011001001001001111100100010010101011001100010110100011010,133247270,0,0.060000,0.600000
133256388,85,0100000001011111011111011010010000010010011111001000100100010010011111110111011010111,133255833,0,0.032000,0.800000
133256389,83,11100000001110011101010010110100000100100111111010001001000100100111111011001110101,133240461,0,0.025000,0.500000
133256390,84,011001000100111110111110010100100000100100111110010001001001100100111011011000111111,133243651,0,0.060000,0.600000
133256393,86,11110010001001111101111100101001000001001001111100100010010011001001110110110001111110,133235539,0,0.033333,1.000000
133256394,83,00000110011110111111110100000000100100110110010001001000100100111011111000111100110,133252598,0,0.032000,0.800000
133256398,80,10000000111101111110100001000001001001111100100010000001001011101111100011110011,133235542,0,0.066667,1.000000
133256399,75,000100011010111000101000001001000001111100100010010001001001111110110001101,133235542,0,0.066667,1.000000
133256400,75,000100011010111000101000001001000001111100100010010001001001111110110001101,133257456,0,0.060000,0.600000
133256401,82,1010000001111101111100001001001001001001111100100010010001001001100110110001111110,133259015,0,0.140000,0.700000
133256402,83,10000000000111110011111010000110000100100111010011001001001100100111011110001111001,133232165,0,0.060000,0.600000
133256406,81,100000001111110111010001001000010010011111001000100100110010111101101100011001101,133265305,0,0.040000,0.600000
133256407,85,0010000010011100111011100100101100001001001111100100010010001001001111110010011101011,133238687,0,0.120000,0.600000
133256408,86,01100110010001111001011001010010000010010011111001100100100110010011100101100011111110,133238687,0,0.120000,0.600000
133256409,76,0010001101110111001100010110100100111110010001001001100100111111011000111111,133257463,0,0.050000,0.800000
133256410,82,1000000001110111101010010110100000100100111110010001001000100100111111001000110101,133251039,0,0.040000,0.600000
133256411,83,00100000001111101111110101001000101001001111100110010010011001001110111110001111001,133235544,0,0.050000,1.000000
133256412,82,1000000001110111101010010110100010100100111110010001001000100100111111001000110101,133257463,0,0.050000,1.000000
133256413,85,0000000000010100101011111111100110001001001111100100010010001001001111010110001011011,133235544,0,0.050000,1.000000
133256414,83,10000000001110000101110000110101000100100111110010001001001100110111110101001101011,133235544,0,0.050000,1.000000
133256415,82,1110000011100111111100100000100001001001111100100010010001001001011110110101101000,133238687,0,0.120000,0.600000
133256416,75,000100011100111110101000001001001001111100100010010000001001111110110001101,133251039,0,0.040000,0.600000
133256417,77,00000010010101111100001000001001001001111100100010010001001001100001100010111,133235544,0,0.050000,1.000000
133256418,81,100000001111110111010001001000010010011111001000100100110010111101101100011001101,133245496,0,0.140000,0.700000
133256419,82,1000000011110111101010010110100010100100111110010001001000100100111111001000110101,133238687,0,0.120000,0.600000
133256420,85,0010000000011000111011100100101000001001001111100100010010001001001111110010011101011,133235544,0,0.050000,1.000000
133256421,86,01100110010001111001011001010010000010010011111001100100100110010011100101100011111110,133251039,0,0.040000,0.600000
133256422,84,110110000011100101010100101001000001001001111101100010010001001001110100111001101000,133265305,0,0.033333,0.500000
133256423,82,1101000100011100101011100101001001011001000111100100010010001001001011110110001010,133235546,0,0.200000,1.000000
133256424,84,111000010110110111111100001101000001001001111100100010010001001010111101000011000111,133235546,0,0.200000,1.000000
133256425,80,00000000011111011111000010100000100100111110010001001000100100101110110011101001,133268599,0,0.033333,0.500000
133256426,84,110101010001111010101110010110100000100100111110010001001001100100101111001001100101,133260445,0,0.040000,0.600000
133256427,83,11101000000011100101011100101101110001001001111100100000010001001101001110110011010,133228734,0,0.100000,0.500000
133256428,79,0000100100001101011100101001001001001001111100100010010001001001110101110001110,133255827,0,0.033333,0.500000
133256429,83,00100000001111101111110101001000101001001111100110010010011001001110111110001111001,133235546,0,0.200000,1.000000
133256430,85,1110100000001110010101110010110011000100100111110010001001000100100100111011001110101,133270339,0,0.120000,0.800000
133256431,86,01110100010001110010101110010110100000100100111110010001001000100100101101011000110101,133255827,0,0.033333,0.500000
133256432,84,110101010001111010101110010110100000100100111110010001001001100100101111001001100101,133235546,0,0.200000,1.000000
133256433,84,111000000101111001111100111001001001001001111100100010110101001001100110110000011010,133235546,0,0.200000,1.000000
133256434,77,00000010101010111110000001000100101100110110010001001001100100110000110001011,133268609,0,0.060000,0.600000
133256435,83,10000000101011101111101101011001001001001111100100010010001001001110110100001111110,133235546,0,0.200000,1.000000
133256436,83,11001000100111110111110010100100000100100110110010001001001100100111011011000101111,133235546,0,0.200000,1.000000
133256437,84,110001101001111100111101101001010001001001101100100010010001001001111111010001111010,133255840,0,0.070000,0.700000
133256438,84,111000000101111001111100101011001001001001111100100010010001011001100010110000011010,133259007,0,0.140000,0.700000
133256439,83,10100000001110000101010010110100000100100111110010001001000101100101110011010110101,133259007,0,0.140000,0.700000
133256440,83,11001001100111110011110010100100010100100111010010001001000100100111011011100111111,133262188,0,0.040000,0.800000
133256442,79,0000000011011011110000000100000100100111110010001001000100100101110110001101001,133260446,0,0.033333,0.500000
133256444,83,10100000001110000101110010110100000100100111110010000001000100100101110011010110101,133235545,0,0.035000,0.600000
133256445,79,0000001011111011010010100000000100100111110010001001000100100111011011000111110,133237113,0,0.080000,0.800000
133256449,79,0100000110010101111100001000001001001001011100100010010001001001100001100010110,133262182,0,0.050000,0.500000
133256450,85,1100010001001111100111101101001000001001001101100100010010011001001110100110001111111,133240459,0,0.060000,0.600000
133256452,84,100110000001100101010100101000000001101011111100100010010001001001110100111001101001,133240459,0,0.040000,0.400000
133256453,76,0000010101010111110000001000100001100111110010001001001100100110000110001011,133262182,0,0.050000,0.500000
133256454,82,0100000001010111011111011010010001000100111110010001001000100100011111101110110101,133240459,0,0.050000,0.500000
133256461,84,111001001110111110011110011100100000100101111110010001001001000100011011111100111111,133257460,0,0.060000,0.600000
133256462,76,0000101111111111100001011010101001001111100100010010001001001010100100111001,133265303,0,0.100000,0.600000
133256463,82,1000001010100001001101101101000001001001111100100010010001001001111000101001110010,133257460,0,0.080000,0.800000
133256466,82,1101001100011100101011100101101001001011001111100100010010001001001011110110001010,133270351,0,0.025000,0.600000
133256470,79,0000000011111011010010100000000100100111110010001001000100100111011011000110110,133251035,0,0.030000,0.600000
133256471,82,1000001010100001111101101101000001001001111100100010010001001001111010111001110010,133260447,0,0.120000,0.600000
133256474,82,1101000100011100101011100101001001001001001111100100010010001001001011110110001010,133237119,0,0.024000,0.600000
133256475,82,1000000010111110111010011100000100100100111110010001001000100100111011010000101101,133257461,0,0.160000,0.800000
133256476,72,001011111111110000101101000100100111100100010010001001001010100100011001,133251044,0,0.050000,0.500000
133256492,88,0101110000011011011111110000110100100100110111110010001001000100100101101010000110001110,133257462,0,0.080000,0.800000
133256493,84,011001000100111110011110010100100000100100111110010001001001100100111011111000111111,133257462,0,0.080000,0.800000
133256494,83,11001000100111110111110010100100000100100110110010001001001100100111011011000111111,133238693,0,0.040000,1.000000
133256495,84,011100000001110011101010010110100000100100111110010001001000100100111111011000100101,133238693,0,0.040000,1.000000
133256500,76,0100100011110111100101000001001001001111100110010010001000001111110110001101,133251041,0,0.030000,0.600000
133256501,86,10010000010101000011111011011010000010010011111001000100100010010011110101110011000110,133257464,0,0.033333,1.000000
133256515,85,0110101010001110010101010010110100100100100111110010001011000100100011101001100110101,133238699,0,0.100000,1.000000
133256516,86,01001000001010110001011101101101000001001001111100100010010001001001111010111001100011,133243659,0,0.198413,1.000000
133256517,84,011001000100111110011110010100100000100100111110010001001001100100111011011000111111,133265290,0,0.070000,0.700000
133256518,83,11100010001110011101010010110100000100100111110010001001000100100111111011001110101,133238700,0,0.066667,1.000000
133256520,81,100001001110011101110010010110000100100111110010001001000100100101011011010110101,133238702,0,0.080000,0.800000
133256521,83,00000000000111101111101100001000001011001011100100010010001001001111111011101111010,133252609,0,0.070000,0.700000
133256523,81,000000101110010101110010110100000100100111110010001001000100100111111011000110000,133238706,0,0.032000,0.800000
133256524,83,11000000010111110111110010100101100100100111110010001001000100100111011011000111001,133235547,0,0.050000,0.500000
133256525,79,0000010011110111110001001111000010010010111001000100100010010010111101100010111,133255840,0,0.070000,0.700000
133256526,81,100000001010000111110110110100000100100111010010001001000100100111101011100111001,133243640,0,0.040000,0.700000
133256527,81,100000101010000111110110010100000100100111110010001001000100100111101011100110001,133235547,0,0.050000,0.500000
133256528,82,1101000100011100101011100101001001001001001111100100010010001001001011110110001010,133255840,0,0.080000,0.800000
133256529,81,100000001010000111110110110100000100100111010010001001000100100111101011100111001,133235547,0,0.060000,0.600000
133256530,84,111011000100111110011110010100000000100100111110010001001001100100111011110001111111,133270340,0,0.060000,0.600000
133256531,82,1010000001111101111100001001001001101001111100100010010001001001100110110001111110,133252612,0,0.140000,0.700000
133256532,84,111100000001110011101010010110100000100100111110010001001000100100111111011001110111,133259018,0,0.060000,0.600000
133256534,87,011001100100011110010110010100100000100100111110011001001001110100111001011000111111110,133260443,0,0.050000,0.600000
133256535,82,1000000110111110111110010100101100100100111110010001011000100100111011011000111001,133228730,0,0.028000,0.700000
133256536,81,100000101010000111110110010100000100100111110010001001000100100111101011100110001,133255841,0,0.025000,0.500000
133256537,80,00000000111110111110100101010001001001111100100010010001001001011101100011010011,133238709,0,0.100000,1.000000
133256538,83,11001000100111110111110010100100000100100110110010001001001100100111011011000101111,133268589,0,0.024000,0.600000
133256539,80,00000000111110111110100101010001001001111100100010010001001001011101100011010011,133238709,0,0.100000,1.000000
133256540,83,11110000011100111111100100000100001001001111100100010010001001001011110110101101000,133238709,0,0.100000,1.000000
133256541,83,10001001100111110011110010100100010100100111010010001001001100100111011011000111111,133255841,0,0.025000,0.500000
133256542,83,10001001100111110011110010100100010100100111010010001001001100100111011011000111111,133252607,0,0.028000,0.700000
133256543,86,11100000011011011111110000110100000100100111110010001001000100100101111010010110001111,133255841,0,0.025000,0.500000
133256544,85,1001000001010110001011101101101000001001001111100000010010101001001111010111001100011,133245518,0,0.060000,0.600000
133256545,82,1110000011100111111100100000100001001001111100100010010001001001011110110101101000,133263560,0,0.200000,1.000000
133256546,83,11100000001110011101010010110100000100100111110010001001000100100111111011001110101,133268589,0,0.032000,0.800000
133256547,85,0011000000001111001101000110110100010000100111110010001001000100100111111001001110101,133238709,0,0.050000,0.500000
133256548,76,0000010101010111110000001000100101100111110010001001001100100110000110001011,133260447,0,0.100000,0.500000
133256549,80,00000000111110111110100101010001001001111100100010010001001001011101100011010011,133238709,0,0.050000,0.500000
133256550,87,011001100100011110010110010100100000100100111110011001001001110100111001011000111111110,133255841,0,0.025000,0.500000
133256551,80,00000000111110111110100101010001001001111100100010010001001001011101100011010011,133255841,0,0.025000,0.500000
133256554,78,000000011111011010010100000000100100111110010001001000100100111011011000110110,133262182,0,0.100000,0.500000
133256555,82,1000000010111110111110010100101100100100111110010001001000100100111011011000111001,133265295,0,0.066667,1.000000
133256556,76,0000001111111111000010110101010000011111001000100100010010010101001000110011,133240460,0,0.100000,1.000000
133256557,78,000000011111011010010100000000100100111110010001001000100100111011011000110110,133255840,0,0.060000,0.800000
133256558,84,000000000011111001111101010011000010010011111001000100100110010011101111100011110011,133255840,0,0.060000,0.700000
133256559,83,01101000100111110111110010100100000100100111110010001001001100100111011011010111111,133265294,0,0.060000,0.600000
133256560,82,0100000001010111011111011010010001000100111110010001001000100100011111101110110101,133240461,0,0.050000,1.000000
133256561,86,01110100010001110010101110010110100000100100111110010001001000100100101111001000110101,133265302,0,0.040000,0.600000
133256562,76,0010001101110111001100010110100100111110010001001001100100111111011000111111,133240461,0,0.050000,1.000000
133256563,87,110010000000011100111011100100101000001001001111100100010010001001001111110010011101011,133245495,0,0.022857,0.800000
133256564,87,110010000000011100111011100100101000001001001111100100010010001001001111110010011101011,133240461,0,0.050000,1.000000
133256565,83,10100000001111010101110010110100000100100111110010001001000100101101010011010110101,133249268,0,0.024000,0.600000
133256566,85,1111010110000111000010101010110100000100100111110010001001000100100101111011000110101,133240464,0,0.100000,1.000000
133256567,78,000000001111101111100010100000100100111110010001001000100100101110110001101001,133240464,0,0.100000,1.000000
133256573,84,110011001000111100101100101001000001001101111100110010010011001001100101100011111110,133243652,0,0.040000,0.600000
133256579,83,10000000000111110011111010000110000100100111110010001001001100100111011110001111001,133243652,0,0.053333,0.800000
133256581,84,110100010001110010101010010110100100100100111110010001001000100100011101001000110101,133243652,0,0.066667,1.000000
133256584,80,01111001110011111100010001110000100100111110011001001000100100101111011000101111,133245515,0,0.020000,0.500000
133256585,82,0110000000101001100111001010100010100100111110010001001000100100111111001001110101,133257467,0,0.060000,0.600000
133256586,81,100000101010000111110110110100000100100111110010001001000100100110101111100111001,133240466,0,0.028571,1.000000
133256587,76,0010001101110111001100010110100100111110010001001001100100111111011000111111,133240466,0,0.028571,1.000000
133256588,80,00000000011111011111000010100000100100111110010001001000100100101110110001101001,133255833,0,0.032000,0.800000
133256589,82,0100000101010000111110110110100000100100111110010001001010100100111101011100110001,133240466,0,0.028571,1.000000
133256590,83,11001000100111110111110010100000000100100100110010001001001100100111011011000111111,133245515,0,0.024000,0.600000
133256591,85,0010000000011100111011100100101000001001001111100100010010001001001111110010011101011,133254146,0,0.024000,0.600000
133256592,82,0110000000101001100111001010100010100100111110010001001000100100111111001001110101,133255833,0,0.040000,1.000000
133256593,76,0000101111111111100001011010001001001111100100010010001001001010100100011001,133240467,0,0.050000,1.000000
133256595,83,11101010000111100101010101011010000010010011011001000100100010010010111111100011010,133240472,0,0.066667,1.000000
133256596,85,0000000000010100101011111111100110001001001111100100010010001001001111010110001011011,133240472,0,0.040000,0.600000
133256597,84,111000011111011110010010000110100100100111110010001001000100100101111011010110110000,133240472,0,0.066667,1.000000
133256602,83,11001001100111110011110000100100010100100111010010001001001100100111011011100111111,133247260,0,0.040000,0.600000
133256603,85,0010000000011100111011100100101000001001001111100100010010001001001111110010011101011,133247260,0,0.066667,1.000000
133256606,80,10000000111101111110100001000001001001111100100010000001001011101111100011110011,133257452,0,0.026667,0.400000
133256607,75,000101011110111100101000001001001001111100100010010001001001111110100001101,133260443,0,0.100000,0.800000
133256608,87,101110000011011011111110011110100100100111011110010001001000100100101111010000110000110,133241965,0,0.066667,1.000000
133256609,83,11001000001110011101010010110100000100100111110010001001000100100111111011001110101,133241965,0,0.066667,1.000000
133256610,83,01100100010011111001110001010010000000100111110010001001001100100111011011000111111,133241965,0,0.066667,1.000000
133256611,75,000001111011111110101010010001001001111100100010010001001001011111110001001,133241965,0,0.066667,1.000000
133256612,83,11100000001110011101010010110100000100100111110010001001000100100111111011001110101,133241965,0,0.066667,1.000000
133256613,85,1110100000001110010101100010110111000100100111110010001001000100100100111011001110101,133259004,0,0.100000,1.000000
133256614,83,10100001001110000101110010110100000100100111110010001001000100100101110101010110101,133263569,0,0.080000,0.800000
133256616,83,11101000100111100001011100101101001101001001111100100010010001001001011110110001010,133263570,0,0.100000,0.500000
133256618,80,01111001110011101000010001110000100100111110011001001000100100101111011000101111,133263570,0,0.100000,0.500000
133256619,83,10000000001110000101110000110001000100100111110010001001001100110111110101001101011,133263571,0,0.120000,0.600000
133256620,83,01000001010100101011101101101000001001001110100100010010011001001111010110001100010,133243655,0,0.120000,0.600000
133256622,83,11100000001110011101010010110100000100100111110010001001000100100111111011001110101,133255828,0,0.040000,0.600000
133256623,82,0000000000111001000111000011010100010010011111001000100100110011011111010100110101,133260444,0,0.100000,0.500000
133256624,83,11001000100111110111110010100100000100100111110010001001001100100111011011000111011,133254146,0,0.024000,0.600000
133256629,84,110101010001110110111110010110100000100100101110010001001001100100111111000000100101,133247266,0,0.030000,0.600000
133256635,82,0100000001010111011111011010010001000100111110010001001000100100011111101110110101,133257456,0,0.050000,0.500000
133256636,86,11100000011011011111110000110100000100100111010010001001000100100101111010000110001111,133235542,0,0.033333,0.500000
133256637,84,111100000001110001101010010110100000100100111110010001001000100100111101011001110101,133241972,0,0.100000,1.000000
133256638,86,01100000011011011111110000110100100100100111110010001001000101100101111010000110001111,133241973,0,0.100000,1.000000
133256639,85,1101000100011100101011100101101000001001001111100100010010000001001010110110001101011,133255839,0,0.033333,0.500000
133256640,85,1100000101010000101110110110100000101100111110010101001000100100111101011010110001010,133241973,0,0.100000,1.000000
133256641,82,1100000001011111010110110100100000100100111110010001001000100100111111101110110101,133241973,0,0.080000,0.800000
133256642,83,10110000001110010101010010100100000100110111110010001001000100100111010111001101001,133255830,0,0.033333,0.500000
133256643,86,01001000001010111001011101101101000001001001111100100010010001001001111010111001100011,133241973,0,0.100000,1.000000
133256644,82,1101000100101100101011100101101001001001001111100100010010001001001011110110001010,133241973,0,0.100000,1.000000
133256645,84,011000000011110011111100001101001101001001111100100010010001001001011110100001100011,133241973,0,0.100000,1.000000
133256646,75,000101011110111100101000001001001001111100100010010001001001111110100001101,133241973,0,0.100000,1.000000
133256647,85,1100000101010000101110110110100000101100111110010101001000100100111101011010110001010,133241973,0,0.100000,1.000000
133256648,82,1000001010100001001101101101000001001001111100100010010001001001111000101001110010,133262193,0,0.120000,0.600000
133256649,82,1010000001111101111100000001011001001001111100100010010001001001100110110001111110,133241973,0,0.100000,1.000000
133256650,85,1111110000011100100010100101001000001001001111100100010010001001001110100111001101000,133241973,0,0.100000,1.000000
133256651,83,01000010010111110111110010100101100100100111110010001001000100110111011011000111001,133241973,0,0.100000,1.000000
133256652,83,10001001100111110011110010100100010100100111010010001001001100100111011011000111111,133241973,0,0.100000,1.000000
133256653,80,00000100111110111110000101000001001001111100100010010001001000011111100011010010,133241973,0,0.050000,0.500000
133256654,85,1100000101010000101110110110100000101100111110010101001000100100111101011010110001010,133259008,0,0.050000,0.500000
133256655,82,1000000010111010111110011100000100101100111111010001001001100100111011011000101101,133241973,0,0.100000,1.000000
133256656,82,1101000100101100101011100101101001001001001111100100010010001001001011110110001010,133262193,0,0.120000,0.600000
133256657,84,110011001000111100101100101001000001001101111100110010010011001001100101100011111110,133259008,0,0.060000,0.600000
133256658,86,11100000011011011110110000110100000100100111110010001001000100100101111010000110001111,133245504,0,0.040000,0.600000
133256659,77,00100111010101110010100101100000100111110010001001001100100111111011001111011,133241974,0,0.050000,1.000000
133256660,83,11100000001110011101010010110100000100100111110010001001000100100111111011001110111,133241975,0,0.066667,1.000000
133256661,86,01000000100011111001111101000011000010010011111001000100100110010011101110100011110011,133268588,0,0.030000,0.600000
133256662,76,0000000011101111010001011000010000011111001000100100110010011101101100011101,133241975,0,0.066667,1.000000
133256663,79,0000000011111011010010100000000100100111110010001001000100100111011011000110110,133241975,0,0.066667,1.000000
133256664,88,0101110100011011011111110000110100100100110111110010001001000100100101101010000110001110,133238693,0,0.028000,0.700000
133256672,83,00100000001111101111110101001000101001001111100110010010011001001110111110001111001,133243640,0,0.040000,1.000000
133256673,77,00000010101010111110000001000100101100111110010001001001100000110000110001011,133251031,0,0.020000,0.500000
133256674,82,1000000001110111101010010110100010100100111110010001001000100100111111001000110101,133243640,0,0.040000,1.000000
133256679,86,11001000001011100001111101101101000001001001111000110010010000001001111010111000100011,133243643,0,0.100000,1.000000
133256680,75,000100011010111100101000001001000001111100100010010001001001111110110001101,133257452,0,0.040000,0.600000
133256681,82,0100000000111010011111010100110000101001111100100010010011001001110111110001111001,133240460,0,0.060000,0.600000
133256682,79,0000001011111011010010101000000100100111110010001001000100100111011011000111110,133235537,0,0.080000,0.800000
133256683,82,0100010100111101111110001000111000010010011111001000100100010010010111101100010111,133260451,0,0.060000,0.600000
133256684,83,10001001100111110011110010100100010100100111010010001001001100100111011011000111111,133227178,0,0.070000,0.600000
133256685,85,1001000001010100001011000100101000000001001111100100010010001001111111010111001100010,133243645,0,0.100000,1.000000
133256686,82,1101001100111100101011100101101001001011001111100100010010001001001011110110001010,133227178,0,0.070000,0.500000
133256687,82,1000001010100001011101101001000000001001111100100010010001001001111000101001100010,133243645,0,0.100000,1.000000
133256688,82,1100001010100001111101100101000001001001111100100010010001001101111010011001100011,133263571,0,0.100000,0.500000
133256689,82,0100000000111010111110000010100000000100111110010001001000100000111110110000101001,133263571,0,0.080000,0.400000
133256690,84,111000000101111001111100111001001001001001111100100010010001001001100110110000011011,133260446,0,0.053333,0.500000
133256693,84,101010001000111010101110010110100000100100111110010001001000100100101011011000110101,133251044,0,0.060000,0.600000
133256694,75,000000111111111100001011010101000001111100100010010001001001010100100011001,133240462,0,0.060000,0.600000
133256695,84,100001101001111100111101101001010001001001101100100010010001001001111111010001111010,133251044,0,0.060000,0.600000
133256696,76,0000010101010111110000001000100101100111110010001001001100100110000110001011,133243650,0,0.066667,1.000000
133256697,79,0000000110101011100101001011001001001111100100010010011001001111110110001111111,133243650,0,0.066667,1.000000
133256698,75,000100011010111100101000001001000001111100100010010001001001111110110001101,133243650,0,0.066667,1.000000
133256699,84,100001101000111100111101101001010001001001101100100010010001001001111111010001111010,133243650,0,0.066667,1.000000
133256700,81,100000001011111011110110100100000100100111110010001001000100100111111101110110101,133240462,0,0.060000,0.600000
133256701,85,1001001001010100001111101101101000001001001111100100010010001001001111010111001100011,133240461,0,0.025000,0.500000
133256702,82,1110000011100111111100100000100001000011111100100010010001001001011110110101101000,133243653,0,0.100000,1.000000
133256703,79,0000000110101011100101001011001001001111100100010010011001001111110110001111111,133259006,0,0.060000,0.600000
133256704,86,01110100010001110010101110010110100000100100111110010001001000100100101111011000110101,133243653,0,0.100000,1.000000
133256705,77,00000101111111111100001011010001001001111100100010010001001001010100110011001,133254158,0,0.080000,0.800000
133256706,76,0101000111001111001010010010010010011111001000100100000010011111101100011011,133254158,0,0.070000,0.700000
133256707,83,11001000100111110111110010100100000100100111110010001001001100100111011011010111111,133243655,0,0.200000,1.000000
133256708,84,111010001000111010101110110110100000100100111110010001001000100100101011011000110101,133240460,0,0.100000,1.000000
133256709,78,100000101010101111100000010001001011001111100100010010001001001100001110010110,133243657,0,0.100000,1.000000
133256710,83,11101010000111100101010101011010000010010011011001000100100010010010111111100011010,133243660,0,0.066667,1.000000
133256711,83,00000001001010010101111111110011010100100111110010001101000100100111100110001011011,133243661,0,0.050000,1.000000
133256712,83,00100000101010001111110110010100001100100111110010001001000010100111101011100110001,133263566,0,0.033333,0.500000
133256715,81,010000000111001010111001011010000010010011111001000100110010010010111001101011001,133263557,0,0.020000,0.500000
133256716,88,0101110000011011011111110000110100100100110111110010001001000100100101101010000110001110,133263557,0,0.020000,0.500000
133256718,86,01100110010001111001011001010010000010010011111001100100100110010011100101100011111110,133245496,0,0.200000,1.000000
133256719,83,10000000101011101111100101011001001001001111100100010010001001001110110100001111110,133245496,0,0.200000,1.000000
133256720,76,0000000011101111010001011000010010011111001000100100110010011101101100011101,133245496,0,0.200000,1.000000
133256721,83,10000000101011101111101101011001001001001111100100010010001001001110110100001111110,133265305,0,0.040000,0.600000
133256722,84,110010011001111100111100101001000101001001110100100010010011001001110110111001111111,133245496,0,0.200000,1.000000
133256723,81,100000101010000111110110010100000100100111110010101001000100000111101011100110001,133225410,0,0.120000,0.600000
133256724,76,0000000011101111010001011000010010011111001000100100110010011101101100011101,133245496,0,0.200000,1.000000
133256725,82,1000000010111110111110011100100100100100111110010001001100100100111011011000101101,133254150,0,0.070000,0.700000
133256726,81,000000011110111111010100100000100100111110010001001000100100111011111000111100110,133254150,0,0.080000,0.800000
133256727,79,0000010011110111110001001111000010010010111001000100100010010010111101100010111,133245496,0,0.200000,1.000000
133256729,82,1000000001111011101010110110100010100100111110010001001000100100111111001001110101,133233871,0,0.066667,1.000000
133256731,88,0101110000011011011111110000110100100100110111110010001001000100100101101010000110001110,133233871,0,0.046667,0.700000
133256733,83,11100000001110011101010010110100000100100111110010001001000100100111111011001110111,133233871,0,0.053333,0.800000
133256734,84,111000011111011110010010000110100100100111110010001001000100100101111011010110110000,133265297,0,0.066667,1.000000
133256737,74,00000000111011111101010110000100100111111010001001011100000111010110001110,133233871,0,0.033333,0.500000
133256739,86,11101000011011111111110000110100000100110111110010001001000100100101111010010110001111,133249265,0,0.050000,0.600000
133256740,81,100000101010000111110110010100000100100111110010001001000100100111101011100110001,133249265,0,0.060000,0.700000
133256742,83,01110000001100011000110010110100000100100111110010001001000100100011111001001110101,133249258,0,0.040000,0.600000
133256743,83,11001001100111110011110010100100010100100111010010001001001100100111011011100111111,133249258,0,0.033333,0.500000
133256744,85,1100010001001111100110101101001000001001001101100100010010011011001110100110001111111,133245502,0,0.200000,1.000000
133256745,76,0000010101010111110000001000100101100111110010001001001100100110000110001011,133245502,0,0.200000,1.000000
133256747,84,010001100000110010101010000010100000100100111110010001001000100100101111000010101011,133255827,0,0.033333,0.500000
133256748,83,10000001001101000111101100001000001001011101100100010010001001001111110010001111011,133255839,0,0.066667,0.500000
133256749,85,0000000010010100101011111111100110101001001111100100011010001001001111010110001011011,133255839,0,0.066667,0.600000
133256751,77,10010001101110111001100010110100100111110000001001001100100111111011000111111,133245503,0,0.066667,1.000000
133256754,83,10100000001110010101110010110100000100100111110010001001100100100101110011010110101,133255827,0,0.033333,0.500000
133256755,83,10100000001110010101110010110100000100100111110010001001100100100101110011010110101,133262188,0,0.035000,0.700000
133256756,87,011100000011011011111110000110100000100100111110010001001000100100101110010000110001111,133262188,0,0.040000,0.800000
133256757,87,011100000011011011111110000110100000100100111110010001001000100100101110010000110001111,133245503,0,0.040000,0.600000
133256759,81,100000101010000111110110010100000100100111110010101001000100100111101011100110001,133262188,0,0.035000,0.700000
133256760,83,11001000100111110111110010100100000100100111110010001001001100100111011011010111111,133241974,0,0.030000,0.600000
133256761,80,01111001110011101000010001110000100100111110011001001000100100101111011000101011,133241974,0,0.030000,0.600000
133256762,81,100000001011111011111011010011000000100111110010001001000100100111111101110110101,133245504,0,0.066667,1.000000
133256763,81,100000001011111011111011010011000000100111110010001001000100100111111101110110101,133241976,0,0.040000,0.600000
133256764,81,100000001011111011111011010011000000100111110010001001000100100111111101110110101,133251035,0,0.030000,0.600000
133256765,83,11001000100111110111110010100100000100100111110010001001001100100111011011010111111,133245504,0,0.066667,1.000000
133256766,80,01111001110011101000010001110000100100111110011001001000100100101111011000101011,133245504,0,0.066667,1.000000
133256767,80,01111001110011101000010001110000100100111110011001001000100100101111011000101011,133245504,0,0.066667,1.000000
133256768,83,11001000100111110111110010100100000100100111110010001001001100100111011011010111111,133251036,0,0.040000,0.600000
133256769,83,11001000100111110111110010100100000100100111110010001001001100100111011011010111111,133245504,0,0.066667,1.000000
133256771,83,11001000100111110111110010100100000100100111110010001001001100100111011011010111111,133245504,0,0.066667,1.000000
133256773,81,100000001011111011111011010011000000100111110010001001000100100111111101110110101,133245504,0,0.066667,1.000000
133256774,83,11001000100111110111110010100100000100100111110010001001001100100111011011010111111,133241974,0,0.030000,0.600000
133256775,81,100000001011111011111011010011000000100111110010001001000100100111111101110110101,133241976,0,0.040000,0.600000
133256777,80,01111001110011101000010001110000100100111110011001001000100100101111011000101011,133266901,0,0.033333,0.500000
133256778,81,100000001011111011111011010011000000100111110010001001000100100111111101110110101,133241976,0,0.040000,0.600000
133256779,84,010000000011101001111101010011000010010011111001000100100110010011101111100011110011,133266892,0,0.030000,0.700000
133256780,78,000100011010101110010100101110100100111110010011001000100100111111001000111111,133255842,0,0.100000,0.500000
133256781,82,1101000100011100101011100101001001001001001111100100010010001001001011110110001010,133247252,0,0.025000,0.500000
133256782,82,1000001110110000011101101101000001001001111100100010010101001001111010111001000011,133257455,0,0.025000,0.700000
133256783,85,0100000001011111011111011010010000010010011111001000100100010010011111110111011010111,133247252,0,0.025000,0.500000
133256784,83,11001001100111110011110010100100010100100111010010001001001100100111011011100111111,133227178,0,0.060000,0.600000
133256785,85,1111110000011100100010100101001000001001001111100100010010001001001110100111001101000,133249263,0,0.028000,0.700000
133256786,85,0110010001001111101111100101001000001001001111100100010010011001001110110110001111111,133245506,0,0.040000,1.000000
133256787,85,1001001001010100001011101101101000001001001111100100010010001001001111010111001100011,133268597,0,0.020000,0.600000
133256789,84,111100000001110001101010010110100000100100111110010001001000100100111101011001110101,133252610,0,0.024000,0.600000
133256790,83,11100000001110011101010010110100000100100111110010001001000100100111111011001110101,133245506,0,0.040000,1.000000
133256791,76,0000010101010111110000001000100101100111110010001001001100100110000110001011,133245506,0,0.040000,1.000000
133256792,76,0000101111111111100001011010101001001111100100010010001001001010100100011001,133268599,0,0.033333,0.500000
133256793,81,100000101010000111110110010100000100100111110010001001000100100111101011100110001,133268609,0,0.050000,0.800000
133256794,83,11000000001111011101000110010100010101100111110010001001000100100111011001001110101,133245508,0,0.050000,1.000000
133256797,82,1000000010111100111110010100101100100100111110010001001000100100111011011000111001,133240476,0,0.060000,0.600000
133256799,83,01100000001110010001110010110100000100101111110010001001000100100111111001001110101,133245511,0,0.050000,1.000000
133256800,80,00000000011111011111000010100000100100111110010001000000100100101110110001101001,133245511,0,0.050000,1.000000
133256801,76,0010011101010111001010010110000010011111001000100100110010011111101100011101,133257451,0,0.120000,0.600000
133256802,83,01000001010100101011101101101000001001001110100100010010011001001111010110001100010,133240464,0,0.050000,0.500000
133256806,76,0000011001010111110000100000100100100101100010001001000100100110000110001011,133243643,0,0.050000,0.500000
133256807,75,000100011100101101101000001001001001111100100010010000001001111110110001101,133257450,0,0.060000,0.600000
133256808,87,011100000011011011111110000110100000100101111110010001001000100100101110010000110001111,133265289,0,0.035000,0.700000
133256809,74,00000011101101010101011000010010011101001000100100110010011101101100011101,133245513,0,0.030000,0.600000
133256810,76,0010001101110111001100010110100100111110010001001001100100111111011000111111,133243654,0,0.030000,0.600000
133256812,80,10000000111101111110100001000001001001111100100010000001001011101111100011110011,133249265,0,0.060000,0.600000
133256814,82,1000000010100001111101101101000001001001111100100010010001001001111010111001110010,133228730,0,0.032000,0.800000
133256815,81,100000101010000111110110010100000100100111110010101001000100100111101011100110001,133268589,0,0.028000,0.700000
133256816,85,0010000010011100111011100100101000001001001110100100010010001001001111110010011101011,133263560,0,0.160000,0.800000
133256817,83,01000010010111110111110010100101100100100111110010001001000100010111011011000111001,133245518,0,0.100000,1.000000
133256818,83,11001001100111110011110010100100010100100111010010001001001100100111011011100111111,133245518,0,0.100000,1.000000
133256819,81,100000101011000001110110100100000100100111110010001001000000100111101011000100001,133254154,0,0.060000,0.500000
133256820,81,110100000010111011111000010010010000100111110010001001000100100110011011000111110,133270344,0,0.100000,0.800000
133256821,83,11100000001110011101010010110100000100100111110011001011000100100111111001001010101,133249265,0,0.060000,0.600000
133256822,79,0000001011111011010010100000000100100111110010001001000100100111011011000111110,133245518,0,0.080000,0.800000
133256823,85,0110010001001111101111100101001000001001001111100100010010011001001110110110001111111,133263560,0,0.160000,0.800000
133256825,82,1000000010111110111110010100101100100100111110010001001000000100111011011000111001,133268602,0,0.100000,0.500000
133256827,86,10010000010101000010111011011010000010010011111001000100100010010011110101100011000111,133247253,0,0.100000,0.500000
133256828,84,110101010001110010101010010110100100100100111110010001001000100100011101001000110101,133247255,0,0.040000,1.000000
133256829,83,11101010000011100101010101111010000000010011111001000100100010010010111101100011010,133268604,0,0.040000,0.800000
133256830,84,111001000100111110011110010100000000100100111110010001001001100100101011011000111111,133257454,0,0.024000,0.600000
133256831,84,110000001101101111111000011010000010010111110010001001000100100101111010000110001111,133270346,0,0.066667,0.500000
133256832,83,10100000001110010101110010110100000100100111110010001001000100101101110011010110101,133247256,0,0.066667,1.000000
133256833,83,11100000001110011101010010110100000100100111110010001001000100100111111011001110101,133270346,0,0.066667,0.800000
133256834,83,10000000101011101101100101011001001001001111100100010010001001001110110100001111110,133270346,0,0.066667,0.800000
133256835,83,01000000010111110111110110100100000100100111110010001001000100100111111101110110101,133260450,0,0.100000,0.600000
133256836,86,11100000011011011111110000110100000100100111110010001001000100100101111010010110001111,133265300,0,0.040000,0.600000
133256837,84,011001000100111110111110010100100000100100111110010001001001100100111011011000111111,133265300,0,0.046667,0.700000
133256838,79,0000000011111011010010100000000100100111110010001001000100100111011011000110110,133247257,0,0.100000,1.000000
133256840,82,1110000011110111101100100000100001001011111100100010010001001001011010110111101000,133268605,0,0.070000,0.700000
133256841,83,11001000100111110111110010100100000100100110110010001001001100100111011011000111111,133252608,0,0.060000,0.700000
133256842,82,0100100001010010101110011110100000100100111110010001001000100100101111110000111101,133266894,0,0.030000,0.600000
133256844,80,00000000111110111110100101010001001001111100100010010001001001011101100011010011,133268606,0,0.080000,0.800000
133256846,80,00000000011111111111000010100000100100111110010001001000100100101110110011101001,133247265,0,0.066667,1.000000
133256847,82,1000000011111101111100010010000100100111110010001001001100101111011011000110011011,133249268,0,0.024000,0.600000
133256848,83,10000000101011101111100101011001001001001111100100010010001001001110110100001111110,133254148,0,0.160000,0.800000
133256849,77,00000000111110111110001010000010010011111001000100000010010010111011000110000,133255840,0,0.070000,0.700000
133256851,83,10000000101011101111100101011001001001001111100100010010001001001110110100001111110,133254148,0,0.160000,0.800000
133256852,83,11001001100111110011110010100100010100100111010010001001001100100111011011100111111,133254148,0,0.140000,0.700000
133256855,83,10100000001100010101110010110100000100101111110010001001001100100101110011010110101,133265303,0,0.120000,0.600000
133256858,83,00000110011110111111110100000000100100110110010001001000100100111011111000111100110,133249259,0,0.033333,0.500000
133256859,76,0000000011101111010001011000010000011111001000100100110010011101101100011101,133243650,0,0.040000,0.600000
133256860,86,11100000011011011110110000110100000100100111110010001001000100100101111010000110001111,133230488,0,0.160000,0.800000
133256861,76,0000000011101111010001011000010000011111001000100100110010011101101100011101,133230488,0,0.120000,0.600000
133256864,86,01100110010001111001011001010010000010010011111001100100100110010011100101100011111110,133230488,0,0.120000,0.600000
133256865,76,0000000011101111010001011000010000011111001000100100110010011101101100011101,133260455,0,0.053333,0.800000
133256867,83,01000010010111110111110010100100100100100111110110001001001100100111011011000111101,133249258,0,0.066667,1.000000
133256868,86,01100000011001011111110000110100100100100111110010001001000101100101111010000110001111,133230486,0,0.050000,0.500000
133256869,83,10000000001110000101110000110101000100100111110010001001001100110111110101001101011,133262196,0,0.100000,0.500000
133256870,85,1001001001010100001011101101101000001001001111100100010010001001001111010111001100011,133249259,0,0.066667,1.000000
133256871,82,1000000001110111101010010110100010100100111110010001001000100100111111001000110101,133257466,0,0.050000,0.500000
133256872,83,10000001001101000111101100001000001001001101100100010010001001001111110010001111011,133249263,0,0.040000,1.000000
133256873,82,1101001100011100101011100101101001001011001111100100010010001001001011110110001010,133249263,0,0.040000,1.000000
133256874,82,1100000001011111011110110100100000100100111110010001001000100100111111101110110101,133255840,0,0.060000,0.800000
133256875,84,000000000011111001111101010011000010010011111001000100100110010011101111100011110011,133255842,0,0.120000,0.600000
133256878,83,10000000000111110011111010000110000100100111110010001001001100100111011110001111001,133249267,0,0.100000,1.000000
133256879,80,01101001110011111100010001110000101100111110011001001000100100101111011000101111,133235545,0,0.030000,0.500000
133256882,73,0000011110111011101010100100100100111110010001001001100100001111111000110,133249271,0,0.060000,0.600000
133256883,84,101000000011100101011100101101000001001001111100100110010001001001011100110101101010,133232168,0,0.050000,0.500000
133256884,84,011000000001111011101000110110100010101100111110010001001000100101111111001001110101,133232168,0,0.040000,0.400000
133256885,76,0000010101010111110000001000100101100111110010001001001100100110000110001011,133249271,0,0.050000,0.500000
133256886,83,11010001000111001010111001010010010110010011111001000100100010010010111101100010100,133259019,0,0.050000,0.500000
133256887,78,000100011010101110010100101110100100111110010011001000100100111110011000111111,133243661,0,0.025000,0.500000
133256888,83,11001000100111110111110010000100000100100110110010001001001100100111011011000111111,133263566,0,0.040000,0.600000
133256889,81,100000101010000111110110010100000100100111110010001001000100100111101011100110001,133251035,0,0.030000,0.600000
133256890,86,01110100010001110010101110010110100000100100111110010001001000100100101111011000110101,133251029,0,0.066667,1.000000
133256891,86,11100000011011011111110000110100000100100111110010001001000100100101111010000110001011,133251029,0,0.066667,1.000000
133256892,79,0000000110101011100101001011001001001111100100010010011001001111110110001111111,133251029,0,0.066667,1.000000
133256893,84,011000000011110111111100001101001001001001111100100010010001001001011110100001100011,133251035,0,0.030000,0.600000
133256894,81,100000101010000101110110010100000100100111110010001001000100100111101011100110001,133252607,0,0.032000,0.800000
133256895,76,0000001001010111110000100000100100100111110010001001000100100110000110001011,133260443,0,0.160000,0.800000
133256896,83,10111000001110010101010010100100000100100111110010001001000100100101010111001101001,133251030,0,0.040000,1.000000
133256897,82,0111000001111011110110000000010000100100111100010001001000100100111111111010101000,133245518,0,0.070000,0.700000
133256899,86,11100000011011011111110000110100100100100111110010001001000100100101111010000110001111,133252607,0,0.032000,0.800000
133256900,81,100000001110101111101001001000001001001111100110010010001001001101110010001111001,133252607,0,0.028000,0.700000
133256903,86,11010100010001110101011100101101000001001001111100100010010001001001010110100001101011,133243652,0,0.066667,1.000000
133256905,73,0010001110011100010100000100100100111110010001011000000100111111011000110,133251030,0,0.040000,1.000000
133256907,75,000100011100111110101000001001001001111100100010010010001001111110110001101,133241964,0,0.120000,0.700000
133256908,79,0000000110101011100101001011001001001111100100010010011001001111110110001111111,133243640,0,0.028000,0.700000
133256909,82,1000000010111110111110010100101100100100111110010001001000100100111011011000111001,133251031,0,0.040000,1.000000
133256910,83,00100000101010001111110110010100001100100111110010001001000010100111101011100110001,133243640,0,0.024000,0.600000
133256911,81,010000000111001010111001011010000010010011111001000100110010010010111001101011001,133251031,0,0.040000,1.000000
133256912,80,10100010001110010101110010110100100100100111110010001001000100100101110110001010,133262191,0,0.100000,0.600000
133256913,83,10100000001110000101110010110100000100100111110010000001000100100100110011010110101,133251031,0,0.020000,0.500000
133256914,81,000000011110111111010100100000100100101110010001001000100100111011111000111100110,133243640,0,0.028000,0.700000
133256915,81,100000001111110111010001001000010010011111001000100100110010111101101100011001101,133251031,0,0.040000,1.000000
133256917,82,0010110000111001010101001011010010010010011111001000100100000010010111010000110101,133238706,0,0.028000,0.700000
133256918,82,1000000010111110111110010100101100100101111110010001001000100100111011011000111001,133243640,0,0.028000,0.700000
133256921,82,1000000010111110111110010100101100100100111110010001011000100100111011011000111001,133265298,0,0.040000,0.600000
133256922,82,1000000001110111101010010110100010100100111110010001001000100100111111001000110101,133225394,0,0.080000,0.800000
133256926,81,100000001111110111110001001000010010011111001000110100110010111101101100011001101,133251034,0,0.066667,1.000000
133256927,83,11100000001110011101010010110100000100100111110010001001000100100111111011001110101,133240467,0,0.030000,0.600000
133256928,76,0000010111010111110000001000100001100111110010001001001100100110000110001011,133251029,0,0.040000,0.600000
133256929,84,111001000100111110111110010100100000100100111110010001001001100100111011011000111111,133251036,0,0.066667,1.000000
133256930,79,0000000110101011100101001011001001001111100100010010011001001111110110001111111,133251036,0,0.066667,1.000000
133256931,76,0000001011101111110101011000010010011111101000100100110000011101111100011101,133241976,0,0.033333,0.500000
133256932,84,101100100001110011001010010110100000100000111110110001001000100100111111001001110101,133251037,0,0.066667,1.000000
133256933,86,11100000011011111111110000110100000110100111110010001001000100100101111010010110001111,133257456,0,0.050000,0.500000
133256934,83,10100000001110010101110010110100000100100111110010101001000100100101110011010110101,133251037,0,0.066667,1.000000
133256935,86,10100000011011011111110000110100000100100111110010001001000100100101011010010110001111,133251037,0,0.066667,1.000000
133256936,77,00000000111110111110001010000010010011111101000100110010010010111011010110100,133251037,0,0.046667,0.700000
133256937,83,00000000001110010101110000110101000110100111110010001001001100110111110101001101011,133245493,0,0.120000,0.600000
133256938,83,11001000100111110011110010100100000100100111110010001101001100100111011011010111111,133251038,0,0.040000,1.000000
133256939,75,000001111011011110101010010001001001111100100010010011001001011111110001101,133252610,0,0.024000,0.600000
133256940,83,11101010000011100101010101011010000010010011111001000100100010010010111101100011010,133245506,0,0.024000,0.600000
133256941,75,000001111011011110101010010001001001111100100010010011001001011111110001101,133249263,0,0.024000,0.600000
133256942,87,011001100010011111001111011010010000010010011011001000100100110010011101001100011111110,133270339,0,0.060000,0.600000
133256943,83,10000000000111110011111010000110000100100111110010001001001100100111011110001111001,133249263,0,0.024000,0.600000
133256944,84,101000010011110111011100100001100000001001111100100010000011001001010100110101100011,133265305,0,0.040000,0.600000
133256945,83,01000010011110111011100100001100000001001111100100010000011001001010100110101100011,133251039,0,0.066667,1.000000
133256947,87,101001000001010110001011101101101000001001001111100100010010001001001111010111001100011,133251040,0,0.200000,1.000000
133256948,84,011100000001110011101010010110100000100100111110010001001000100100111111011000100101,133251040,0,0.200000,1.000000
133256949,84,110110000011100101010100101001000001001001111101100010010001001001110100111001101000,133251040,0,0.200000,1.000000
133256950,79,1000000010101110111101101001100100010011111001000100100010010001111110111011010,133270353,0,0.200000,0.500000
133256951,79,0000100100001101011100101101001001001001111100100010010001001001110101110001110,133270353,0,0.200000,0.600000
133256952,81,100000101010000111110110010100000100100111110010001001000100100111101011100110001,133270353,0,0.200000,0.600000
133256953,84,011001010100111110011110010100100000100100111110010001001001100101101011011000111111,133270353,0,0.200000,0.600000
133256954,83,10100000001110010101110010110100000100100111110010001001000100100101010011010110101,133270353,0,0.200000,0.600000
133256955,82,1101000100011100101011100101001001001001001111100100010010001001001011110110001010,133257464,0,0.033333,1.000000
133256957,83,11010000001111101111100001001001001001001111100100010010001001001100110110001110110,133260448,0,0.040000,0.600000
133256958,83,11010000001111101111100001001001001001001111100100010010001001001100110110001110110,133259006,0,0.032000,0.500000
133256959,82,0100000000111010111110000010100000100100111110010001001000100000111110110000101001,133251042,0,0.200000,1.000000
133256960,78,001001001111101111100001010000010010011111001000100100010010000110011000110100,133251042,0,0.200000,1.000000
133256961,82,1000001010110101011101111101000001001001111100100110010001001001111110110101100010,133251042,0,0.200000,1.000000
133256962,82,1000000010111110111110011100100100100100111110010001001100100100111011011000101101,133240467,0,0.025000,0.500000
133256963,78,001100011100111110011100111010100101111110010001001000100100111010011000111111,133265305,0,0.033333,0.500000
133256964,81,100000101010000101110110010100000100100111110010001001000100100111101011100110001,133245496,0,0.160000,0.800000
133256965,78,000100011010101110010100101110100100111110010011001000100100111111001000111111,133254150,0,0.080000,0.800000
133256966,83,10000000101011101111101101011001001001001111100100010010001001001110110100001111110,133251042,0,0.200000,1.000000
133256967,83,11101010000111100101010101011010000010010011011001000100100010010010111111100011010,133265305,0,0.040000,0.600000
133256968,83,11101010000111100101010101011010000010010011011001000100100010010010111111100011010,133251042,0,0.200000,1.000000
133256969,82,0100000000111010111110000010100000100100111110010001001000100000111110110000101001,133245496,0,0.140000,0.700000
133256970,81,110100000011101011111000010010010000100111110110001001000100100100011011000110110,133251042,0,0.160000,0.800000
133256971,83,11001000100111110111110010100100000100100110110010001001001100100111011011000101111,133251042,0,0.200000,1.000000
133256972,82,1001001000100001011111101101000001001001111100100010010001011001101010111001100011,133254150,0,0.070000,0.700000
133256973,82,1000000010111110111110010100101100100100111110010001001000100100111011011000111011,133254150,0,0.080000,0.800000
133256974,81,100000001010000111110110110100000100100111110010001001000100100111101011100111001,133247260,0,0.066667,1.000000
133256975,80,01000010101000011111011001010000010010011111001000100100001111011110101110011000,133252596,0,0.100000,1.000000
133256976,83,10100000001110011101010000110100000100100111110010001001000100100111101001001110101,133252596,0,0.100000,1.000000
133256978,83,01100000001110010001110010110100000100101111110010001001000100100111111001001110101,133262191,0,0.080000,0.500000
133256979,84,111001000100111110111110010100100000100110111110010001001001100100111011011000111111,133243640,0,0.024000,0.600000
133256980,82,1101000100011100101010100101101001001000001111000100010010001001001011110110001010,133252596,0,0.100000,1.000000
133256982,83,10000000000111110011111010000110000100100111110010001001001100100111011110001111001,133251042,0,0.120000,0.600000
133256984,85,0110010001001111101111100101001000001001001111100100010010011001001110110110001111111,133255834,0,0.060000,0.600000
133256987,76,0000011001010111110000100000100100100101100010001001000100100110000110001011,133251042,0,0.100000,0.500000
133256991,81,100000101011000000110110100100000100100111110010001001000000100111101011100100001,133260445,0,0.028000,0.600000
133256992,83,11000000001111011101000110010100010101100111110010001001000100100111011001001110101,133254149,0,0.033333,0.500000
133256993,83,10000000101011101111100101011001001001001111100100010010001001001110110100001111110,133252599,0,0.100000,1.000000
133256994,86,01110100010001110010101110010110100000000100111110010001001000100100101111001000110101,133235542,0,0.040000,0.600000
133256995,82,0000000111101111110100001000001001001111100100010010001001001010111110001111001101,133230500,0,0.040000,0.600000
133256996,80,00000000011111011111000010100000100100111110010001001000100100101110110001101001,133252599,0,0.100000,1.000000
133256997,84,011101000100011100101011100101101000010010011111001000100100010010010111001100011010,133235542,0,0.040000,0.600000
133256998,81,000000000111001010101000001010100100100111110010001001001100110111110101001101001,133241975,0,0.030000,0.600000
133256999,83,10000000101011101111100101011001001001001111100100010010001001001110110100001111110,133252600,0,0.100000,1.000000
133257000,83,01000001010100101011101101101000001001001110100100010010011001001111010110101100010,133259004,0,0.070000,0.700000
133257001,82,0100000101010001111110110010100001100100111110010001001000010100111101011100110001,133235544,0,0.030000,0.600000
133257002,76,0000010101010111110000001000100001100111110010001001001100100110000110001011,133252601,0,0.066667,1.000000
133257003,79,0000000110101011100101001011001001001111100100010010011001001111110110001111111,133252601,0,0.066667,1.000000
133257006,76,0000001001010111110000100000100100100111110010001001000100100110000110001011,133252601,0,0.066667,1.000000
133257008,83,10100000001110010101110010110100000100100111110010001001000100101101110011010110101,133252603,0,0.100000,1.000000
133257009,84,010000000101111101111101101001000001001001111100100010010011001001111111011101101011,133252603,0,0.100000,1.000000
133257010,77,00000000111110111110001010000010010011111001000100100010010010111011000110100,133252603,0,0.100000,1.000000
133257011,88,1101110000011011011111110000110100101100110111110010001001000100100101101010000110001110,133232157,0,0.033333,0.500000
133257012,82,1100000101011000001110110110100000100100111110010001000000100100111101011100100001,133252604,0,0.050000,1.000000
133257013,82,1100000101011000001110110110100000100100111110010001001000100100111101011100100001,133268588,0,0.030000,0.600000
133257014,82,1100000101011000000110110110100000100100111110010001001000100100111101011100100001,133252604,0,0.040000,0.800000
133257015,83,10100000001100010101110010110100000100100111110010001001001100100101110011010110101,133252605,0,0.050000,1.000000
133257016,83,11000000011100111111000100100000100100111110010001001000100100111011111000111100110,133252605,0,0.050000,1.000000
133257017,83,10000000000111110011111010000110000100100111110010001001001100100111011110001111001,133257451,0,0.024000,0.600000
133257018,77,00000000111110111110001010000010010011111001000100100010010010111011000111100,133252605,0,0.050000,1.000000
133257019,81,110100000011101011111000010010010000100111110110001001000100100100011011000111110,133257465,0,0.033333,0.500000
133257020,83,10000000000111110011111010000110000100100111110010001001001100100111011110001111001,133243657,0,0.070000,0.700000
133257021,83,11001000100111110111110010100100000110100110110010001001001100110111011011000111111,133252605,0,0.050000,1.000000
133257023,81,110000001111110111110001001000010010001111001000110100110010111101101100011001101,133252605,0,0.050000,1.000000
133257024,86,01110100010001110010101110010110100000100100111110010001001000100100101111001000110101,133255828,0,0.066667,0.600000
133257025,81,000000101110010101110010110100000100100111110010001001000100100111111011000110000,133245514,0,0.033333,0.500000
133257026,83,10111000001110010101010010100100000100100111110010001001000100110111010111001101001,133243657,0,0.080000,0.800000
133257027,83,10000000101111101111100111001001001001001101100100010010001001001110110110001011010,133255837,0,0.060000,0.600000
133257028,83,00100000001111101111110101001000101001011111100110010010011001001110111110001111001,133252606,0,0.100000,1.000000
133257029,84,101110000011100101010100101001000001001001111100100010010001001001110101110011010011,133247265,0,0.040000,0.600000
133257030,83,00100000001111101111110101001000101001001111100110010010011001001110111110001111001,133247265,0,0.040000,0.600000
133257031,83,10000000001110000101110000110101000100100111110010001001001100110111110101001101011,133252606,0,0.100000,1.000000
133257032,84,111001000100111110111110010100100000100100111110010001001001100100111011011000111111,133252606,0,0.060000,0.600000
133257033,83,01000001010100101011101101101000001001001110100100010010011001001111010110001100010,133252606,0,0.060000,0.600000
133257034,83,00100000001111101111110101001000101001001111100110010010011001001110111110001111001,133255837,0,0.060000,0.600000
133257035,83,11100000001110011101010010110100000100100111110010001001000100100111111011001110101,133247265,0,0.040000,0.600000
133257036,83,10100000001110010101110010110100000100100111110010001001000100100101110011010110101,133247265,0,0.040000,0.600000
133257037,83,00100000000111101111110101001000101001011111100110010010011001001110111110001111001,133259003,0,0.050000,0.500000
133257038,76,0010011101010111001010010110000010011111001000100100110010011111101100011101,133252606,0,0.100000,1.000000
133257039,81,100000001111110111010001001000010010011111001000100100110010111101101100011001101,133259003,0,0.060000,0.600000
133257040,82,1000000010111110111110010100101100100100111110010001001000100100111011011000111001,133259003,0,0.060000,0.600000
133257041,82,1000000110111110111110010100101100101100111110010001001000100100111011011000111001,133259003,0,0.050000,0.500000
133257042,85,1001000001010100001111101101101000001001001111100100000010001001001111010110001100011,133228726,0,0.120000,0.600000
133257043,84,000000000011111001111101010011000010010011111001000100100110010011101111100011110011,133251030,0,0.024000,0.600000
133257044,83,11001001100111110011110010100100010100100111010010001001001100100111011011100111111,133263567,0,0.060000,0.600000
133257045,84,000000000011111001111101010011000010010011111001000100100110010011101111100011110011,133266907,0,0.024000,0.600000
133257046,79,0000000011111011010010100000000100100111110010001001000100100111011011000110110,133257452,0,0.033333,0.500000
133257047,85,0000000000010100101011111111100110001001001111100100010010001001001111010110001011011,133266907,0,0.024000,0.600000
133257048,86,01100110010001111001011001010010000010010011111001100100100110010011100101100011111110,133243644,0,0.070000,0.700000
133257049,78,001100001100111110011100111010100101111110010001001000100100111010011000111111,133245509,0,0.046667,0.700000
133257051,80,00000100111110111110000101000001001001111100100010010001001000011101100011010010,133252607,0,0.040000,1.000000
133257052,82,1000000110111110111110010100101100100100111110010001001000100100111011011000111001,133252608,0,0.066667,1.000000
133257053,82,1000000010111110111110011100000100100100111110010001001001100100111011011000101101,133268604,0,0.040000,0.800000
133257054,83,10100000001100000101110010110100000100100111110010001001001100100101110011010110101,133260441,0,0.035000,0.700000
133257056,80,10000000101111101111100111000001001001001111100100011010011001001110110110001011,133230485,0,0.000000,0.600000
133257057,82,1001000110111110111110010100101100100100111110010001001000100100111011011000111001,133260441,0,0.040000,0.800000
133257058,75,000100011000111100101000001001000001111100100010010001001001111110110000101,133252608,0,0.066667,1.000000
133257059,81,100000101010000111110110010100000100100111010010101001000100100111101011100110001,133260441,0,0.030000,0.600000
133257060,75,000100011100111110101000001001001001111100100010010010001001111110110001101,133252608,0,0.066667,1.000000
133257061,84,111001000100111110111110010100100000100100111110010001001001100100111011011000111111,133252608,0,0.066667,1.000000
133257062,75,000100011000111100101000001001000001111100100010010001001001111110110000101,133252608,0,0.066667,1.000000
133257063,74,00100011100111000101000001001001001111100100010110000001001111110110001101,133235531,0,0.025000,0.500000
133257064,75,000100011000111100101000001001000001111100100010010001001001111110110000101,133252608,0,0.066667,1.000000
133257066,82,1000000010111110111110011100000100100100111110010001001001100100111011011000101101,133230485,0,0.066667,0.700000
133257067,75,000100011100111110101000001001001001111100100010010010001001111110110001101,133252608,0,0.066667,0.700000
133257068,86,10010000010101000010111011011010000010010011111001000100100010010011110101100011000111,133252608,0,0.066667,1.000000
133257069,82,1000000010111110111110011100000100100100111110010001001001100100111011011000101101,133230485,0,0.066667,0.700000
133257070,86,11100000011011011111110000110100000100100111110010001001000100100101111010000110001111,133230485,0,0.066667,0.800000
133257071,84,111001000100111110111110010100100000100100111110010001001001100100111011011000111111,133252608,0,0.066667,1.000000
133257072,83,10100000001100000101110010110100000100100111110010001001001100100101110011010110101,133252608,0,0.066667,1.000000
133257073,86,10010000010101000010111011011010000010010011111001000100100010010011110101100011000101,133263574,0,0.050000,0.500000
133257074,82,1000000010111110111110010100101100100100111110010001001000100100111011011000111001,133249264,0,0.053333,0.800000
133257075,82,1101000100011100101011100101001001001001001111100100010010001001001011110110001010,133252609,0,0.100000,1.000000
133257076,82,0111000001111011110110000000010000100100111100010001001000100100111111111010101000,133252609,0,0.100000,1.000000
133257077,82,1010000010111100111110010100101100100100111110010001001000100100111011011000111001,133257468,0,0.100000,1.000000
133257078,85,1110100000001110010101110010110111000100100111110010001001001100100100111011001110111,133262191,0,0.060000,0.600000
133257079,82,1010000010111100111110010100101100100100111110010001001000100100111011011000111001,133265304,0,0.060000,0.800000
133257080,82,0111000001111011110110000000010000100100111100010001001000100100111111111010101000,133252609,0,0.100000,1.000000
133257081,86,10010000010101000010111011011010000010010011111001000100100010010011110101100011000101,133252609,0,0.100000,1.000000
133257082,82,1101000100011100101011100101001001001001001111100100010010001001001011110110001010,133252609,0,0.100000,1.000000
133257083,77,00100011011101110011000101101001001111100100010010011001001111110110001111110,133263574,0,0.060000,0.600000
133257084,82,1101000100011100101011100101001001001001001111100100010010001001001011110110001010,133252609,0,0.100000,1.000000
133257086,76,0011001111101111111101001100010010011111001000100110010010011100101000110110,133252609,0,0.100000,1.000000
133257087,83,11001000100111110111110010100000000100100100110010001001001100100111011010000111111,133257468,0,0.060000,0.600000
133257089,82,1101001100011100101011100101101001001011001111100100010010001001001011110110001010,133251038,0,0.020000,0.500000
133257090,77,00010001101010111001010000111010010011111001000100100110010011001011000111111,133268597,0,0.023333,0.700000
133257091,76,0010011101010111001010010110000010011111001000100100110010011111101100011101,133245506,0,0.028000,0.700000
133257092,86,11100000011011011110110000110100000100100111110010001001000100100001111010000110001111,133251038,0,0.020000,0.500000
133257093,84,111000000110110111011000011010000010010011111001000100100010010010111101000011000111,133268597,0,0.020000,0.600000
133257094,84,111000000110110111011000011010000010011011111001000100100010010010111101000011000111,133268597,0,0.020000,0.600000
133257095,85,0000000000010100101011111111100110001001001111100100010010001001001111010110001011011,133252610,0,0.040000,1.000000
133257096,86,10100000011011011111110000110100000100100111110010001001000100100101111010010110011011,133245506,0,0.024000,0.600000
133257097,80,00000000011100101011100001101010001001001111100101010010011001101011101010011010,133245506,0,0.024000,0.600000
133257098,83,10000001001101000111101100001000001001001101100100010010001001001111110010001111011,133252610,0,0.040000,1.000000
133257099,82,1000000010111010111110011100000100101100111111010001001001100100111011011000101101,133251038,0,0.020000,0.500000
133257100,76,0001000111001111001010000010010010011111001000100100000010011111101100011011,133268597,0,0.020000,0.600000
133257101,76,0000001011101111110101011000010010011111101000100100110000011101111100011101,133268597,0,0.020000,0.600000
133257102,84,000000000011111001111101010011000010011011111001000100100110010011101111000011110011,133245506,0,0.024000,0.600000
133257103,79,0000000001110111110100010010100100100111100010001001000100100111011011000111011,133252610,0,0.040000,1.000000
133257104,84,111000000101111001111100101011001001001001111100100010010101011001100010110100011010,133252610,0,0.040000,1.000000
133257105,81,110000000101001110111001010101000100100111110010001001000100100011111001001100101,133268597,0,0.020000,0.600000
133257106,86,00110010001001111100111100101001000101001001111100100010000011001001110110110001111101,133245506,0,0.024000,0.600000
133257107,83,00000110011110111111110100000000100100110110010001001000100100111011111000111100110,133252610,0,0.040000,1.000000
133257109,88,1101110000011011011111110000110100101100110111110010001001000100100101101010000110001110,133255836,0,0.050000,0.500000
133257111,83,11001001100111110011110010100100010100100111010010001001001100100011011011100111111,133268612,0,0.060000,0.600000
133257112,82,1010000001111101111100001011001001001001101100100010010001001001100110110001111110,133252611,0,0.066667,1.000000
133257113,82,1010000001111101111100001011001001001001101100100010010001001001100110110001111110,133255836,0,0.070000,0.700000
133257114,86,01001000001010100001011000100101000000001001111100100010010001001101111010111001100010,133268612,0,0.060000,0.600000
133257115,84,110101010001111010101110010110100000100100111110010001001001100100101111001001100101,133252611,0,0.040000,0.600000
133257117,88,1101110000011011011111110000110100101100110111110010001001000100100101101010000110001110,133255836,0,0.050000,0.500000
133257118,83,11001001100111110011110010100100010100100111010010001001001100100011011011100111111,133252611,0,0.066667,1.000000
133257119,77,00000000111110111110001010100110010011111001000100100010010010111011000110100,133252611,0,0.066667,1.000000
133257120,86,01001000001010100001011000100101000000001001111100100010010001001101111010111001100010,133252611,0,0.066667,1.000000
133257121,81,100000101010000111010110110100000100100111110010101001000100100111101011100110001,133252611,0,0.066667,1.000000
133257123,77,00000000111110111110001010100010010011111001000100100010010010111011000110100,133252611,0,0.046667,0.700000
133257126,83,01000010011110111011100100001100000001001111100100010000011001001010100110101100011,133252611,0,0.066667,1.000000
133257127,83,10000000101011101111100101011001001001001111100100010010001001001110110100001111110,133255836,0,0.060000,0.600000
133257128,83,11001000100111110111110010100100000100100110110010001001001100100111011011000101111,133255836,0,0.060000,0.600000
133257129,86,01001000001110100001011000100101000000001001111100100010010001001101111010111001100010,133268612,0,0.060000,0.600000
133257131,84,011010001000111001010111001011010010010010011111001000100100010010010111101100010100,133252612,0,0.200000,1.000000
133257132,82,1100000001011111011110110100100000100100111110010001001000100100111111101110110101,133252612,0,0.160000,0.800000
133257133,82,1100000001011111011110110100100000100100111110010001001000100100111111101110110101,133252612,0,0.200000,1.000000
133257134,82,1100000001011111011110110100100000100100111110010001001000100100111111101110110101,133262186,0,0.053333,0.800000
133257135,76,0000001111111111000010110101010000011111001000100100010010010101001000110011,133257454,0,0.024000,0.600000
133257137,84,110101010001110110101110010110100000100100101110010001001001100100111111000000100101,133240466,0,0.024000,0.600000
133257138,81,110100000011101011111000010010010000100111110110001001000100100100011011000111110,133255831,0,0.120000,0.600000
133257139,83,01100100010011111001110001010010000000100111110010001001001100100111011011000111111,133254148,0,0.200000,1.000000
133257140,83,11001001100111110011110010100100010100100111010010001001001100100011011011100111111,133255831,0,0.120000,0.600000
133257141,83,11001001100111110011110010100100010100100111010010001001001100100011011011100111111,133249268,0,0.024000,0.600000
133257142,79,1000000011110111110100001000001001001111100100010000001001011101111100111110011,133243651,0,0.070000,0.500000
133257143,83,10111000001110010101010010100100000100100111110010001001000100100101010111001101001,133255831,0,0.100000,0.500000
133257144,79,0100100111101111110001000111000010010011111001000100101010010010111101100010101,133255840,0,0.070000,0.700000
133257145,77,00000000111110111110001010000010010011111001000100000010010010111011000110000,133265302,0,0.033333,0.500000
133257146,77,00000010101010111110000001000100101100111110010001001001100100110000110001011,133254148,0,0.200000,1.000000
133257147,80,01111001110011101000010001110000100100111110011001001000100100101111011000101011,133254148,0,0.200000,1.000000
133257149,82,1000000010111010111110011100000100101100111111010001001001100100111011011000101101,133243651,0,0.060000,0.500000
133257150,86,01100110010001111001011001010010000010010011111001100100100110010011100101100011111110,133268594,0,0.030000,0.600000
133257151,84,110101010001110110111110010110100000100100101110010001001001100100111111000000100101,133255840,0,0.060000,0.600000
133257152,82,0001000000111001010111000001010100010010011111001000100100110011011111010100110100,133240461,0,0.025000,0.500000
133257155,82,0000000000111001000111000011010100010010011111001000100100110011011111010100110101,133254151,0,0.070000,0.700000
133257156,82,1101000100101100101011100101101001001001001111100100010010001001001011110110001010,133254151,0,0.100000,1.000000
133257157,84,010010000101111101111101101001000001001001111100100010010001001000111111011101101011,133233877,0,0.050000,0.500000
133257158,83,10000001101111101111100101001011001001001111100100010010001001001110110110001110011,133254151,0,0.100000,1.000000
133257161,82,1010000001111101111100001000001001001001111100100010010001001001100110110001111110,133254151,0,0.100000,1.000000
133257164,83,00000110011110111111110100000000100100110110010001001000100100111011111000111100110,133240464,0,0.060000,0.600000
133257165,76,0000000011101111010001011000010000011111001000100100110010011101101100011101,133245494,0,0.033333,0.500000
133257167,83,10100010001110010101110010110100000100100111110010001001000100100101110011010100101,133270345,0,0.040000,0.800000
133257169,83,10100000001110010101110010110100000100100111110010001001000100100101110011000110101,133254152,0,0.040000,1.000000
133257170,86,01100110010001111001011001010010000010010011111001100100100110010011100101100011111110,133254152,0,0.040000,1.000000
133257171,76,0000000011101111010001011000010000011111001000100100110010011101101100011101,133254152,0,0.040000,1.000000
133257172,76,0000000011101111010001011000010000011111001000100100110010011101101100011101,133254152,0,0.040000,1.000000
133257173,80,10000000111101111110100001000001001001111100100010000001001011101111100011110011,133254154,0,0.100000,1.000000
133257174,83,11100000010011110001110101100100000100100110110010001000000100100111111001000111101,133254154,0,0.100000,1.000000
133257175,84,111001000100111110111110010100100000100100111110010001001001100100111011011000111111,133249261,0,0.120000,0.600000
133257176,83,11000000011100111111000100100000100100111110010001001000100100111011111000111100110,133247273,0,0.028571,0.800000
133257177,82,1000000010111010111110011100000100100100111110010001001001100100111011011000101101,133249261,0,0.120000,0.600000
133257178,88,0101110000011011011111110000110100100100110111110010001001000100100101101010000110001110,133247273,0,0.028571,0.700000
133257179,77,11000000011101111010001011000010010011111001000100100110010011101101100011101,133254156,0,0.040000,1.000000
133257180,81,000000011110111111010100100000100100111110010001001000100100111011111100111100110,133254156,0,0.040000,1.000000
133257181,77,11000000011101111010001011000010010011111001000100100110010011101101100011101,133266908,0,0.028000,0.700000
133257182,76,0000010101010111110000001000100101100111110010001001001100100110000110001011,133254156,0,0.040000,1.000000
133257183,76,0000010101010111110000001000100101100111110010001001001100100110000110001011,133270337,0,0.016667,0.500000
133257184,82,0000001011100100011100101101000001000001111100100010010001001001111110110001100001,133254156,0,0.040000,1.000000
133257185,84,110100000001110010101110010110100000000100111110010001001000100101101110011011110101,133266908,0,0.024000,0.600000
133257186,75,000100011011111100101000001001000001111100100010010000001001111110110001101,133254156,0,0.040000,1.000000
133257187,81,000000011110111111010100100000100100111110010001001000100100111011111100111100110,133266908,0,0.024000,0.600000
133257188,80,11010001000111001010111001011100100100100011110010001001000100100101111011000101,133254156,0,0.040000,1.000000
133257189,81,000000011110111111011100100000100100111110010001001000100100111011111100111100110,133254156,0,0.032000,0.800000
133257190,84,110100000001110010101110010110100000000100111110010001001000100101101110011011110101,133254156,0,0.040000,1.000000
133257191,75,000100011011111100101000001001000001111100100010010000001001111110110001101,133254156,0,0.040000,1.000000
133257192,82,0000001011100100011100101101000001000001111100100010010001001001111110110001100001,133254156,0,0.040000,1.000000
133257193,84,111100000001110011101010010110100000100100111110010001001000100100111111011001110111,133230492,0,0.020000,0.600000
133257194,84,111100000001110011101010010110100000100100111110010001001000100100111111011001110111,133254156,0,0.040000,1.000000
133257195,76,0000010101010111110000001000100101100111110010001001001100100110000110001011,133266908,0,0.024000,0.600000
133257196,81,000000011110111111010100100000100100111110010001001000100100111011111100111100110,133230492,0,0.020000,0.600000
133257197,82,1000001010110000011101101101000001001001111100100010010001001001111010110001000011,133255824,0,0.200000,1.000000
133257198,78,000100100001101111100101001001001001001111100100010010001001001110101110001110,133255824,0,0.200000,1.000000
133257199,83,11010000001111101111100001001001001001001111100100010010001001001100110110001110110,133255824,0,0.200000,1.000000
133257200,81,100000001011111011111011010011000000100111110010001001000100100111111101110110101,133255824,0,0.200000,1.000000
133257203,78,000100100001101111100101001001001001001111100100010010001001001110101110001110,133255824,0,0.200000,1.000000
133257204,86,01110100010001110010101110010110100000100100111110010001001000100101101111011000110101,133255824,0,0.200000,1.000000
133257206,82,1000000010111110111110010100101100100100111110010001001000100100111111011000111001,133255824,0,0.160000,0.800000
133257207,83,11010000001111101111100001001001001001001111100100010010001001001100110110001110110,133255824,0,0.200000,1.000000
133257208,84,000011000011101110111101010010000010010011111001000100100010010011101111101011110010,133225396,0,0.050000,0.500000
133257209,80,00000000111110111110100101010001001001111100100010010001001001011101100011010011,133225396,0,0.050000,0.500000
133257210,83,00000110011110111111110100000000100100110110010001001000100100111011111000111100110,133262195,0,0.035000,0.700000
133257211,82,1010000001111101111100001011001001001001101100100010010001001001100110110001111110,133262195,0,0.035000,0.700000
133257212,84,000011000011101110111101010010000010010011111001000100100010010011101111101011110010,133255825,0,0.060000,0.600000
133257213,79,1100100111101111110001010111000010010011111001000100100010010010111101000010101,133255825,0,0.060000,0.600000
133257214,83,11100000001110011101010010110100000100100111110010001001000100100111111011001110101,133225396,0,0.050000,0.500000
133257215,85,0010000000011100111011100100101000001001001111100100010010001001001111110010011101011,133225396,0,0.050000,0.500000
133257216,82,1100100001110011001110010110100000100000111110010001001000101001111110010011101010,133255825,0,0.100000,1.000000
133257217,83,10000000001110000101110000110101000100100111110010001001001100110111110101001101011,133255825,0,0.100000,1.000000
133257218,80,00001001000011011111001010010010010010011111001000100100010010011001011100011100,133255825,0,0.100000,1.000000
133257219,83,10100000001110010101110010110100000100100111110010001001000100100101110011000110101,133255825,0,0.060000,0.600000
133257220,82,0000000000111001000111000011010100010010011111001000100100110011011111010100110101,133255825,0,0.100000,1.000000
133257221,83,11101010000111100101010101011010000010010011011001000100100010010010111111100011010,133225396,0,0.060000,0.600000
133257222,82,1110000011100111111100100000100001001001111100100010010001001001011110110101101000,133225396,0,0.050000,0.500000
133257223,86,01110100010001110010101110010110100000100100111110010001001000100100101111001000110101,133255826,0,0.200000,1.000000
133257224,85,0010000010011100111011100100101000001001001111100100010010001001001111110010011101011,133255826,0,0.200000,1.000000
133257225,80,00000000111011101010010110100010100100111110010001001000100100111111101000110101,133255826,0,0.200000,1.000000
133257226,84,010000000101111101111101101001000001001001111101100010010011001001111111011101101011,133255826,0,0.200000,1.000000
133257227,84,010001100001110010101010000110100000100100111110010001001000100100101111110010101011,133255826,0,0.200000,1.000000
133257228,82,1000000011111101110100010010000100100111110010001001001100101111011011000110011010,133255826,0,0.200000,1.000000
133257229,84,010000000101111101111101101001000001001001111101100010010011001001111111011101101011,133255826,0,0.200000,1.000000
133257230,87,010101000101011100101011100101101000001001001111100100010010001001001011110110001101010,133255826,0,0.200000,1.000000
133257233,86,10100000011011011111110000110100000100100111110010001001000100100101111010010110001111,133255826,0,0.200000,1.000000
133257234,77,00000000111110111110001010000010010011111001000100100010010010111011000111100,133255826,0,0.200000,1.000000
133257235,84,010000000101111101111101101001000001001001111101100010010011001001111111011101101011,133255826,0,0.200000,1.000000
133257236,75,000100011010111100101000001001000001111100100010010001001001111110110001001,133235546,0,0.120000,0.600000
133257237,83,01000000010111110111110110100100000100100111110010001001000100100111111101110110101,133255827,0,0.066667,1.000000
133257238,84,110101010001111010101110010110100000100100111110010001001001100100101111001001100101,133262188,0,0.035000,0.700000
133257239,86,01000000100011111001111101000011000010010011111001000100100110010011101110100011110011,133249269,0,0.035000,0.700000
133257240,83,01000000010111110111110110100100000100100111110010001001000100100111111101110110101,133243659,0,0.198413,1.000000
133257241,83,11001000100111110111110010100100000100100110110010001001001100100111011011000111111,133245503,0,0.046667,0.700000
133257242,83,00100000001111101111110101001000101001001111100110010010011001001110111110001111001,133255827,0,0.066667,1.000000
133257243,82,1010000001111101111100001001001001001001111100100010010001001001100110110001110110,133255827,0,0.066667,1.000000
133257244,81,000000101110010101110010110100000100100111110010001001000100100111111011000110000,133245503,0,0.040000,0.600000
133257245,80,00000000011111011111000010100000100100111110010001001000100100101110110011101001,133235546,0,0.120000,0.600000
133257246,82,1010000001111101111100001001001001001001111100100010010001001001100110110001110110,133255827,0,0.066667,1.000000
133257247,82,1101000100011100101011100101101001001011001111100100010010001001001011110110001010,133255827,0,0.066667,1.000000
133257248,83,10111000001110010101010010100100000100100111110010001001000100110111010111001101001,133243659,0,0.198413,1.000000
133257249,84,011001000100111110011110010100100000100100111110010001001001100100111011011000111111,133255827,0,0.066667,1.000000
133257250,84,111000000101111001111100111001001001001001111100100010110101001001100110110000011010,133255827,0,0.066667,1.000000
133257251,76,0000001111101111010001011000010010011111000000100100110010011101101100011101,133255827,0,0.066667,1.000000
133257252,86,01000000100011111001111101000011000010010011111001000100100110010011101110100011110011,133255827,0,0.066667,1.000000
133257253,81,000001001111101111100001010000010010011111001000100100010010000111011000110100101,133245514,0,0.033333,0.500000
133257254,84,110010001001111101111100101001000001001001111100100010010011001001110111110001111111,133255828,0,0.066667,1.000000
133257255,74,00000011101111010101011000010010011101001000100100110010011101101100011101,133255843,0,0.028000,0.700000
133257256,81,100000101010000111110110010100000100100111110000001001000100100111101011100110001,133245514,0,0.033333,0.500000
133257257,85,0000000010010100101011111111100110101001001111100100011010001001001111010110001011011,133237123,0,0.066667,0.700000
133257258,84,110000001101101111111000011010000010010111110010001001000100100101111010000110001111,133259011,0,0.033333,0.500000
133257259,82,1000000010101110111100010101100100100100111111010001001000100100111011011000111101,133243647,0,0.033333,0.500000
133257260,84,111001000100111110011110010100000000100100111110010001001001100100101011011000111111,133245514,0,0.040000,0.600000
133257261,84,110101010001110010101010010110100100100100111110010001001000100100011101000000110101,133263576,0,0.025000,0.500000
133257262,77,00100000111110111110001010000010010011111001000100100010010010111011000110100,133255828,0,0.066667,0.600000
133257263,76,0010001101110111001100010110100100111110010001001001100100111111011000111111,133245514,0,0.040000,0.600000
133257264,85,1000011000011101110111101010010000010010011111001000000100010010011101111101011110000,133255828,0,0.066667,1.000000
133257265,82,0000000000111001010101000001010100010010011111001000100100110011011111010100110100,133255828,0,0.066667,1.000000
133257266,84,111001000100111110011110010100000000100100111110010001001001100100101011011000111111,133245514,0,0.040000,0.600000
133257267,83,10100000001110010101110010110100000100100111110010001001000100101101110011010110101,133255843,0,0.020000,0.500000
133257268,84,110010001001111101111100101001000001001001111100100010010011001001110110110001111111,133243647,0,0.040000,0.600000
133257269,84,011001010100111110011110010100100000100100111110010001001001100101101011011000111111,133257451,0,0.024000,0.600000
133257270,83,11001000100111110111110010100100000100100110110010001001001100100111011011000101111,133263576,0,0.030000,0.600000
133257271,83,10100000001110010101110010110100000100100111110010101001000100100101110011010110101,133255829,0,0.050000,1.000000
133257272,79,0100100111101111110001000111000010010011111001000100111010010010111101100010101,133228737,0,0.024000,0.600000
133257273,82,1000010011110111011100110001100000001001111100100010000011001001010100110101100011,133252604,0,0.030000,0.600000
133257275,79,0100100111101111110001000111000010010011111001000100111010010010111101100010101,133263563,0,0.060000,0.600000
133257276,86,11100000011011111111110000110100000110100111110010001001000100100101111010010110001111,133255829,0,0.050000,1.000000
133257277,82,1010000001011101111100001001001001001001111100100010010001001001100110110001111110,133263563,0,0.070000,0.700000
133257278,86,11110010001001111101111100101001000001001001011100100010010011001001110110110001111110,133252604,0,0.035000,0.700000
133257279,83,10100000001110000101110010110100000100100111110010001001000100100101110111010110101,133255829,0,0.050000,1.000000
133257280,85,1011001000100111110011100010100100000100100111110010001001001100100111011011000111111,133255829,0,0.050000,1.000000
133257281,83,11101010000111110101010101111010000010010011111001000100100010010010111111100011010,133252604,0,0.050000,1.000000
133257282,86,11110010001001111101111100101001000001001001111100100010010011001001110110110001111110,133252604,0,0.040000,0.800000
133257283,85,1111110000011100100010100101001000001001001111100100110010001001001110100111001101000,133252604,0,0.040000,0.800000
133257284,86,10100000000111110011111010100110000100100111110010001001001100100111011111000111100110,133252604,0,0.040000,0.800000
133257285,83,10000000000111110011111010000110000100100111110010001001001100100111011110001111001,133255839,0,0.066667,0.600000
133257286,86,01110100010001110010101110010110100000100100111110010001001001100100101101011000110101,133262193,0,0.120000,0.600000
133257287,84,010001100000110010101010000010100000100100111110010001001000100100101111000010101011,133262193,0,0.120000,0.600000
133257288,83,11001000100111110111110010100100000100100110110010001001001100100011011001000101111,133262193,0,0.120000,0.600000
133257289,82,1000000010101110111100010101100100100100111110010001001000101100111010011100111101,133255830,0,0.053333,0.800000
133257290,86,01110100010001110010101110010110100000100100111110010001001001100100101101011000110101,133255830,0,0.066667,1.000000
133257291,83,10100000001110010101110010110100000100100111110010001001000100101101110011010110101,133262193,0,0.100000,0.500000
133257292,84,000000000011111001111101010011000010010011111001000100100110010011101111100011110011,133255831,0,0.200000,1.000000
133257293,84,110101010001110110101110010110100000100100111110010001001001100100111111000000100101,133254148,0,0.140000,0.700000
133257294,80,00000101010000101101101001000000001001110100100010010001001001111000101001000010,133255831,0,0.000000,0.000000
133257295,76,0100010101010111110000001000100101100111110010001001001100100110000110001011,133255831,0,0.200000,1.000000
133257296,75,000001111011111110101010010001001001111100100010010011001001011111110001101,133255831,0,0.200000,1.000000
133257297,86,10010000010101000010111011011010000010010011111001000100100010010011110101100011000101,133255831,0,0.200000,1.000000
133257298,82,1110000011110111101100100000100001001001111100100010010001001001011010110111101000,133255831,0,0.160000,0.800000
133257299,83,01001000100101010111110010100100000100100110110010001001001100100111011011000111111,133254148,0,0.120000,0.600000
133257300,84,011000000011110011111100001101101101001001111100100010010001001001011110100001100011,133255831,0,0.200000,1.000000
133257301,86,11101010000011100101010100101111000001001001111100100010010001001001011110110001101011,133254148,0,0.160000,0.800000
133257302,76,0100010101010111110000001000100101100111110010001001001100100110000110001011,133255831,0,0.200000,1.000000
133257303,79,0000000110101011100101001011001001001111100100010010011001001111110110001111111,133255831,0,0.200000,1.000000
133257304,81,100000001011111011111011010010000000100111110010001001000100100111111101110110101,133255831,0,0.200000,1.000000
133257305,86,11100000011011011111110000110100100100100111110010001001000100100101111010000110001111,133254148,0,0.160000,0.800000
133257306,75,000001111011011110101010010001001001111100100010010011001001011111110001101,133266902,0,0.040000,0.600000
133257307,77,00100000111110111110001010000010010011111001000100100010010010111011000110100,133255832,0,0.040000,1.000000
133257308,83,11001000100111110111110010100100000100100110110010001001001100100111011011000111111,133262189,0,0.024000,0.600000
133257309,84,011001000100111110011110010100100000100100111110010001001001100100111011011000110111,133266902,0,0.040000,0.600000
133257310,73,0010001110011110010100000100100100111110010001001000000100111111011000110,133266902,0,0.040000,0.500000
133257311,75,000001111011011110101010010001001001111100100010010011001001011111110001101,133262189,0,0.024000,0.600000
133257312,81,100000001111110111010001001000010010011111001000100100110010111101101101011001101,133255832,0,0.040000,1.000000
133257313,83,10100000001110010101110010110100000100100111110010001001010100100101110011010110101,133245520,0,0.100000,0.500000
133257314,84,011001000100111110011110010100100000100100111110010001001001100100111011011000111111,133255832,0,0.040000,1.000000
133257315,84,110101010001110110101110010110100000100100101110010001001001100100111111000000100101,133266902,0,0.020000,0.500000
133257316,85,1011001000100111110011100010100100000100100111110010001001001100100111011011000111111,133266902,0,0.028000,0.600000
133257317,84,111010001000111001010111001011010000010010011111001000100100010010001101011000110101,133262186,0,0.053333,0.800000
133257318,85,0100000001011111011111011010010000010010011111001000100100010010011111110111011010111,133252612,0,0.160000,0.800000
133257319,82,0100100001010010101110011110100000100100111110010001001000100100101111110000111101,133240466,0,0.040000,0.600000
133257320,88,1101110000011011011111100000110100101100110111110010001001000100100101101010000110001110,133255833,0,0.040000,1.000000
133257322,82,0100100001010010101110011110100000100100111110010001001000100100101111110000111101,133255833,0,0.040000,1.000000
133257323,76,0001000111001111001010010010010010011111001000100100000010011111101100011011,133255833,0,0.040000,1.000000
133257324,83,11101010000011100101010101011010000010010011111001000100100010010010111101100011010,133240466,0,0.040000,0.600000
133257327,83,11001000100111110111110010000100000100100110110010001001001100100111011011000111111,133254146,0,0.024000,0.600000
133257328,78,010000101000001111101100101000001001001111100100010010000101101111010111001100,133262186,0,0.040000,0.600000
133257330,83,11101010000011100101010101011010000010010011111001000100100010010010111101100011010,133255833,0,0.040000,1.000000
133257332,82,1000000010111110111110010100101100100100111110010001001000100100111011011000111001,133255834,0,0.100000,1.000000
133257333,84,011001000100111110011110010100100000100100111110010001001001100100111011011000111111,133255834,0,0.100000,1.000000
133257334,83,01000000010111110111110110100100000100100111110010001001010100100111111101110110101,133265301,0,0.080000,0.800000
133257335,83,11100010001110011101010010110100000100100111110010001001000100100111111011001110101,133255834,0,0.100000,1.000000
133257336,76,0000010101010111110000001000100101100111110010001001001100100110000110001011,133255834,0,0.100000,1.000000
133257337,83,11100000001100011101010010110100000100100111110010001001000100100111101011001110101,133265301,0,0.100000,1.000000
133257338,83,00000000000111101111101100001000001011001011100100010010001001001111111011101111010,133265301,0,0.070000,0.700000
133257339,83,11100000001100011101010010110100000100100111110010001001000100100111101011001110101,133255834,0,0.100000,1.000000
133257340,83,11100000001110011101010010110100000100100111110010001001000100100111111011001110101,133252597,0,0.040000,0.600000
133257341,84,000000000011111001111111010011000010010011111001000100100110010011101111100011110011,133255834,0,0.100000,1.000000
133257342,85,0000000010010100101011111111100110101001001111100100011010001001001111010110001011011,133255834,0,0.100000,1.000000
133257343,83,11100000001110011101010010110100000100100111110010001001000100100111111011001110101,133252597,0,0.040000,0.600000
133257344,85,0000000010010100101011111111100110101001001111100100011010001001001111010110001011011,133255834,0,0.100000,1.000000
133257345,80,01111001110011111000010001110000100100111110011001001000101100101111011000101111,133255834,0,0.060000,0.600000
133257346,82,1101100010011111011111001010000000010010011110010001001000100100111011011000111111,133255834,0,0.100000,1.000000
133257347,86,10100000011011011111110000110100000100100111110010001001001100100101111010010110011011,133255834,0,0.100000,1.000000
133257348,83,11100010001110011101010010110100000100100111110010001001000100100111111011001110101,133265301,0,0.100000,1.000000
133257349,84,000000000011111001111111010011000010010011111001000100100110010011101111100011110011,133255834,0,0.100000,1.000000
133257350,86,01100110010001111001011001010010000010010011111001100100100110010111100101100011111110,133255837,0,0.050000,0.500000
133257351,85,0110010001001111101111100101001000001001001111100100010010011001001110110110001111111,133255835,0,0.100000,1.000000
133257352,84,111010100000111001010101010110100000100100111110010001001000100100101111011000110101,133255835,0,0.100000,1.000000
133257353,78,001100011010101010010100001100100100111110011001001001100100111101011000111111,133255837,0,0.060000,0.600000
133257354,83,11100000001110011101010010110100000100100111110010001001000100100111111011001110101,133255835,0,0.100000,1.000000
133257355,83,01000010010111110111110110100100000100100111110010001001000100100111111101110110100,133255835,0,0.100000,1.000000
133257356,84,101010001000111010101110010110100000100100111110010001001000100100101011011000110101,133255835,0,0.100000,1.000000
133257357,84,111010100000111001010101010110100000100100111110010001001000100100101111011000110101,133255835,0,0.100000,1.000000
133257358,83,01000010010111110111110110100100000100100111110010001001000100100111111101110110100,133255835,0,0.100000,1.000000
133257359,84,010011100001110010101010000110100000100100111110010001001000100100101111010010101010,133268612,0,0.070000,0.700000
133257360,84,110001101001111100111101101001010001001001101100100011010001001001111110010001111010,133255836,0,0.100000,1.000000
133257361,84,111001000110111110011110011100100000100101111110010001001001000100011011111100111101,133252611,0,0.033333,0.500000
133257362,86,11110010001001111101111100101001000001001001111100100010010011001001110110110001111110,133255836,0,0.100000,1.000000
133257363,84,010000000001111101011000101001001001001001111100100010010010001111101001000011110101,133255836,0,0.100000,1.000000
133257364,81,100000001111110111010001001000010010011111001000100100110010111101101100011001101,133252611,0,0.040000,0.600000
133257365,82,1000000011110111101010010110100010100100111110010001001000100100111111001000110101,133255836,0,0.100000,1.000000
133257366,82,1110000011100111111100100000100001001001111100100010010001001001011110110101101000,133268612,0,0.070000,0.700000
133257367,83,10000000101111101111100111001001001001001111100100010010001001001110110110001011010,133255836,0,0.100000,1.000000
133257368,84,111001000110111110011110011100100000100101111110010001001001000100011011111100111101,133255836,0,0.100000,1.000000
133257369,73,0010001110011111010100000100100100111110010001001000000100111111011000110,133255836,0,0.080000,0.800000
133257370,83,01000010011110111011100100001100000001001111100100010000011001001010100110101100011,133252611,0,0.033333,0.500000
133257371,79,0000000011111011110000010100000100100111110010001001000100100101100110001101001,133252606,0,0.060000,0.600000
133257372,77,00000010010101111100001000001001001001111100100010010001001001100001100010111,133247265,0,0.040000,0.600000
133257375,82,1110000011100111111100100000100001001001111100100010010001001001011110110101101000,133255837,0,0.100000,1.000000
133257376,83,11001000100111110111110010100100000100100110110010001001001100100111001011000101111,133255835,0,0.070000,0.700000
133257377,85,1101000000011100001011100101101010001001001111000100010010001001001011110110001101010,133255837,0,0.100000,1.000000
133257378,83,11100100001110011001010010110100000100000111110110001001000100100111111001001110101,133247265,0,0.033333,0.500000
133257383,81,101000000011100111000100011010000010010011111001000100100010010011110100100111010,133255838,0,0.050000,1.000000
133257385,88,1101110000011011011111110000110100101100110111110010001001000100100101101010000110001110,133255838,0,0.025000,0.500000
133257386,84,111110000011100101010100101001000001001001111100100010010001000001110100111001101000,133255838,0,0.050000,1.000000
133257388,83,10100000001110000101110010110100000100100111110010001001000100100101110111010110101,133255838,0,0.030000,0.600000
133257389,84,111001000100111110011110010100000000100100111110010000001001100100101011011000111111,133222210,0,0.060000,0.600000
133257390,82,1000001010100001111101101101000001001001110100100010010001001001111010111001110010,133255839,0,0.100000,1.000000
133257391,84,111001000100111110011110010100000000100100111110010000001001100100101011011000111111,133262196,0,0.100000,0.500000
133257393,84,100010000011001110011101010000000010010011111001000100100010010011101110010011110010,133255839,0,0.100000,1.000000
133257394,84,111000011111011110010010000110100100100111110010001001000100100101111011010110110000,133222210,0,0.060000,0.600000
133257395,73,0010001110011110010100000100100100111110010001001000000100101111011000110,133255839,0,0.100000,1.000000
133257396,82,1000001010100001111101101101000001001001110100100010010001001001111010111001110010,133245503,0,0.100000,0.500000
133257397,79,1000000011110111110100001000001001001111100100010000001001011101111100111110011,133255840,0,0.100000,0.700000
133257398,81,100000101010000111110110010100000100100111110010001001000100100111101011100110001,133255840,0,0.100000,1.000000
133257399,83,11001000100111110111110010100000000100100100110010001001001100100111011011000111111,133238706,0,0.024000,0.600000
133257400,84,110110000011100101010100101001000001001001111101100010010001001001110100111001101000,133235547,0,0.050000,0.500000
133257401,76,0001010101010111110000001000100101100111110010001001001100100110010110001011,133255840,0,0.100000,1.000000
133257402,86,11100000011011011110110000110100000100100111110010001001000100100101111010000110001111,133238706,0,0.032000,0.800000
133257403,80,00000000011111011111000010100000100100111110010001001000100100101110110011101001,133260443,0,0.050000,0.800000
133257404,80,00000000111110111110100101010001001001111100100010010001001001011101100011010011,133268589,0,0.032000,0.800000
133257405,82,0100000101010000111110110110100000100100111110010001001010100100111101011100110001,133238709,0,0.060000,0.600000
133257406,82,1110000011100111111100100000100001001001111100100010010001001001011110110101101000,133263560,0,0.200000,1.000000
133257407,85,1001000001010110001011101101101000001001001111100000010010101011001111010111001100011,133268589,0,0.024000,0.600000
133257408,85,0011000000001111001101000110110100010000100111110010001001000100100111111001001110101,133238709,0,0.050000,0.500000
133257409,80,00000000111110111110100101010001001001111100100010010001001001011101100011010011,133260447,0,0.120000,0.600000
133257410,84,011100000001110011101010010110100000100100111110010001001000100100111111011000100101,133255841,0,0.050000,1.000000
133257411,86,00000000010010100101011111111100110101001001111100100011010001001001111010110001011011,133228730,0,0.032000,0.800000
133257412,80,00000000111110111110100101010001001001111100100010010001001001011101100011010011,133260443,0,0.050000,0.800000
133257413,81,100000101010000111110110010100000100100111110010001001000100100111101011100110001,133255841,0,0.050000,1.000000
133257414,76,0000101111111111100001011010101001001111100100010010001001001010100100111001,133260447,0,0.120000,0.600000
133257415,82,0100010000111110001111010100111000100100111110010001001001100100101011110001111001,133263560,0,0.160000,0.800000
133257416,84,010000000011101001111101010011000010010011111001000100100110010011101111100011110011,133238709,0,0.060000,0.600000
133257417,84,111100000001110011101010010110100000100100111110010001001000100100111111011001110101,133260447,0,0.120000,0.600000
133257418,80,00000000111110111110100101010001001001111100100010010001001001011101100011010011,133255841,0,0.025000,0.500000
133257419,80,00001001000011011111001010010010010010011111001000100100010010011001011100011100,133255842,0,0.200000,1.000000
133257422,83,11100000001110011101010010110100000100100111110010001001000000100111111011001110101,133255842,0,0.200000,1.000000
133257423,82,1010000001111101111100001001001001101001111100100010010001001001100110110001111110,133247257,0,0.060000,0.600000
133257424,78,001100011010101010010100001100100100011110011001001001100100111101011000111111,133247257,0,0.060000,0.600000
133257425,82,1101000100101100101011100101101001001001001111100100010010001001001011110110001010,133255842,0,0.200000,1.000000
133257426,81,100000101011000001110110100100000100100111110010001001000000100111101011000100001,133255842,0,0.200000,1.000000
133257427,81,100000001011111011111011010010100000100111110010001001000100100111111101110110101,133265300,0,0.040000,0.600000
133257428,84,111110000011100101010100101001000001001001111100100010010001001001110100111001101000,133255842,0,0.200000,1.000000
133257429,83,11100000001110011101010010110100000100100111110011001011000100100111111001001010101,133255842,0,0.200000,1.000000
133257431,78,000000011111011010010100000000100100111110010001001000100100111011011000110110,133255842,0,0.200000,1.000000
133257432,78,001100011010101010010100001100100100011110011001001001100100111101011000111111,133255842,0,0.200000,1.000000
133257433,86,01110100010001110010101110010110100000100100111110010001001000100100101111001000110101,133255842,0,0.200000,1.000000
133257435,76,0010001101110111001100010110100100111110010001001001100100111111011000111111,133247257,0,0.070000,0.700000
133257436,84,111001000100111110011110010100000000100100111110010001001001100100101011011000111111,133252601,0,0.040000,0.600000
133257437,76,0010011101010111001010010110000010011111001000100100110010011111101100011101,133255843,0,0.200000,1.000000
133257438,82,0110010001001111100111100101001000001001001111100100010010011001011101101100011111,133255843,0,0.200000,1.000000
133257439,83,11100000001110011101010010110100000100100111110010001001000100100111111011001110101,133255843,0,0.200000,1.000000
133257440,82,0110010001001111100111100101001000001001001111100100010010011001011101101100011111,133255843,0,0.200000,1.000000
133257441,83,11100000001110011101010010110100000100100111110010001001000100100111101011001110101,133263576,0,0.025000,0.500000
133257442,80,00000100111110111110000101000001001001111100100010010001001000011101100011010010,133255843,0,0.200000,1.000000
133257443,83,11100000001110011101010010110100000100100111110010001001000100100111111011001110101,133257451,0,0.200000,0.600000
133257444,84,111001000100111110111110010100100000100100111110010001001001100100111011011000111111,133245514,0,0.040000,0.600000
133257445,85,0010000000011100111011100000101000001001001111100100010010001001001111110010011101011,133255828,0,0.040000,0.600000
133257446,83,11100000001110011101010010110100000100100111110010001001000100100111111011001110101,133262187,0,0.080000,0.800000
133257447,76,0010011101010111001010010110000010011111001000100100110010011111101100011101,133262187,0,0.060000,0.600000
133257448,82,1101000100011100101011100101001001001001001111100100010010001001001001110110001010,133262187,0,0.080000,0.800000
133257449,87,111100000011011011111110000110100100100100111110010001001000100100101111010000110001111,133262187,0,0.080000,0.800000
133257469,86,10100000011011011111110000110100000100100111110010001001000100100101111010010110001111,133259003,0,0.060000,0.600000
133257471,84,110001101001111100111101101001010001001001101100100010010001001001111110010001111010,133252606,0,0.050000,0.500000
133257472,86,10010000010101000010111011011010000010010011111001000100100010010011110101100011000101,133259003,0,0.060000,0.600000
133257477,83,00010100000111001010101001011011000010010011111001001100100000010010111000000110101,133259003,0,0.060000,0.600000
133257486,82,1101000100101100101011101101101001001001001111100100010010001001001011110110001010,133251035,0,0.030000,0.600000
133257489,86,11100000011011011111110000110100000100100111110010001001000100100101111010000110001011,133241974,0,0.030000,0.600000
133257494,84,110101010001110110101110010110100000100100101110010001001001100100111111000000100101,133251035,0,0.025000,0.500000
133257495,75,000100011100111110101000001001001001111100100010010010001001111110110001101,133251035,0,0.030000,0.600000
133257496,78,001100011100111110011100111010100101111110010001001000100100111010011000111111,133241974,0,0.025000,0.500000
133257505,75,000100011100111100101000001001001001111100100010010001001001111110110001101,133259004,0,0.100000,1.000000
133257508,82,1000001010110000011101101101000001001001111100100010010001001001111010111001000011,133259005,0,0.160000,0.800000
133257537,83,10100000001100010101110010110100000100100111110011001001001100100101110011010110101,133257451,0,0.024000,0.600000
133257542,83,10000000111101111110101001000001001011111100100010010101001001110111110001111001100,133260439,0,0.020000,0.400000
133257547,82,1000001110100001111101100101000001001001111100100010010001001001111010111001100011,133260442,0,0.050000,0.500000
133257554,84,110101010001110010101110010110100000100100111110010001001000100100011001001100110101,133247256,0,0.053333,0.800000
133257555,85,0110000001101101111111000011010010010010011111001000100100010010010111101000011000111,133247256,0,0.053333,0.800000
133257557,82,1100000101011000001110110110100000100100111110010001001000100100111101011100100001,133270346,0,0.053333,0.800000
133257558,75,000100011101111100101000001001001001111100100010010000001001111110110001101,133265303,0,0.070000,0.500000
133257559,82,1000000011100111111010100100000100100111110010001001000100100111011111000111100110,133245511,0,0.025000,0.500000
133257567,84,011100000001110011101010010110100000100100111110010001001000100100111111011000100101,133257460,0,0.080000,0.800000
133257577,81,100000101010000111110110010100000100100111110010101001000100100111101011100110001,133225410,0,0.140000,0.700000
133257582,81,100000001111011111010100100000100101111110010001001000100100111011111000111100110,133259014,0,0.100000,0.500000
133257583,84,101010001000111010101110010110100000100100111110010001001000100100101011011000110101,133259014,0,0.120000,0.600000
133257584,76,0000010101010111110000001000100001100111110010001001001100100110000110001011,133252602,0,0.100000,0.500000
133257585,82,1000000001110111101010010110100010100100111110010001001000100100111111001000110101,133247258,0,0.100000,1.000000
133257586,83,11100000001110011101110010110100000100100110110010001001000100100111111001101110101,133243645,0,0.060000,0.600000
133257587,85,0001100000001110011001110010110100010100100111110110001001100100110111111001001110101,133240462,0,0.040000,0.400000
133257588,79,0000000001111011111000010100000100100111110010001101000100100111110110001001001,133227178,0,0.070000,0.500000
133257589,85,0001100000001110011001110010110100010100100111110110001001100100110111011001001110101,133247258,0,0.070000,0.700000
133257591,82,1101000100011100101011100101001001001001001111100100010010001001001011110110001010,133247258,0,0.080000,0.800000
133257593,84,011001010100111110011110010100100000100100111110010001001001100101101011011000111111,133247258,0,0.070000,0.700000
133257596,84,111001000100111110011110010100000000100100111110010001001001100100101011001000111111,133245509,0,0.040000,0.600000
133257597,85,1111001000100111110111110110100100000100100111110010001001001100100111011011000111111,133228726,0,0.120000,0.600000
133257599,82,1000001010110000011101101101000001001001111100100010010001001001111010111001000011,133245509,0,0.046667,0.700000
133257601,72,001011111111110000101101000100100111100100010010001001001010100100011001,133245509,0,0.033333,0.500000
133257604,86,01000001000111001010011001001010100010010011111001000100100010010010110001101011010101,133245509,0,0.046667,0.700000
133257605,82,1000000011111111111010100100000100101111110010001001000100100111011111000111100110,133243644,0,0.050000,0.500000
133257606,87,010101000100011100101011100101101000001001001111100100010010001001001011110110001101010,133245509,0,0.046667,0.700000
133257609,80,00000010111110110100101000000001001001111100100010010001001001110110110001111100,133245508,0,0.025000,0.500000
133257610,84,011001010100111110011110010100100000100100111110010001001001100101101011011000111111,133222213,0,0.040000,0.600000
133257611,82,1000000001110111101010010110100010100100111110010001001000100100111111001000110101,133230486,0,0.100000,0.500000
133257612,82,1000000011110111101010010110100010100100111110010001001000100100111111001000110101,133260454,0,0.066667,0.800000
133257613,82,0100010100111101111110001000111000010010011111001000100100010010010111101100010111,133266898,0,0.050000,0.500000
133257614,83,01000001010100001001101101101000001001001111100100010010001001001111000101001100010,133268592,0,0.040000,0.600000
133257620,83,11100000001110011101010010110100000100100111110010001001000100100111111011001110111,133247271,0,0.016667,0.500000
133257622,81,100100010011101011111010100100000100100110110010001001001100100111011011000111111,133255829,0,0.035000,0.700000
133257624,83,10111000001111010101010010100100000100100111110010001001000100100111010111001101001,133255829,0,0.030000,0.600000
133257626,83,00000110011110111111110100000000100100110110010001011000100100111011111000111100110,133255829,0,0.030000,0.600000
133257627,82,1000000011100111111010100100000100100111110010001001000100100111011111000111100110,133249264,0,0.053333,0.800000
133257629,75,000100011100111110101000001001001001111100100010010000001001111110110001101,133265296,0,0.040000,0.800000
133257637,85,0011001000100111110111110010100100000100100111110010001001001100100111011011000111111,133263560,0,0.160000,0.800000
133257644,82,1110000011110111101100100000100001001011111100100010010001001001011010110111101000,133223823,0,0.066667,1.000000
133257645,79,0000010011110111110001001111000010010010111001000100100010010010111101100010111,133223823,0,0.066667,1.000000
133257649,77,00000010101010111110000001000100101100111110010001001001100100110000110001011,133247260,0,0.046667,0.700000
133257651,83,11100000001110011101010010110100000100100111110010001001000100100111111011001110111,133265288,0,0.100000,0.500000
133257652,76,0000000011101111010001011000010010011111001000000100110010011101101100010101,133223829,0,0.050000,1.000000
133257653,81,000000011110111111010100100000100100111110010001001000100100111011111000111100110,133260439,0,0.033333,0.500000
133257654,84,110101010001110110101110010110100000100100101110010001001001100100111111000000100101,133223829,0,0.050000,1.000000
133257655,84,110000000111001110101001011010000010010011111001000100000010010011111100100101000111,133245507,0,0.030000,0.600000
133257656,85,0001100000001110011001110010110100010100100111110110001001100100110111111001001110101,133270352,0,0.080000,0.400000
133257657,82,1000001010110000011101101101000001001001111100100010010101001001111010111001000011,133251032,0,0.100000,0.500000
133257658,77,00000000111110111110001010000010010011111101000100110010010010111011000110100,133260440,0,0.030000,0.600000
133257659,86,11001000001010100001111101101101000001001001111000110010010000001001111010111000100011,133255825,0,0.050000,0.500000
133257660,81,101111001110011111000010001110000100100111110011001001000100100101111011000101111,133225398,0,0.100000,1.000000
133257665,80,10000101010000011101101001000000001001110100100010010001101001111000101001100010,133225402,0,0.040000,0.400000
133257666,89,01011100000110110111111100001101001001001101111100100010010001001001011010100001100011100,133225402,0,0.066667,1.000000
133257667,82,0111000001111011110110010000010000100100111110010001001000100100111111111010101001,133225409,0,0.030000,0.600000
133257668,84,011101010100011100101011100101101000010010011101001000100100010010010111001100011010,133252597,0,0.033333,0.500000
133257669,82,1000000010111110111110010100101100100100111110010001001000100100111011011000111011,133251035,0,0.030000,0.600000
133257670,81,100000001110101111101001001000001001001111101100010010001001001101110010001111001,133225410,0,0.200000,1.000000
133257671,81,100000101011000000110110110100000100100111110010001001000100100111101011100100001,133243659,0,0.198413,1.000000
133257672,81,100000101011000000110110110100000100100111110010001001000100100111101011100100001,133254158,0,0.080000,0.800000
133257673,83,11100000001110011101010010110100000100100111110010001001000100100111111011001110101,133225409,0,0.030000,0.600000
133257676,81,110100000010111011111000010010010000100111110010001001000100100110011011000111110,133257451,0,0.024000,0.600000
133257685,75,000000111111111100001011010101000001111100100010010001001001010100100011001,133249263,0,0.028000,0.700000
133257686,83,10100000001110000101110010110100000100100111110010001000000100100101110111010110111,133268597,0,0.020000,0.600000
133257687,76,0000101111111111100001011010101001001111100100010010001001001010100100111001,133247258,0,0.100000,1.000000
133257688,80,00000000011111011111000010100000100100111110010001001000100100101110110011101001,133227178,0,0.100000,1.000000
133257690,85,1001000001010100001011000100101000000001001111100100010010001001111111010111001100010,133263564,0,0.050000,0.500000
133257691,83,10000000000111110011111010000110000100100111110010001001001100100111011110001111001,133254149,0,0.040000,0.600000
133257692,84,111001010100111110111110010100100000100100111110010001001001100100111011011000111011,133230500,0,0.040000,0.600000
133257694,85,1000011000011101110111101010010000010010011111001000000100010010011101111101011110000,133235541,0,0.070000,0.700000
133257695,85,1000011000011101110111101010010000010010011111001000000100010010011101111101011110000,133245493,0,0.140000,0.700000
133257696,86,11100000011011011110110000110100000100100111110010001001000100100101111010000110001111,133270339,0,0.080000,0.800000
133257706,85,0000000000010100101011111111100110001001001111100100010010001001001111010110001011011,133265288,0,0.100000,0.500000
133257720,82,1101000100011100101011100101001001001001001111100100010010001001001011110110001010,133228722,0,0.040000,1.000000
133257721,80,00000000011111011111000010100000100100111110010001001000100100101110110011101001,133245516,0,0.025000,0.500000
133257722,84,110101010001110110101110010110100000100100111110010001001001100100101111000000100101,133265299,0,0.040000,0.800000
133257723,82,0000000111101111110100001000001001001111100100010010001001001010111110001111001101,133228722,0,0.040000,1.000000
133257724,84,110101010001111010101110010110100000100100111110010000001001100100101111001001100101,133270339,0,0.060000,0.600000
133257746,83,11101010000011100101010101011010000010010011111001000100100010010010101111100011010,133228726,0,0.200000,1.000000
133257747,82,1010000001111101111100001000001001101001111100100010010001001001100110110001111110,133245509,0,0.040000,0.600000
133257748,75,000100011100111110101000001001001001111100100010010000001001111110110001101,133249272,0,0.035000,0.700000
133257749,83,10000000000111110011111010000110000100100111110010001001001100100111011110001111001,133228727,0,0.050000,1.000000
133257750,81,001000000111110111110000100100100100101111110010001001000100100110011011000111111,133263560,0,0.160000,0.800000
133257751,82,1000010011110111011100110001100000001001111100100010000011001001010100110101100011,133228731,0,0.066667,1.000000
133257752,79,1000000011110111110100001000001001001111100100010000001001011101111100111110011,133263562,0,0.040000,0.400000
133257753,75,000100011010111100101000001001000001111100100010010001001001111110110011101,133228736,0,0.200000,1.000000
133257754,83,10000000000111110011111010000110000100100111110010001001001100100111011110001111001,133259019,0,0.060000,0.600000
133257755,84,000011000011101110111101010010000010010011111001000100100010010011101111101011110010,133228736,0,0.200000,1.000000
133257756,86,11100000011011011111110000110100000100100111110010001001000100100101111010010110001111,133228736,0,0.200000,1.000000
133257757,82,0100100001010010101110011110110000100100111110010001001000100100101111110000111101,133228737,0,0.028000,0.700000
133257775,75,000100011010111100101000001001000001111100100010010001001001111110110000101,133230482,0,0.050000,1.000000
133257776,83,01100100001110011001010010110100000100000111110110001001000100100111111001001110101,133257467,0,0.050000,0.500000
133257777,83,11100000001110011101010010110100000100100111110011001001000100100111111001001010101,133230482,0,0.050000,1.000000
133257778,84,110101010001110010101010010110100000100100111110010001101000000100011101001000110101,133257467,0,0.060000,0.600000
133257779,84,110001101001111100111101101001010001001001101100100010010001001001111110010001111010,133230482,0,0.050000,1.000000
133257780,86,01000000000111110101100010100100100100100111110010001001001000101111010011000111101011,133257455,0,0.040000,0.600000
133257781,79,0000000110101011100101001011001001001111100100010010011001001111110110001111111,133254157,0,0.070000,0.700000
133257782,83,10000000101011101111100101011001001001001111100100010010001001001110110100001111110,133259017,0,0.040000,0.600000
133257785,84,011101000100011100101011100101101000010010011111001000100100010010010111001100011010,133247259,0,0.060000,0.600000
133257787,81,100100010010101011111010100100000100100110110010001001001100100111011011000111111,133240468,0,0.046667,0.700000
133257789,75,000001111011111110101010010001001001111100100010010010001001011111110001001,133230488,0,0.200000,1.000000
133257791,73,0010001110011110010100000100100100111110010001001000000100111111011000110,133230488,0,0.200000,1.000000
133257792,83,10100000001110010101110010110100000100100111110010001001000100100101110011010110101,133230488,0,0.200000,1.000000
133257793,83,10100000001110010101110010110100000100100111110010001001000100100101110011010110101,133247259,0,0.060000,0.600000
133257794,83,11100000111001111011001000001000010010011111001000100100010010010111101111011010000,133230488,0,0.200000,1.000000
133257796,78,000000101111111111100001011010001001001111100100010010001001001010100100011001,133230488,0,0.200000,1.000000
133257797,81,100100010010101011111010100100000100100110110010001001001100100111011011000111111,133230488,0,0.120000,0.600000
133257800,77,00000000111110111110001010000010010011111001000100100010010010111011000110100,133230492,0,0.033333,1.000000
133257801,83,11001000100111110111110010100100000100100110110010001001001100100111011011000111111,133268610,0,0.060000,0.600000
133257803,78,000100100001101111100101001001001001001111100100010010001001001110101110001110,133266893,0,0.100000,0.500000
133257811,82,1000000010111110111110011100000100101100111110010001001001100100111011011000101101,133257463,0,0.060000,0.600000
133257812,81,001000000111110111110000100100100100101111110010001001000100100110011011000111111,133247271,0,0.016667,0.500000
133257813,82,1000000001111011101010110110100010100100111110010001001000100100111111001001110101,133259004,0,0.080000,0.800000
133257815,83,11100000001110011101010010110100000100100111110010001001000100100111101011001110101,133257454,0,0.024000,0.600000
133257816,79,0100100111101111110001000111000010010011111001000100111010010010111101100010101,133257463,0,0.060000,0.600000
133257817,81,001000000111110111110000100100100100101111110010001001000100100110011011000111111,133230497,0,0.066667,1.000000
133257818,85,1110100000001110010101110010110111000100100111110010001001000100100100111011001110101,133235544,0,0.030000,0.600000
133257820,82,1001001000100001011111101101000001001001111100100010010001011001101010111001100011,133230500,0,0.066667,1.000000
133257821,81,100000001011111011111011010010000000100111110010001001000100100111111101110110101,133230500,0,0.033333,0.500000
133257822,87,011101000100011100101011100101101000001001001111100100010010001001001011110110001101010,133235542,0,0.040000,0.600000
133257823,84,111110000011100100010100101001000001001001111100100010010001001001110100111001101000,133230500,0,0.066667,1.000000
133257826,86,01100000011011011111110000110100100100100111110010001001000101100101111010000110001111,133265291,0,0.100000,0.500000
133257827,86,01110100010001110010101110010110100000100100111110010001001000100101101111011000110101,133230500,0,0.066667,1.000000
133257828,82,1110000011110111101100100000100001001011111100100010010001001001011110110001101000,133232157,0,0.066667,1.000000
133257829,83,00000000000111101111101100001000001011001011100100010010001001001111111011101111010,133259008,0,0.050000,0.500000
133257830,84,111000011111011110110010000110100100100111110010001001000100100101111011010110110000,133259008,0,0.060000,0.600000
133257831,86,11001000001011100001111101101101000001001001111000110010010000001001111010111000100011,133255839,0,0.033333,0.500000
133257832,75,000101011110111100101000001001001001111100100010010001001001111110100001101,133259008,0,0.060000,0.600000
133257834,83,10000000000111110011111010000110000100100111110010001001001100100111010110001111001,133268611,0,0.140000,0.700000
133257836,83,10100000001110010101110010110100000100100111110010001001000100100101110011010110101,133232161,0,0.066667,1.000000
133257837,80,00001001000011011111001010010010010010011111001000100100010010011001011100011100,133268590,0,0.040000,0.600000
133257838,83,11101010000111100101010101011010000010010011011001000100100010010010111111100011010,133232161,0,0.066667,1.000000
133257839,80,01111001110011101000010001110000100100111110011001001000100100101111011000101011,133232161,0,0.066667,1.000000
133257840,80,01001001010100001111101100101000011001011111001000100100001010011110101110011000,133270348,0,0.033333,0.500000
133257841,84,001001010100111110011110010100100001100100111110010001001001100101101011011000111111,133232161,0,0.040000,0.600000
133257842,78,010000101000001111101100101000001001001111100100010010000101101111010111001100,133247269,0,0.040000,0.600000
133257844,82,1110000101101101111111000011010000010010011111001000100100010010101111010000110001,133232163,0,0.025000,0.500000
133257847,82,1110000011110111101100100000100001001011111100100010010001001001011010110111101000,133241967,0,0.025000,0.500000
133257849,77,11000000011101111010001011000010010011111001000100100110010011101101100011101,133262177,0,0.028000,0.700000
133257850,86,11100000010011011111110000110100100100100111100010001001100100100101111010000110001111,133249271,0,0.050000,0.500000
133257851,84,111110000011100101010100101001001001001001111100100010010001001001110100111001101000,133259019,0,0.050000,0.500000
133257852,79,0000000001110111110100010010100100100110100010001001000100100111011011000011001,133233881,0,0.033333,0.500000
133257853,83,11000000011100111111010100100000100100101110010001001000100100111011011000111100110,133265293,0,0.046667,0.700000
133257854,79,1000000110101011100101001011001001001111100100010010011001001111110110001111111,133232169,0,0.066667,1.000000
133257855,85,1101000000011110001011100101101010001001001111000100010010001001001011110110001101010,133232169,0,0.066667,1.000000
133257856,82,1000000001110111101010010010100010100100111110010001001000100100111111001000110101,133251031,0,0.024000,0.600000
133257857,77,00000101111111111100001011010001001001111100100010010001001001010100100011001,133254151,0,0.080000,0.800000
133257859,81,000000011110111011010100100000100100111110010001001000100100111011111000111100111,133254151,0,0.080000,0.800000
133257860,82,0000001011100100011100101101000001001001111100100010010001001001111110110001100000,133232171,0,0.040000,1.000000
133257863,83,11001001100111110011110010100100010100100111010010001001001100100111011011100111111,133240464,0,0.050000,0.500000
133257864,82,0100000101010000111110110110100000100100111110010001001010100100111101011100110001,133251033,0,0.070000,0.700000
133257865,83,10111000001110010101010010100100000100100111110010001001000100100101010111001101001,133270344,0,0.080000,0.800000
133257866,85,1110100000001110010101110010110111000100100111110010001001000100100100111011001110101,133233877,0,0.100000,1.000000
133257867,86,01110100010001110010101110010110100000100100111110010001001000100100101111011000110101,133262180,0,0.070000,0.700000
133257868,83,10001001100111110011110010100100010100100111010010001001001100100111011011000111111,133254151,0,0.070000,0.700000
133257869,84,100010000011001110011101010000000010010011111001000100100010010011101110010011110010,133262180,0,0.070000,0.700000
133257870,84,111110000011100101010100101001001001001001111100100010010001001001110100111001101000,133233877,0,0.100000,1.000000
133257873,81,100000001111110111010001001000010010011111001000100100110010111101101100011001101,133249268,0,0.024000,0.600000
133257874,82,1001001000100001011111101101000001001001111100100010010001011001101010111001100011,133259016,0,0.080000,0.800000
133257877,83,10100000001110000101110010110100000100100111110010001001000100100101110111010110111,133266905,0,0.060000,0.600000
133257879,85,0111110000011100101010100101001000001001001111100110010010001001001110100111001101000,133249267,0,0.060000,0.600000
133257881,79,0100100111101111110001010111000010010011111001000100100010010010111100100010101,133266892,0,0.053333,0.800000
133257882,82,0100000001010111011111011010010001000100111110010001001000100100011111101110110101,133249268,0,0.020000,0.500000
133257883,86,10110010001001111100111000101001000001001001111100100010010011001001110110110001111111,133249267,0,0.070000,0.700000
133257885,84,111100000001110011101010010110100000100100111110010001001000100100111111011001110111,133249268,0,0.024000,0.600000
133257888,85,1100010001001111100110101101001000001001001101100100010010011011001110100110001111111,133233888,0,0.200000,1.000000
133257889,76,0011001111101111111101001100010010011111001000100110010010011100101000110110,133225411,0,0.200000,0.700000
133257890,84,101000000011100101011100101101000001001001111100100110010001001001011100110101101010,133235528,0,0.040000,1.000000
133257891,84,101000000011100101011100101101000001001001111100100110010001001001011100110101101010,133268598,0,0.040000,0.500000
133257892,81,000000000111001010101000001010100100100111110010001001001100110111110101001101001,133262184,0,0.060000,0.600000
133257893,81,000000000111001010101000001010100100100111110010001001001100110111110101001101001,133262184,0,0.060000,0.600000
133257895,83,11000000001111011101000110010100010101100111110010001001000100100111011001001110101,133254147,0,0.053333,0.800000
133257896,75,000100011011111100101000001001000001111100100010010001001001111110110001101,133254147,0,0.046667,0.700000
133257897,82,1000000001110011101010010110100010100100111110010001001000000100111111001001110101,133252608,0,0.040000,0.600000
133257898,82,1000000001110011101010010110100010100100111110010001001000000100111111001001110101,133260444,0,0.120000,0.600000
133257899,83,10100000001110010101110010110100000100100111110010101001000100100101110011010110101,133235531,0,0.050000,1.000000
133257900,83,11100000010011110001110101100100000100100110110010001000000100100111111001000111101,133260452,0,0.060000,0.600000
133257901,82,1010000001011101111100001001001001001001111100100010010001001001100110110001111110,133254147,0,0.053333,0.800000
133257902,81,100000101011000001110110110100000100100111110010001001000100100111101011100100001,133254147,0,0.053333,0.800000
133257903,88,0101110000011011011111110000110100100100110111110010001001000100100001101010000110001110,133254147,0,0.046667,0.700000
133257904,86,11100000011011011111110000110100000100100111110010001001000100100101111010000110001111,133259005,0,0.160000,0.800000
133257907,79,0000000001111011111000010100000100100111110010001101000100100101110110001001001,133252602,0,0.100000,0.500000
133257910,85,0000000000010100101011111111100110001001001111100100010010001001001111010110001011011,133247270,0,0.070000,0.700000
133257912,81,100000101010000111110110010100000100100111110010001001000100100111101011100110001,133263568,0,0.040000,0.600000
133257913,86,11110010001001111101111100101001000001001001111100100010010011001001110110110001111110,133235539,0,0.033333,1.000000
133257914,84,011000000011110111111100001101001001001001111100100010010001001001011110100001100011,133259005,0,0.040000,0.800000
133257915,83,00000110011110111111110100000000100100110110010001001000100100111011111000111100110,133235539,0,0.033333,1.000000
133257916,86,11110010001001111101111100101001000001001001111100100010010011001001110110110001111110,133235539,0,0.033333,1.000000
133257922,82,1000001010100001111101101101000001001001111100100010010001001001111010111001110010,133245493,0,0.160000,0.800000
133257924,80,00000000011111011111000010100000100100111110010001001000100100101110110011101001,133235541,0,0.100000,1.000000
133257925,78,100000101010101111100000010001001011001111100100010010001001001100001100010110,133235542,0,0.066667,1.000000
133257926,80,10000000111101111110100001000001001001111100100010000001001011101111100011110011,133259015,0,0.120000,0.600000
133257927,86,01000000100011111001111101000011000010010011111001000100100110010011101110100011110011,133235542,0,0.066667,1.000000
133257928,75,000100011010111000101000001001000001111100100010010001001001111110110001101,133259015,0,0.120000,0.600000
133257931,86,01100110010001111001011001010010000010010011111001100100100110010011100101100011111110,133235544,0,0.050000,1.000000
133257932,75,000100011100111110101000001001001001111100100010010000001001111110110001101,133235544,0,0.050000,1.000000
133257933,82,1000000001110111101010010110100010100100111110010001001000100100111111001000110101,133251039,0,0.040000,0.600000
133257934,83,11100000001110011101010010110100000100100111110010001001000100100111111011001110101,133266894,0,0.030000,0.600000
133257935,83,10100000001110010101110010110100000100100111110010001001000100100101010011010110101,133266894,0,0.030000,0.600000
133257937,88,1101110000011011011111110000110100101100110111110010001001000100100101101010000110001110,133235546,0,0.200000,1.000000
133257938,81,000000101110010001110010110100000100100111110010001011000100100111111011000110000,133235546,0,0.200000,1.000000
133257939,81,100000101010000111110110010100000100100111110010101001000100100111101011100110001,133235546,0,0.200000,1.000000
133257940,83,11001000100111110111110010100100000100100110110010001001001100100111011011000111111,133235546,0,0.200000,1.000000
133257941,83,11001000100111110111110010100100000100100110110010001001001100100111011011000111111,133235546,0,0.200000,1.000000
133257942,83,11101010000011100101010101011010000010010011111001000100100010010010111101100011010,133257459,0,0.040000,0.800000
133257943,85,1100010001001111100110101101001000001001001101100100010010011011001110100110001111111,133260445,0,0.040000,0.600000
133257944,82,1010000001011101111100001001001001001001111100100010010001001001100110110001111110,133238705,0,0.040000,0.600000
133257945,81,000000101110010101110010110100000100100111110010001001000100100111111011000110000,133235546,0,0.200000,1.000000
133257946,83,01000000010111110111110110100100000100100111110010001001000100100111111101110110101,133235546,0,0.200000,1.000000
133257947,84,111011000100111110011110010100000000100100111110010001001001100100111011110001111111,133255840,0,0.070000,0.700000
133257948,82,1101001100011100101011100101101001001011001111100100010010001001001011110110001010,133232165,0,0.050000,0.500000
133257949,78,000100111010101110010100101100100100111110011001001001100100111111011000111111,133245503,0,0.040000,0.600000
133257951,82,0001000001100110011101010000000010010011111001000100100010010011101110010011110010,133260438,0,0.050000,0.500000
133257952,84,111011000100111110011110010100000000100100111110010001001001100100111011110001111111,133260444,0,0.120000,0.600000
133257954,77,00000101111111111100001011010001001001111100100010010001001001010100100011001,133237113,0,0.080000,0.800000
133257955,83,11100000001110011101010010110100000100100111110010001001000100100111111011001110101,133235545,0,0.040000,0.600000
133257956,83,10100000001110000101110010110100000100100111110010001000000100100101110111010110111,133237113,0,0.100000,1.000000
133257957,79,0000001011111011010010100000000100100111110010001001000100100111011011000111110,133257459,0,0.040000,0.800000
133257958,75,000100011000111100101000001001000001111100100010010001001001111110110000101,133237113,0,0.100000,1.000000
133257959,80,01111001110011111100010001110000100100111110011001001000100100101111011000101111,133260445,0,0.033333,0.500000
133257960,83,11100000001110011101010010110100000100100111110010001001000100100111111011001110101,133237113,0,0.080000,0.800000
133257961,80,01111001110011111100010001110000100100111110011001001000100100101111011000101111,133237113,0,0.100000,1.000000
133257962,80,01111001110011111100010001110000100100111110011001001000100100101111011000101111,133257459,0,0.035000,0.700000
133257963,82,1100001010100001111101100101000001001001111100100010010001001101111010011001100011,133235545,0,0.040000,0.600000
133257964,84,100010000011101110011101010000000010010011111001000100100010010011101110010011110010,133237113,0,0.080000,0.800000
133257965,76,0000001011101111110101011000010010011111101000100100110000011101111100011101,133260445,0,0.033333,0.500000
133257966,82,1000000010111110111110010100101100100100111110010001001000100100111011011000111001,133260445,0,0.040000,0.600000
133257967,83,10100000001110000101110010110100000100100111110010001000000100100101110111010110111,133225411,0,0.140000,0.700000
133257968,82,1001001000100001011111101101100001001001111100100010010001011001101010111001100011,133237113,0,0.100000,1.000000
133257969,83,11100010001110011101010010110100000100100111110010001001000100100111111011001110101,133233888,0,0.160000,0.800000
133257970,82,1100001010100001111101100101000001001001111100100010010001001101111010011001100011,133257459,0,0.040000,0.800000
133257971,75,000000111111111100001011010101000001111100100010010001001001010100100011001,133257459,0,0.040000,0.800000
133257972,84,110001101001111100111101101001010001001001101100100010110001001001111111010001111010,133233888,0,0.120000,0.600000
133257973,81,000000101110010001110010110100000100100111110010001001000100100111111011000110000,133238705,0,0.040000,0.600000
133257974,79,0000000011111011111000010100000100100111110010001001000100100101110110001101001,133240459,0,0.050000,0.500000
133257977,82,1110000010100111101100100000100001001001111100100010010001001001011110111101101000,133257460,0,0.080000,0.800000
133257978,76,0000101111111111100001011010101001001111100100010010001001001010100100111001,133257460,0,0.100000,1.000000
133257979,76,0011001111101111111101001100010010011111001000100110010010011100101000110110,133257460,0,0.070000,0.700000
133257982,76,0000010101010111110000001000100101100111110010001001001100100110000110001011,133270351,0,0.025000,0.500000
133257987,82,1101001100011100101011100101101001001011001111100100010010001001001011110110001010,133245511,0,0.025000,0.500000
133257991,83,11100000001110011101010010110100000100100111110010001001000100100111111011001110101,133241974,0,0.030000,0.600000
133257992,83,00000000001110010101110000110101000110100111110010001001001100110111110101001101011,133251035,0,0.025000,0.500000
133257994,86,10010000010101000010111011011010000010010011111001000100100010010011110101100011000111,133241974,0,0.030000,0.600000
133257997,78,001001001111101111000001010000010010011111001000100100010010000110011000110100,133268591,0,0.040000,0.600000
133258000,86,10010000010101000010111011011010000010010011111001000100100010010011110101100011000111,133268591,0,0.040000,0.600000
133258003,82,1000000110111110111110010100101100100100111110010001001000100100111011011000111001,133252610,0,0.024000,0.600000
133258004,82,1101000100011100101011100101001001011001000111100100010010001001001011110110001010,133237121,0,0.100000,1.000000
133258005,87,011101001100011100101011100101101000001001001111100100010010001001001011110110001101010,133237121,0,0.100000,1.000000
133258006,83,11100000001110011101010010110100000100100111110010001001000100100111111011001110101,133237121,0,0.100000,1.000000
133258007,75,000100011010111100101000001001000001111100100010010001001001111111110000101,133237121,0,0.100000,1.000000
133258008,87,101110000011011011111110011110100100100111011110010001001000100100101111010000110000110,133237121,0,0.100000,1.000000
133258009,82,1000000011110111101010010110100010100100111110010001001000100100111111001000110101,133251044,0,0.060000,0.600000
133258010,82,1101000100011100101011100101001001011001000111100100010010001001001011110110001010,133237121,0,0.100000,1.000000
133258011,75,000100011010111100101000001001000001111100100010010001001001111111110000101,133237121,0,0.100000,1.000000
133258012,82,1000000010111110111010011100000100100100111110010001001000100100111011010000101101,133237121,0,0.100000,1.000000
133258013,87,011101001100011100101011100101101000001001001111100100010010001001001011110110001101010,133237121,0,0.100000,1.000000
133258014,75,000100011010111100101000001001000001111100100010010001001001111111110000101,133237121,0,0.100000,1.000000
133258015,85,1101000000011100001011100101101010001001001111000100010010001001011011110110001101010,133237121,0,0.100000,1.000000
133258016,75,000100011010111100101000001001000001111100100010010001001001111111110000101,133237121,0,0.100000,1.000000
133258017,83,01000001010100101011101101101000001001001110100100010010011001001111010110001100010,133237121,0,0.100000,1.000000
133258018,75,000100011010111100101000001001000001011100100010010001001001111111110000101,133237121,0,0.100000,1.000000
133258019,83,11100000001110011101010010110100000100100111110010001001000100100111111011001110101,133237121,0,0.100000,1.000000
133258020,72,001011111111110000101101000100100111100100010010001001001010100100011001,133237121,0,0.100000,1.000000
133258021,83,10000000000111110011111010000110000100100111110010001001001100100111011110001111001,133237121,0,0.100000,1.000000
133258022,82,1000000011110111101010010110100010100100111110010001001000100100111111001000110101,133237121,0,0.100000,1.000000
133258023,87,011001000100111110010110010100100000100110111110010001011001100100110011011000111111101,133237121,0,0.100000,1.000000
133258024,83,10000000000111110011111010000110000100100111110010001001001100100111011110001111001,133237121,0,0.100000,1.000000
133258025,86,11100000011011011111110000110100000100100111110010001001000100100101111010000110001011,133237121,0,0.100000,1.000000
133258026,86,11100000011011011111110000110100000100100111110010001001000100100101111010000110001011,133237121,0,0.100000,1.000000
133258027,83,01000001010100101011101101101000001001001110100100010010011001001111010110001100010,133251044,0,0.060000,0.600000
133258028,77,10010001101110111001100010110100100111110010001001001100100111110011001111111,133263567,0,0.070000,0.700000
133258029,84,100010000011101110011101010000000010010011111001000100100010010011101110010011110010,133237123,0,0.040000,1.000000
133258030,82,1000000010111110111110011100000100100100111110010001001001100100111011011000101101,133237123,0,0.053333,0.800000
133258034,82,0010110000101001010101001011010010010010011111001000100100010010010111010000110101,133255832,0,0.032000,0.800000
133258039,82,0010110000111001010100001011010010010010011111001000100100000010010111010000110101,133238693,0,0.040000,1.000000
133258040,83,11001000100111110111110010100100000100100110110010001001001100100111011011000111111,133238693,0,0.040000,1.000000
133258041,77,00000000111110111110001010000010010011111001000100100010010010111011000111100,133238693,0,0.040000,1.000000
133258042,84,110101010001110110111110010110100000100100101110010001001001100100110111000000100101,133238693,0,0.040000,1.000000
133258043,85,1100010001001111100111101101001000001001001101100100010010011001001110100110001111111,133268588,0,0.035000,0.700000
133258044,83,10000000001110000101110000110001000100100111110010001001001100110111110101001101011,133238693,0,0.040000,1.000000
133258045,84,100010000011101110011101010000000010010011111001000100100010010011101110010011110010,133238693,0,0.040000,1.000000
133258046,84,100010000011101110011101010000000010010011111001000100100010010011101110010011110010,133241975,0,0.040000,0.600000
133258047,83,10100000001110010101110010110100000100100111110010001001000100101101110011010110101,133238693,0,0.040000,1.000000
133258048,86,11100000011011011110110000110100000100100111110010001001000100100101111010000110001111,133268588,0,0.040000,0.600000
133258049,77,00000000111110111110001010000010010011111001000100100010010010111011000111100,133238693,0,0.040000,1.000000
133258050,74,00001010101011111000000100010010110011111001000100100110011011000011000101,133268588,0,0.025000,0.500000
133258052,77,00000000111110111110001010000010010011111001000100100010010010111011000111100,133238693,0,0.040000,1.000000
133258064,83,10100000001110011101010000110100000100100111110010001001000100100111101001001110101,133238696,0,0.050000,1.000000
133258065,87,010101100100011100101011100101101000001001001111100100010010001001001011110110001101010,133260448,0,0.040000,0.600000
133258066,81,000000011110111011010100100000100100111110010001001000100100111011111000111100111,133251041,0,0.040000,0.800000
133258067,79,0000010011111011010010100000000100100111110010000001000100100111011011001111110,133270341,0,0.100000,0.500000
133258068,83,11101010000111100101010101011010000010010011011001000100100010010010111111100011010,133225411,0,0.070000,0.700000
133258069,83,11101010000111100101010101001010000010010011011001000100100010010010111111100011010,133243640,0,0.028000,0.700000
133258070,80,00000000011111011111000010100000100100111110010001001000100100101110110011101001,133252601,0,0.040000,0.600000
133258071,83,00000000000111101111101100001000001011001011100100010010001001001111111011101111010,133260449,0,0.100000,0.500000
133258072,84,110101010001111010101110010110100000100100111110010001101001100100101111001001100101,133260449,0,0.120000,0.600000
133258073,86,10100000011011011111110000110100000100100111110010001001000100100101111010010110001011,133245514,0,0.033333,0.500000
133258074,84,011001010100111110011110010100100000100100111110010001001001100101101011011000111111,133245514,0,0.033333,0.500000
133258076,85,0000000000010100101011110111100110001001001111100100010010001001001111010110001011011,133263568,0,0.040000,0.600000
133258077,81,000000011110111111010100100000100100111110010001001000100100111011111000111100111,133255840,0,0.080000,0.800000
133258078,81,100000101010000111110110010100000100100111110010001001000100100111101011100110001,133238706,0,0.040000,1.000000
133258079,85,0000000010010100101011111111100110101001001111100100011010001001001111010110001011011,133238706,0,0.040000,1.000000
133258080,82,0100100001010010101110011110100000100100111110010001001000100100101111110000111101,133260443,0,0.050000,0.800000
133258081,82,1110000011100111111100100000100001001001111100100000010001001001011110110101101000,133255841,0,0.025000,0.500000
133258082,86,11100000011011011111110000110100000100100111110010001001000100100101111010010110001111,133238709,0,0.100000,1.000000
133258083,82,0100000101010000111110110110100000100100111110010001001010100100111101011100110001,133252607,0,0.028000,0.700000
133258084,83,11001000100111110111110010100100000100100110110010001001001100100111011011000101111,133245518,0,0.060000,0.600000
133258085,82,1000000110111110111110010100101100100100111110010001001000100100111011011000111001,133245518,0,0.080000,0.800000
133258086,85,0011000000001111001101000110110100010000100111110010001001000100100111111001001110101,133238709,0,0.100000,1.000000
133258087,82,1000000110111110111110010100101100100100111110010001001000100100111011011000111001,133238709,0,0.100000,1.000000
133258088,83,00000110011110111111110100000000100100110110010001001000100100111011111000111100110,133240459,0,0.100000,1.000000
133258090,80,00000001111011111010100100000100101111110010001001000100100111011111000111100110,133262182,0,0.000000,0.500000
133258091,76,0000010101010111110000001000100101100111110010001001001100100110000110001011,133240459,0,0.100000,1.000000
133258093,83,11100000001110011101010010110100000100100111110010001001000100100111111011001110111,133262182,0,0.100000,0.500000
133258096,84,110101010001110110101110010110100000100100101110010001001001100100111111000000100101,133240459,0,0.100000,1.000000
133258097,85,1100000011010111101100001101000001001001111100100010010001001001011110100001100010111,133240459,0,0.100000,1.000000
133258098,83,11001000100111110111110010100100000100100110110010001001001100100111011011000101111,133240459,0,0.100000,1.000000
133258099,82,1010000001111101111100001000001001101001111100100010010001001001100110110001111110,133240459,0,0.100000,1.000000
133258100,85,1111001000100111110111110110101100000100100111110010001001001100100111011011000111111,133240459,0,0.100000,1.000000
133258101,82,1110000011100111111100100000100001001001111100100010010001001001011110110101101000,133255828,0,0.066667,0.600000
133258102,82,1000000010111110111110011100100100100100111110010001001000100100111011011000101101,133235537,0,0.080000,0.800000
133258103,80,10000000111101111110100001000001001001111100100010000001001011101111100011110011,133247266,0,0.025000,0.500000
133258104,86,11100000011011011101110000110100000100100111110010001001000100100101111010010110001111,133243645,0,0.060000,0.600000
133258105,85,0110000001101101111111000011010010010010011111001000100100011010010111101000011000111,133240462,0,0.100000,1.000000
133258106,83,11101010000111100101010101011010000010010011011001000100100010010010111111100011010,133243650,0,0.040000,0.600000
133258107,84,010111000001110010101010010100100000100100111110010001001000100100111010111001101001,133270342,0,0.100000,0.600000
133258108,77,00000000011101111010001011000010010011111001001100100110010011101101100011101,133240462,0,0.100000,1.000000
133258109,85,1011001000100111110011100010100100000100100111110010001001001100100111011011000111111,133251044,0,0.060000,0.600000
133258110,83,11100000001110011101010010110100000100101111110010001001000100100111111011001110101,133260455,0,0.040000,0.600000
133258111,85,1111110000011100100010100101001000001001001111100100010010001001001110100111001101000,133251044,0,0.060000,0.600000
133258112,82,0100100001010010101110011110100000100100111110010001001000100100101111110000111101,133240462,0,0.100000,1.000000
133258113,85,0000000000010100101011111111100110001001001111100100010010001001001111010110001011011,133251044,0,0.060000,0.600000
133258114,86,11100000011011011110110000110100000100100111110010101001000100100101111010000110001111,133245494,0,0.033333,0.500000
133258115,83,11100000001110011101010010110100000100100111110010001001000100100111111011001110101,133265296,0,0.050000,1.000000
133258116,85,1001000001010100001011000100101000001001001111100100010010001001101111010111001100010,133245515,0,0.020000,0.500000
133258117,86,01001000001010110001011101101101000001001001111100100010010001001001111010111001100011,133255833,0,0.028571,0.800000
133258118,84,011100000001110011101010010110100000100100111110010001001000100100111111011000100101,133245515,0,0.020000,0.500000
133258119,82,1110000011110111101100100000100001001011111100100010010001001001011010110111101000,133254146,0,0.028571,0.500000
133258120,86,01001000001010110001011101101101000001001001111100100010010001001001111010111001100011,133240466,0,0.024000,0.600000
133258121,83,00000110011110111111110100010000100100110110010001001000100100111011111000111100110,133240466,0,0.028000,0.700000
133258122,80,00000000011111011111000010100000100100111110010001000000100100101110110001101001,133254146,0,0.028571,0.500000
133258123,86,00010000000011100111011100100101000001001001111100100010010001001001111110010011101011,133240466,0,0.028571,1.000000
133258124,80,01111001110011111100010001110000100100111110011001001000100100101111011000101111,133268601,0,0.020000,0.500000
133258125,84,111100000001110011101010010110100000100100111110010001001000100100111101011001110101,133240466,0,0.028571,1.000000
133258126,86,01000000000111110101100010100100100100100111110010001001001000101111010011000111101011,133245515,0,0.024000,0.600000
133258127,83,10000000101011101111101101011001001001001111100100010010001001001110110100001111110,133254146,0,0.024000,0.600000
133258128,76,0000000011101111010001011000010010011111001000100100110010011101101100010101,133254146,0,0.028571,0.600000
133258129,82,1010000001111101111100001001001001001001111100100010010001001001100110110001111110,133254146,0,0.024000,0.600000
133258130,86,01110100010001110010101110010110100000100100111110010001001000100100101111011000110101,133240467,0,0.050000,1.000000
133258131,83,01000010011110111011100100001100000001001111100100010000011001001010100110101100011,133259014,0,0.100000,0.500000
133258132,83,01100100001110011001010010110100000100000111110110001001000100100111111001001110101,133240467,0,0.050000,1.000000
133258135,82,0010110000101001010101001011010010010010011111001000100100010010010111010000110101,133263566,0,0.033333,0.500000
133258136,82,0010110000101001010101001011010010010010011111001000100100010010010111010000110101,133260439,0,0.025000,0.500000
133258138,84,111010001000111001010111001011010000010010011111001000100100010010001101011000110101,133266907,0,0.020000,0.500000
133258140,83,11101010000111100101010101011010000010010011011001000100100010010010111111100011010,133240472,0,0.046667,0.700000
133258141,84,110011001000111100101100101001000001001101111100110010010011001001100101100011111110,133254155,0,0.040000,0.600000
133258144,82,1101000100011100101011100101001001011001000111100100010010001001001011110110001010,133240475,0,0.066667,1.000000
133258145,83,10100000001110010101110010110100000100100111110010001001000100101101110011010110101,133240475,0,0.066667,1.000000
133258146,83,11101010000111100101010101011010000010010011011001000100100010010010111111100011010,133235533,0,0.053333,0.800000
133258147,76,0001000111001111001010010010010010011111001000100100000010011111101100011011,133235533,0,0.053333,0.800000
133258148,83,11101010000111100101010101011010000010010011011001000100100010010010111111100011010,133235533,0,0.053333,0.800000
133258150,84,011001000100111110111110010100100000100100111110010001001001100100111011011000111111,133268592,0,0.046667,0.700000
133258151,85,1001000001010110001011101101101000001001001111100000010010101001001111010111001100011,133268592,0,0.033333,0.500000
133258152,80,01111001110011111100010001110000100100111110011001001000100100101111011000101111,133247270,0,0.100000,0.600000
133258153,82,1100001010011101001111011010101000100100110110010001001000100100111111001000111101,133268592,0,0.046667,0.700000
133258154,88,0101110000011011011111110000111100100100110111110010001001000100100101101010000110001110,133240476,0,0.100000,1.000000
133258156,82,1010000001111101111100001001001001101001111100100010010001001001100110110001111110,133268593,0,0.023333,0.700000
133258157,82,1100000101011000001110110110100000100100111110010001001000100100111101011100100001,133241963,0,0.050000,1.000000
133258158,77,00000101111111111100001011010001001001111100100010010001001001010100100011001,133249268,0,0.024000,0.600000
133258159,76,0010001101110111001100010110100100111110010001001001100100111111011000111111,133259016,0,0.070000,0.700000
133258160,86,10100000011011011111110000110100000100100111110010001001000100100101111010010110011011,133268593,0,0.026667,0.800000
133258161,76,0000100011110111100101000001001001001111100100010010001000001111110110001101,133247266,0,0.025000,0.500000
133258162,81,100000101011000000110110100100000100100111110010001001000000100111101011100100001,133268593,0,0.023333,0.700000
133258163,81,100001001111011101110010010110000100100111110010001001000100100101011011010110101,133241963,0,0.050000,1.000000
133258165,81,110000000101001110111001010101000100100111110010001001000100100011111001001100101,133247252,0,0.053333,0.500000
133258166,77,00000001111101111010001011000010010011111001000100100110010011101101100011101,133241963,0,0.050000,1.000000
133258168,76,0000010101010111110000001000100101100111110010001001001100100110000110001011,133241964,0,0.100000,1.000000
133258169,79,0000010011110111110001001111000010010010111001000100100010010010111101100010111,133259016,0,0.080000,0.800000
133258170,75,000100011010111100101001001001000001111100100010010001001001111110110000101,133241964,0,0.100000,1.000000
133258171,82,0010110000111001010101001011010010010010011111001000100100000010010111010000110101,133262179,0,0.140000,0.700000
133258172,86,11100000011011011111110000110100000100100111110010001001000100100101111010000110001011,133266894,0,0.030000,0.600000
133258173,83,11101000100111100001011100101101001101001001111100100010010001001001011110110001010,133263570,0,0.100000,0.500000
133258181,85,1110101010001110110101110010110100000100100111110010001001001100100101111000000100101,133243644,0,0.060000,0.600000
133258183,82,1100000001101011111100001101001001001001111100100010010001001001111110100101100011,133235542,0,0.040000,0.600000
133258184,80,10000000111101111110100001000001001001111100100010000001001011101111100011110011,133235542,0,0.033333,0.500000
133258185,83,11101010000111100101010101011010000010010011011001000100100010010010111111100011010,133257456,0,0.060000,0.600000
133258186,79,0000000110101011100101001011001001001111100100010010011001001111110110001110111,133270351,0,0.030000,0.600000
133258187,86,00100000011011011111110000110100000100100111110010001001000100100101111010010110001011,133252599,0,0.050000,0.500000
133258188,84,010000000011111001111101010011000010010011111001000100100110010011101111100011110011,133241971,0,0.050000,1.000000
133258189,84,111001000100111110011110010100100000100100111110010001001001100100011011111100111111,133266901,0,0.040000,0.600000
133258191,76,0000000011101111010001011000010010011111001000001100110010011101101100010101,133251035,0,0.025000,0.500000
133258193,81,100000001110101111101001001000001001001111101100010010001001001101110010001111001,133245504,0,0.033333,0.500000
133258194,83,11100000001110011101010010110100000100100111110010001001000100100111111011001110111,133238693,0,0.032000,0.800000
133258196,83,00100000001111101111110101001000101001001111100110010010011001001110111110001111001,133268588,0,0.030000,0.600000
133258197,85,0100010001001111100110111101001000001001001101100100000010011011001110100110001111111,133245504,0,0.040000,0.600000
133258198,80,00000100111110111110000101000001001001111100100010010001001000011101100011010010,133241976,0,0.066667,1.000000
133258200,74,00000011101111010101011000010010011101001000100100110010011101101100011101,133252608,0,0.060000,0.600000
133258202,80,00000000011100101010100000101010010010011111001000100000110011011111010100110100,133243640,0,0.040000,1.000000
133258203,82,0000000000111001010111000001010100010010011111001000100100110011011111010100110100,133243640,0,0.040000,1.000000
133258204,79,0000001011111011010010101000000100100111110010001001000100100111011011000111110,133251031,0,0.024000,0.600000
133258205,85,0010000010011100111011100100101000001001001111100100010010001001001111110010011101010,133230500,0,0.040000,0.600000
133258215,83,11001001100111110011110010100100110100100111010010001001001100100111011011100111111,133255828,0,0.033333,0.500000
133258220,87,011101000100011100101011100101101000001001001111100100010010001001001011110110001101010,133255838,0,0.030000,0.600000
133258230,83,10100000001100000101110010110100000100100111110010001001001100100101110011010110101,133255838,0,0.030000,0.600000
133258236,76,0001000111011111001010000010010010011111001000101100000010011111101100011011,133265296,0,0.035000,0.700000
133258237,83,10100000001110000101110010110100000100100111110010001001000100100101110111010110101,133225396,0,0.050000,0.500000
133258238,84,111001000100111110011110010100000000100100111110011001001001100100101011011000111111,133268596,0,0.140000,0.700000
133258239,86,00010000000011100111011100100101000001001001111100100010010001001001111110010011101011,133265302,0,0.040000,0.600000
133258240,75,000100011100111100101000001001001001111100100010010001001001111110110001101,133255840,0,0.100000,0.800000
133258241,83,10110010001001111100111000101001000001001001111100100010010001001001101101100011111,133243651,0,0.100000,1.000000
133258244,76,0000010101010111110000001000100001100111110010001001001100100110000110001011,133268610,0,0.050000,0.600000
133258245,86,11110010001001111101111100101001000001001001111100100010010011001001110110110001111110,133257453,0,0.040000,0.600000
133258246,86,01110100010001110010101110010110100000100100111110010001001000100100101111011000110101,133257453,0,0.040000,0.600000
133258247,88,1101110000011011011111100000110100101100110111110010001001000100100101101010000110001110,133222213,0,0.033333,0.500000
133258249,83,10000000001110000101110000110001000100100111110010001001001100110111110101001101011,133260452,0,0.060000,0.600000
133258250,82,1000001000100001111101100101000001001001111100100010010001001001111010111001100011,133240463,0,0.200000,0.600000
133258252,83,11100000001110011101010010110100000100100111110010001001000100100111111011001110101,133243655,0,0.200000,1.000000
133258253,75,000100011100101101101000001001001001111100100010010000001001111110110001101,133243657,0,0.100000,1.000000
133258255,83,10100000001110010101110010110100000100100111110000001001000100100101110011010110101,133257451,0,0.020000,0.500000
133258256,83,10000000101011101111110101011001001001001111100100010010001001001110110100001111110,133243659,0,0.198413,1.000000
133258257,81,000000011110111111010100100000100100111110010001001000100100111011111000111100111,133243659,0,0.198413,1.000000
133258258,80,00000100011111011111000010100000100100111110010001001000100100101110110011101001,133225411,0,0.080000,0.800000
133258259,84,011001000100111110111110010100100000100100111110010001001001100100111011011000111111,133265290,0,0.070000,0.700000
133258260,80,01101001110011111100010001110000101100111110011001001000100100101111011000101111,133243660,0,0.066667,1.000000
133258261,75,000100011010111100101000001001000001111100100010010001001001111110110001101,133243660,0,0.066667,1.000000
133258262,81,010000000111001010111001011010000010010011111001000100110010010010111001101011001,133243661,0,0.050000,1.000000
133258263,81,000000011110111111010100100000100100101110010001001000100100111011111000111100110,133260439,0,0.030000,0.500000
133258264,81,000000011110111111010100100000100100101110010001001000100100111011111000111100110,133263557,0,0.020000,0.500000
133258265,86,10100000011011011111110000110100000100100111110010001001000100100101111010010110001011,133245494,0,0.066667,1.000000
133258266,84,010000000001111101011000100010010010010011111001000100100100010111101001100011110101,133233871,0,0.040000,0.600000
133258267,76,0000010101010111110000001000100101100111110010001001001100100110010110001011,133233871,0,0.040000,0.600000
133258268,88,0101110000011011011111110000110100100100110111110010001001000100100101101010000110001110,133259013,0,0.040000,0.600000
133258269,79,0100100111101111110001000111000010010011111001000100111010010010111101101010101,133262191,0,0.040000,0.500000
133258270,81,100000101010000111110110110100000100100111110010001001000100100110101111100111001,133245502,0,0.200000,1.000000
133258271,84,111001000100111110111110010100100000100110111110010001001001100100111011011000111111,133255827,0,0.033333,0.500000
133258272,85,0110000010011100111011100100101000001001001111100100010010001001001111110010011101010,133245503,0,0.053333,0.800000
133258273,83,10100000001110010101110010110100000100100111100010001001000100101101110011010110101,133255839,0,0.053333,0.500000
133258274,83,11000010100111110011110110101010001001001101100100010010001001001111110010001111011,133262188,0,0.035000,0.700000
133258275,85,0010010101001111100111100101001000001001001111100100010010011001011010110110001111110,133259007,0,0.140000,0.700000
133258277,78,000100011010101110010100101110100100111110010011001000100100111111001000111111,133247252,0,0.025000,0.500000
133258278,85,0110000001101101111111000011010010010010011111001000100100010010010111101000011000111,133245506,0,0.040000,1.000000
133258279,84,010111000001110010101010010100100000100100111110010001001000100100111010111001101001,133227178,0,0.060000,0.600000
133258280,85,0010000010011100111011100100101000001001001111100100010010001001001111110010011101011,133235528,0,0.050000,0.600000
133258281,86,01100110010001111001011001010010000010010011111001100100100110010011100101100011111110,133249269,0,0.030000,0.600000
133258282,79,0000000001110111110100010010100100100111100010001001000100100111011011000111011,133240476,0,0.060000,0.600000
133258285,83,10100000001100010101110010110100000100100111110010001001001100100101110011010110101,133257456,0,0.060000,0.600000
133258286,85,0010000010011100111011100100101000001001001111100100010010001001001111110010011111011,133245511,0,0.050000,1.000000
133258287,79,0000000110101011100101001011001001001111100100010010011001001111110110001111111,133223823,0,0.040000,0.600000
133258288,79,0000000110101011100101001011001001001111100100010010011001001111110110001111111,133254158,0,0.070000,0.700000
133258289,82,1000001110100001111101100101000001001001111100100010010001001001111010111001100011,133265289,0,0.040000,0.800000
133258290,83,00000000001110000101111000110101000100100011110010001001001100110111111101001101011,133259006,0,0.024000,0.500000
133258292,82,0100000000111010111110000010100000100100111110010001001000100000111110110000001001,133251041,0,0.035000,0.700000
133258293,83,11100000001110011101010010110100000100100111110010001001000100100111111011001110101,133263576,0,0.025000,0.500000
133258294,82,0100000000111010111110000010100000100100111110010001001000100000111110110000001001,133245514,0,0.066667,1.000000
133258295,74,00000011101111010101011000010010011101001000100100110010011101101100011101,133255828,0,0.033333,0.500000
133258296,82,1000001001100001111101100101000001001001111100100010010001001001111010111001100011,133245515,0,0.040000,1.000000
133258297,75,000100011010111100101000001001000001111100100010010001001001111110110001101,133228736,0,0.100000,0.500000
133258300,88,1010101000100011100101011100101101000001001001111100100010010001001001011010110001101010,133245518,0,0.100000,1.000000
133258301,81,110100000010111011111000010010010000100111110010001001000100100110011011000111110,133268589,0,0.032000,0.800000
133258304,83,00101000001110010101010010110100000000100111110010001001000100100101110100001100011,133243661,0,0.025000,0.500000
133258306,84,111010000001111101111100001001001001001001111100100010010001001001100110110001110110,133245520,0,0.200000,1.000000
133258307,80,01111001110011111100010001110000100100111110011001001000100100101111011000101111,133266902,0,0.028000,0.600000
133258308,83,00000000000111101111101100001000001011001011100100010010001001001111111011101111010,133262189,0,0.016000,0.400000
133258309,81,100000001111110111010001001000010010011111001000100100110010111101101100011001101,133249269,0,0.035000,0.700000
133258310,85,1111010001000111010101110010110100000100100111110010001001000100100101111011000110101,133254152,0,0.024000,0.600000
133258311,82,0010110000111001010101001011010010010010011111001000100100000010010111010000110101,133247255,0,0.040000,1.000000
133258312,84,111001000100111110011110010100000000100100111110010001001001100100101011011000111111,133270346,0,0.066667,0.700000
133258313,84,111001000100111110011110010100000000100100111110010001001001100100101011011000111111,133270346,0,0.066667,0.700000
133258314,83,10100000001110000101110010110100000100100111110010000001000100100101110011010110101,133230497,0,0.033333,0.500000
133258315,81,100000101010000111110110010100000100100111110000001001000100100111101011100110001,133247256,0,0.066667,1.000000
133258316,83,01000001010100001001101101101000001001001111100100010010001001001111000101001100010,133240462,0,0.060000,0.600000
133258319,85,1011001000100111110011100010100100000100100111110010001001000100100111011011000111111,133243645,0,0.060000,0.600000
133258320,82,1101000100011100101011100101001001001001001111100100010010001001001011110110001010,133247258,0,0.100000,1.000000
133258321,82,1000000010111110111110010100101100100100111110010001001000100100111011011000111011,133247258,0,0.100000,1.000000
133258323,78,000100011010101110010100100110100100111110010011001000100100111111001000111111,133230488,0,0.160000,0.800000
133258324,78,000100011010101110010100101110100100111110010011001000100100111111001000111111,133247259,0,0.100000,1.000000
133258325,86,10100000001011111011111011010010000010010011111001000100100010010011111110111011010111,133255834,0,0.070000,0.700000
133258326,83,11100000001110011101010010110100000100100111110010001001000100100111111011001111101,133247261,0,0.050000,1.000000
133258327,83,10000000101011101111101101011001001001001111100100010010001001001110110100001111110,133247261,0,0.050000,1.000000
133258328,82,1010000001111101111100001001001001101001111100100010010001001001100110110001111110,133247261,0,0.050000,1.000000
133258329,82,1000001010100001101101100101000001001001011100100010010001001001111010111001100011,133251029,0,0.053333,0.800000
133258330,83,11100000001110011101010010110100000100100111110011001001000100100111111001001010101,133247261,0,0.050000,1.000000
133258331,83,10100000001110010101110010110100000100100111110010001001000100100101010011010110101,133247261,0,0.050000,1.000000
133258332,83,11100000001110011101010010110100000100100111110011001001000100100111111001001010101,133247261,0,0.050000,1.000000
133258333,83,01110000001110011000110010110100000100100111110010001001000100100011111001001110101,133247261,0,0.050000,1.000000
133258334,76,0000000011101111010001011000010010011111001000100100110010011101101100011101,133247261,0,0.050000,1.000000
133258335,84,110101010001111010101110010100100000100100111110010001001000100100011101001100110101,133247261,0,0.050000,1.000000
133258336,82,1001001000100001011111101101000001011001111100101010010001011001101010111001100011,133247261,0,0.050000,1.000000
133258337,73,0010001110011100010100000100100100111110010001011000000100111111011000110,133247261,0,0.050000,1.000000
133258338,84,011101000100011100101011100101101000010010011111001000100100010010010111001100011010,133251029,0,0.066667,1.000000
133258339,76,0000000011101111010001011000010010011111001000100100110010011101101100011101,133247261,0,0.050000,1.000000
133258340,84,000000000011111001111101010011000010010011111001000100100110010011101111100011110011,133247262,0,0.050000,1.000000
133258341,82,0000000000111001010101000001010100010010011111001000100100110011011111010100110100,133268606,0,0.070000,0.700000
133258342,84,110101010001110110101110010110100000100100111110010001001001100100101111000000100101,133247264,0,0.100000,1.000000
133258343,83,11100000101110011101010010110100000100100111110010001001000100100111111011001110101,133252606,0,0.060000,0.600000
133258345,83,10000000101011101111100101011001001001001111100100010010001001001110110100001111110,133254148,0,0.160000,0.800000
133258346,80,00001001000011011111001010010010010010011111001000100100010010011001011100011100,133255840,0,0.080000,0.800000
133258353,75,000100011100111100101000001001001001111100100010010001001001111111110001101,133265303,0,0.120000,0.600000
133258354,81,100000001010000111110110110100000100100111110010001001000100100111101011100111001,133257460,0,0.120000,0.800000
133258358,84,110100000001110010101110010110100000000100111110010001001000100101101110011011110101,133247269,0,0.066667,1.000000
133258359,75,000100011100111100101000001001001001111100100010010001001001111110110001101,133268590,0,0.040000,0.600000
133258360,87,010101000100011100101011100101101000001001001111100100010010001001001011110110001101010,133243653,0,0.050000,0.500000
133258361,82,1000000010101110111100010101100100100100111110010001001000100100111011011000111101,133241975,0,0.040000,0.600000
133258362,84,111100100001110010101110010110111000100100111110010001001000100100101111011000110101,133230497,0,0.040000,0.600000
133258363,82,1101000100101100101011100101101001001001001111100100010010001001001011110110001010,133247271,0,0.033333,1.000000
133258365,75,100000001110111101000101100001001001111100100010010011001011101101100011101,133252596,0,0.060000,0.600000
133258366,81,000000101110010101110010110100000100100111110010001001000100100111111011000110000,133247273,0,0.066667,1.000000
133258367,81,110000000101001110111001010101000100100111110010001001000100100011111001001100101,133257468,0,0.050000,1.000000
133258369,76,0000000011101111010001011000010000011111001000100100110010011101101100011101,133243650,0,0.040000,0.600000
133258370,75,000101011110111100101000001001001001111100100010010001001001111110100001001,133249258,0,0.066667,1.000000
133258371,83,11100000001110011101010010110100000100100111110010001001000100100111111011001110101,133260440,0,0.035000,0.700000
133258372,85,0000000000010100101011111111100110001001001111100100010010001001001111010110001011011,133249260,0,0.100000,1.000000
133258373,76,0000010101010111110000001000100101100111110010001001001100100110000110001011,133249260,0,0.100000,1.000000
133258374,76,0000010101010111110000001000100101100111110010001001001100100110000110001011,133249260,0,0.100000,1.000000
133258375,85,0110000001101101111111000011010010010010011111001000100100010010010111101000011000111,133249260,0,0.100000,1.000000
133258376,82,0110000001111011111110000110100100100100111110010001001000100100100111010000110001,133249260,0,0.100000,1.000000
133258377,83,10000001001101000111101100001000001001001101100100010010001001001111110010001111011,133249260,0,0.100000,1.000000
133258378,82,0100000000111010111110000010100000000100111110010001001000100000111110110000101001,133249260,0,0.100000,1.000000
133258379,83,11101010000011100101010101011010000010010011111001000100100010010010111101100011010,133249260,0,0.100000,1.000000
133258380,83,10000000001110000101110000110101000100100111110010001001001100110111110101001101011,133249261,0,0.200000,1.000000
133258381,86,11100000011011011101110000110100000100100111110010001001000100100101111010010110001111,133270350,0,0.200000,0.600000
133258382,85,1011001000100111110011100010100100000100100111110010001001001100100111011011000111111,133263567,0,0.060000,0.600000
133258383,84,110000001101011110110000110100000100100111110010001001000100100101111010000110001011,133249261,0,0.200000,1.000000
133258384,75,000000111111111100001011010101000001111100100010010001001001010101100011001,133249261,0,0.200000,1.000000
133258385,86,01100110010001111001011001010010000010010011111001100100100110010011100001100011111110,133254155,0,0.017143,0.600000
133258386,85,1001001001010100001011101101101000001001001111100100010010001001001111010111001100011,133260443,0,0.160000,0.800000
133258387,86,11101010000011100101010100101111000001001001111100100010010001001001011110110001101011,133245509,0,0.046667,0.700000
133258388,84,000011000011101110111101010010000010010011111011000100100010010011101111011011110010,133247273,0,0.020000,0.700000
133258389,80,00100100111101111110001010111000010010011111001000100100010010010111101100010101,133247273,0,0.022857,0.800000
133258392,85,1111001000100111110111110110101100000100100111110010001001001100100111011011000111111,133249261,0,0.200000,1.000000
133258395,82,1000000001110111101010010110100010100100111110010001001000100100111111001000110101,133260449,0,0.120000,0.600000
133258396,81,110010000111011001010010110100000100000111110110001001000100100111111001001110101,133249262,0,0.100000,1.000000
133258397,84,111001000100111110111110010100100000100100111110010001001001100100111011011000111111,133249262,0,0.100000,1.000000
133258398,85,1110101010001110110101110010110100000100100111110010001001001100100101111000000100101,133249263,0,0.040000,1.000000
133258399,75,000100011101111100101000001001001001111100100010010000001001111110110001101,133249263,0,0.040000,1.000000
133258400,75,000101011110111100101000001001001001111100100010010001001001111110100001101,133266905,0,0.060000,0.600000
133258402,76,0000010101010111110000001000100101100111110010001001001100100110000110001011,133249269,0,0.050000,1.000000
133258404,83,10111000001110010101010010100100000100100111110010001001000100100111010111001101001,133249271,0,0.100000,1.000000
133258406,79,0000000011111011111000010100000100100111110010001001000100100101110110001101001,133266906,0,0.080000,0.800000
133258407,82,1000001010100101011101101101000001001001111100100010010001001001111000101001100010,133251028,0,0.080000,0.800000
133258408,84,111100000001110011101010010110100000100100111110010001001000100100111101011001110101,133240467,0,0.030000,0.600000
133258409,83,10000000101011101111100101011001001001001111100100010010001001001110110100001111110,133241974,0,0.030000,0.600000
133258410,84,111001000100111110111110010100100000100100111110010001001001100100111011011000111111,133247261,0,0.030000,0.600000
133258411,82,1000000010111110111110010100101100100100111110010001011000100100111011011000111001,133251035,0,0.030000,0.600000
133258412,83,10100000001110010101110010110100000100100111110010001001000100100101110011000110101,133265296,0,0.050000,1.000000
133258413,76,0000101111111111100001011010101001001111100100010010001001001010100100111001,133251030,0,0.040000,1.000000
133258414,83,11100000001110011101010010110100000100100111110010001001000100100111111011001110111,133243652,0,0.066667,1.000000
133258415,82,1000001010100101011101101101000001001001111100100010010111001001111010110001101010,133243652,0,0.046667,0.700000
133258416,83,10100000001110010101110010110100000100100111110010001001000100100101110011000110101,133251030,0,0.040000,1.000000
133258417,76,0000001001010111110000100000100100100111110010001001000100100110000110001011,133251030,0,0.024000,0.600000
133258418,86,11010100010001110101011100101101000001001001111100100010010001001001010110100001101011,133251030,0,0.040000,1.000000
133258419,82,1000000010111110111110010100101100100100111110010001001000100100111011011000111001,133252607,0,0.032000,0.800000
133258421,84,100000101010000101110110110100000100100111110010001001000100100111101011010110001010,133265298,0,0.040000,0.600000
133258422,84,110101010001111010101110010110100000100100111110010001101001100100101111001001100101,133251032,0,0.200000,1.000000
133258423,84,011001000100111110011110010100100000100100111110010001001001100100111011011000111110,133266891,0,0.060000,0.600000
133258424,84,111000000011100111010100101101000001001001111100100010010001001001111010110011101010,133232167,0,0.080000,0.800000
133258425,75,000101011110111100101000001001001001111100100010010001001001111110100001101,133257468,0,0.060000,1.000000
133258426,83,11100000001110011101010010110100000100100111110010001001000100100111111011001110101,133240467,0,0.030000,0.600000
133258427,76,0000010111010111110000001000100001100111110010001001001100100110000110001011,133241974,0,0.025000,0.500000
133258428,82,1010000001111101111100001001001001001001111100100010010001001001100110110001111110,133225410,0,0.160000,0.800000
133258429,75,000100011010111100101000001001000001111100100010010001001001111110110001101,133251029,0,0.053333,0.800000
133258430,83,11100000001110011101010010110100000100100111110010001001000100100111111011001110101,133251035,0,0.050000,1.000000
133258431,80,01111001110011111000010001110000100100111110011001001000100100101111011000101111,133247261,0,0.030000,0.600000
133258432,82,1010000001111101111100001001001001001001111100100010010001001001100110110001111110,133251029,0,0.066667,1.000000
133258433,80,01111001110011111000010001110000100100111110011001001000100100101111011000101111,133251029,0,0.053333,0.800000
133258434,83,11100000001110011101010010110100000100100111110010001001000100100111111011001110101,133241974,0,0.030000,0.600000
133258435,75,000100011010111100101000001001000001111100100010010001001001111110110001101,133251029,0,0.053333,0.800000
133258436,86,10010000010101000010111011011010000010010011111001000100100010010011110101100011000101,133247261,0,0.025000,0.500000
133258437,83,00100000001111101111110101001000101001001111100110010010011001001110111110001111001,133251029,0,0.040000,0.600000
133258438,76,0000010111010111110000001000100001100111110010001001001100100110000110001011,133251029,0,0.040000,0.600000
133258440,82,1010000001111101111100001001001001001001111100100010010001001001100110110001111110,133225410,0,0.160000,0.800000
133258441,80,01111001110011111000010001110000100100111110011001001000100100101111011000101111,133251035,0,0.050000,1.000000
133258443,85,1011001000100111110011100010100100000100100111110010001001001100100111011011000111111,133241974,0,0.030000,0.600000
133258444,75,000100011010111100101000001001000001111100100010010001001001111110110001101,133251036,0,0.066667,1.000000
133258445,82,0000100000111001000111000011010100010010011111001000100100110011011111010100110101,133249263,0,0.024000,0.600000
133258446,80,01001001010100001111101100101000011001011111001000100100001010011110101110011000,133251039,0,0.066667,1.000000
133258447,80,01001001010100001111101100101000011001011111001000100100001010011110101110011000,133251039,0,0.066667,1.000000
133258448,81,110100000010111011111000010010010000100111110010001001000100100110011011000111110,133251039,0,0.066667,1.000000
133258449,81,110100000010111011111000010010010000100111110010001001000100100110011011000111110,133251039,0,0.066667,1.000000
133258450,84,011100000001110011101010010110100000100100111110010001001000100100111111011000100101,133251040,0,0.200000,1.000000
133258451,81,100000101011000001110110100100000100100111110010001001000000100111101011000100001,133270353,0,0.200000,0.600000
133258452,86,10010000010101000010111011011010000010010011111001000100100010010011110101100011000101,133251040,0,0.200000,1.000000
133258453,83,10100010001110010101110010110100000100100111110010001001000100100101110011010110101,133251040,0,0.200000,1.000000
133258454,81,100000101011000001110110100100000100100111110010001001000000100111101011000100001,133251040,0,0.200000,1.000000
133258455,84,011001010100111110011110010100100000100100111110010001001001100101101011011000111111,133251040,0,0.200000,1.000000
133258456,79,0000100100001101011100101101001001001001111100100010010001001001110101110001110,133270353,0,0.200000,0.600000
133258457,83,10100000001110010101110010110100000100100111110010001001000100100101010011010110101,133251040,0,0.200000,1.000000
133258458,79,1000000010101110111101101001100100010011111001000100100010010001111110111011010,133251040,0,0.200000,1.000000
133258459,84,110010001001111101111100101001000001001001111100100010010011001001110110110001111111,133270353,0,0.200000,0.600000
133258460,83,10100000001110010101110010110100000100100111110010001001000100100101010011010110101,133270353,0,0.200000,0.600000
133258461,84,000011000011101110111101010010000010010011111001000100100010010011101111101011110010,133270353,0,0.200000,0.600000
133258462,87,101001000001010110001011101101101000001001001111100100010010001001001111010111001100011,133270353,0,0.200000,0.600000
133258463,81,100000101010000111110110010100000100100111110010001001000100100111101011100110001,133251040,0,0.200000,1.000000
133258464,79,0000100100001101011100101101001001001001111100100010010001001001110101110001110,133251040,0,0.200000,1.000000
133258465,84,011100000001110011101010010110100000100100111110010001001000100100111111011000100101,133251040,0,0.200000,1.000000
133258466,84,011001010100111110011110010100100000100100111110010001001001100101101011011000111111,133251040,0,0.200000,1.000000
133258467,84,011100000001110011101010010110100000100100111110010001001000100100111111011001110101,133251040,0,0.200000,1.000000
133258468,81,100000101010000111110110010100000100100111110010001001000100100111101011100110001,133251040,0,0.200000,1.000000
133258469,83,10111000001111010101010010100100000100100111110010001001000100100111010111001101001,133251040,0,0.200000,1.000000
133258470,82,1000000010111110111110010100101100100100111110010001001000100100111011011000111011,133251040,0,0.200000,1.000000
133258471,79,0100100111100111110001010111000010010011101001000100101010010010111101100010111,133251041,0,0.050000,1.000000
133258473,82,0110010001001111100111100101001000001001001111100100010010011001011101101100011111,133251041,0,0.050000,1.000000
133258475,83,11101010000111100101010101011010000010010011011001000100100010010010111111100011010,133251035,0,0.035000,0.700000
133258476,83,11100000001110011101010010110100000100100111110010001001000100100111111011001110101,133251043,0,0.100000,1.000000
133258477,82,1101100010011111011111001010000000010010011110010001001001100100111011011000111011,133251031,0,0.020000,0.500000
133258478,76,0000101111111111100001011010001001001111100100010010001001001010100100011011,133252596,0,0.100000,1.000000
133258479,81,100000001011111011110110100100000100100111110010001001000100100111111101110110101,133270343,0,0.066667,0.500000
133258482,80,00000000011111111111000010100000100100111110010001001000100100101110110011101001,133251042,0,0.100000,0.500000
133258485,82,1110000011100111111100100000100001000011111100100010010001001001011110110101101000,133252598,0,0.040000,1.000000
133258487,84,110010001001110101111100101001000001001001111100100010010011001001110110110001111111,133252599,0,0.100000,1.000000
133258489,83,10100000001110010101110010110100000100100111110010101001000100100101110011010110101,133252599,0,0.100000,1.000000
133258490,82,1000000110111110111110010100101100101100111110010001001000100100111011011000111001,133252599,0,0.100000,1.000000
133258491,82,1010000001111101111100001000001001001001111100100010010001001001100110110001111110,133235542,0,0.040000,0.600000
133258492,82,1000001010100001111101101101000001001001111100100010010001001001111010111001110010,133259006,0,0.050000,0.500000
133258493,79,0100100111101111110001010111000010010011111001000100100010010010111101100010101,133252601,0,0.066667,1.000000
133258494,75,000000111111111100001011010101000001111100100010010001001001010100100011001,133252601,0,0.066667,1.000000
133258495,76,0000101111111111100001011010001001001111100100010010001001001010100100011001,133262185,0,0.024000,0.600000
133258496,83,10000101010000101110110010100000100100111110010001001000100100111101011100100001111,133252602,0,0.200000,1.000000
133258497,83,11101010000111100101010101011010000010010011011001000100100010010010111111100011010,133247258,0,0.070000,0.700000
133258498,83,11011000100111110111110010100100100100100111110010001001001100100111011011000111011,133252602,0,0.200000,1.000000
133258499,83,11101010000111100101010101011010000010010011011001000100100010010010111111100011010,133252602,0,0.200000,1.000000
133258500,84,110101010001110010101010010110100000100100111110010001101000000100011101001000110101,133230482,0,0.025000,0.500000
133258501,83,10000100101011101111100101011001001001001111100100010010001001001110110100001111110,133262185,0,0.024000,0.600000
133258502,84,110101010001110010101010010110100000100100111110010001101000000100011101001000110101,133262185,0,0.020000,0.500000
133258503,80,00000100010000011101101001000000001001110100100010010001001001111000101001100010,133262185,0,0.020000,0.500000
133258504,83,10000101010000101110110010100000100100111110010001001000100100111101011100100001111,133247258,0,0.080000,0.800000
133258505,83,10000000001110000101110000110101000100100111110010001001001100110111110101001101011,133252602,0,0.200000,1.000000
133258506,83,01000010010111110111110010100100100100100111110110001001001100100111011011000111101,133252602,0,0.200000,1.000000
133258507,80,00000000011111011111000010100000100100111110010001001000100100101110110011101001,133230482,0,0.025000,0.500000
133258508,82,1101000100011100101011100101001001011001000111100100010010001001001011110110001010,133247258,0,0.060000,0.600000
133258509,76,0000010101010111110000001000100101100111110010001001001100100110010110001011,133252602,0,0.200000,1.000000
133258510,76,0000101111111111100001011010101001001111100100010010001001001010100100111001,133252604,0,0.050000,1.000000
133258511,86,01001000001010111001011101101101000001001001111100100010010001001001111010111001100011,133252604,0,0.050000,1.000000
133258512,83,11001000100111110011110110100100000100100111110011001001000100100111010110001111111,133252605,0,0.050000,1.000000
133258514,83,11001000100111110111110010100100000100100110110010001001001100100111011011000101111,133252605,0,0.050000,1.000000
133258515,84,111100000001110011101010010110100000100100111110010001001000100100111111011001110111,133237123,0,0.066667,1.000000
133258516,82,1000000010101110111100010101100100100100111110010001001000100100111011011000111101,133237123,0,0.066667,1.000000
133258517,82,1101000100101100101011100101101001001001001111100100010010001001001011110110001010,133237123,0,0.066667,1.000000
133258518,81,100000001111110111010001001000010010011111001000100100110010111101101100011001101,133259003,0,0.060000,0.600000
133258519,84,101110000011100101010100101001000001001001111100100010010001001001110101110011010011,133252606,0,0.100000,1.000000
133258520,84,111001000100111110111110010100100000100100111110010001001001100100111011011000111111,133259003,0,0.060000,0.600000
133258521,83,10000000101111101111100111001001001001001101100100010010001001001110110110001011010,133252606,0,0.100000,1.000000
133258522,76,0010011101010111001010010110000010011111001000100100110010011111101100011101,133252606,0,0.100000,1.000000
133258523,82,1000000010111110111110010100101100100100111110010001001000100100111011011000111001,133252606,0,0.100000,1.000000
133258524,82,1000000110111110111110010100101100101100111110010001001000100100111011011000111001,133252606,0,0.100000,1.000000
133258525,83,01000001010100101011101101101000001001001110100100010010011001001111010110001100010,133252606,0,0.060000,0.600000
133258526,83,11100000001110011101010010110100000100100111110010001001000100100111111011001110101,133252606,0,0.060000,0.600000
133258527,83,01000010011111110111110010100101100100100111110010001001000100110111011011000111001,133228730,0,0.032000,0.800000
133258528,85,1101000000011100001011100111101010001001001111000100010010001001001011110110101101010,133263567,0,0.050000,0.500000
133258529,86,01110100010001110010101110010110100000100100111110010001001000100100101111001000110101,133265304,0,0.053333,0.800000
133258530,83,11100000001110011101010010110100000100100111110010001001000100100111111011001110111,133252609,0,0.100000,1.000000
133258531,82,0111000001111011110110000000010000100100111100010001001000100100111111111010101000,133263574,0,0.050000,0.500000
133258532,82,1011000010111100111110010100101100100100111110010001001000100100111011011000111001,133252609,0,0.100000,1.000000
133258533,84,011101000100011100101011100101101000010010011111001000100100010010010111001100011010,133262191,0,0.060000,0.600000
133258534,84,111011000100111110011110010100000000100100111110010001001001100100111011110001111111,133262191,0,0.060000,0.600000
133258535,83,10001001100111110111110010100100010110100111010010001001001100100111011011000111111,133252610,0,0.032000,0.800000
133258536,84,111000011111011110110010000110100100100111110010011001000100100101111011010110110000,133251038,0,0.020000,0.500000
133258537,75,000100011101111100101000001001001001111100101010010000001001111110110001101,133230497,0,0.040000,0.600000
133258538,82,0000000111101111110100001000001001001111100100010010001001001010111110001111001101,133262186,0,0.053333,0.800000
133258541,88,0101110000011011011111110000110100100100110111110010001001000100100101101010000110001110,133240466,0,0.040000,0.600000
133258542,82,1000001000100001111101100101000001001001111100100010010001001001111010111001100011,133255833,0,0.017143,0.800000
133258543,82,1000001010100001101101100101000001001011111100100010010001000001111010111001100011,133240466,0,0.014286,0.500000
133258544,80,00000000011111011111000010100000100100111110010001001000100100101110110011101001,133254146,0,0.040000,1.000000
133258545,83,10100000001110010101110010110100000100100111110010001001000100100101110011010110101,133254146,0,0.040000,1.000000
133258546,82,1100001010011101001111011010101000100100110110010001001000100100111111001000111101,133254146,0,0.040000,1.000000
133258547,81,100000101010000111110110110100100100100111110010001001000100100111101011100111001,133257454,0,0.024000,0.600000
133258548,82,1010000001111101111100001001001001101001111100100010010001001001100110110001111110,133254146,0,0.017143,0.500000
133258549,84,111010001000111010101110110110100000100100111110010001001000100100101011011000110101,133225410,0,0.017143,0.800000
133258550,76,0000001111101111010001011000010010011111001000100100110010011101101100011101,133254146,0,0.040000,1.000000
133258551,83,10100000001110010101110010110100000100100111110010001001000100100101110011010110101,133240466,0,0.017143,0.600000
133258552,86,10111000001101101111111000011010010100110111110010001001000100100101101010000110001110,133254146,0,0.000000,0.000000
133258553,84,000011000011001110111101010010000010010011111001000100100010010011101111101011110010,133254146,0,0.040000,1.000000
133258554,84,011001010100111110011110010100100000100100111110010001001001100101101011011000111111,133254146,0,0.040000,1.000000
133258555,80,00000000011111011111000010100000100100111110010001001000100100101110110011101001,133255833,0,0.017143,0.800000
133258556,83,00000000001110010101110000110101000110100111110010001001001100110111110101001101011,133254146,0,0.040000,1.000000
133258557,83,00000000000111101111101100001000001011001011100100010010001001001111111011101111010,133225410,0,0.040000,0.600000
133258558,82,1101001100011100101011100101101001001011001111100100010010001001001011110110001010,133254148,0,0.200000,1.000000
133258559,83,01100100010011111001110001010010000000100111110010001001001100100111011011000111111,133255840,0,0.060000,0.600000
133258560,82,0000000000111001000111000011010100010010011111001000100100110011011111010100110101,133235542,0,0.040000,0.600000
133258562,84,111001000100111110011110010100000000100100111110010000001001100100101011011000111111,133230500,0,0.040000,0.600000
133258564,85,0010000010011100111011100100101000001001001111100100010010001001001111110010011101010,133230500,0,0.040000,0.600000
133258567,82,1100001010011101001111011010101000100100110110010001001000100100111111001000111101,133254149,0,0.040000,0.600000
133258568,82,1000000010101110111100010101100100100100111110010001001000101100111010011000111101,133265291,0,0.100000,0.500000
133258569,77,00000000111110111110001010000010010011111001000100100010010010111011000110100,133230500,0,0.040000,0.600000
133258570,76,0000001001010111110000100000100100100111110010001001000100100110000110001011,133252597,0,0.040000,0.600000
133258571,84,000011000011101110111101010010000010010011111001000100100010010011101111101011110010,133254150,0,0.100000,1.000000
133258572,86,01100110010001111001011001010010000010010011111001100100100111010011100101100011111110,133254150,0,0.100000,1.000000
133258573,81,100000001110101111101001001000001001001111101100010010001001001101110010001111001,133255834,0,0.060000,0.600000
133258574,83,10100000001100010101110010110100000100100111110010001001001100100101110011010110101,133254150,0,0.100000,1.000000
133258575,76,0000000011100111010001011000010010011111001000100100110010011101101100011101,133254150,0,0.100000,1.000000
133258576,83,00100000001111101111110101001000101001001111100110010010011001001110111110001111001,133254150,0,0.100000,1.000000
133258577,86,10010000000011100111011100100101000001001001111100100010010001001001111110010011101011,133252597,0,0.040000,0.600000
133258578,75,000101011110111100101000001001001001111100100010010000001001111110100001111,133254150,0,0.100000,1.000000
133258579,84,011001000100111110011110010100100000100100111110010001001001100100111011011000111111,133254150,0,0.100000,1.000000
133258580,88,0101110000011011011111110000100100100100110111110010001001000100100101101010000110001110,133254150,0,0.100000,1.000000
133258581,84,011101000100011100101011100101101000010010011111001000100100010010010111001100011010,133254150,0,0.100000,1.000000
133258582,81,100000101010000111110110010100000100100111110010101001000100000111101011100110001,133225410,0,0.120000,0.600000
133258583,82,0000000000111001000111000011010100010010011111001000100111110011011111010100110101,133254150,0,0.100000,1.000000
133258584,73,0010001110011110010100000100100100111110010011001000000100101111011000110,133254150,0,0.100000,1.000000
133258585,82,1000001010110101011101111101000001001001111100100110010001001001111110110101100010,133252597,0,0.033333,0.500000
133258586,84,011101010100011100101011100101101000010010011101001000100100010010010111001100011010,133254150,0,0.100000,1.000000
133258587,83,11100000001110011101010010110100000100100111110010001001000100100111111011001110101,133254150,0,0.100000,1.000000
133258588,82,0000000000111001000111000011010100010010011111001000100100110011011111010100110101,133254150,0,0.100000,1.000000
133258589,86,01100110010001111001011001010010000010010011111001100100100111010011100101100011111110,133254150,0,0.100000,1.000000
133258591,76,0000100010101111100101001001001001001111100100010010000001001111110110001101,133233877,0,0.060000,0.600000
133258592,77,00000000111110111110001010000010010011111001000100100010010010111011000110100,133254151,0,0.100000,1.000000
133258593,86,10100000001011111011111011010010000010010011111001000100100010010011111110111011010111,133254155,0,0.053333,0.800000
133258594,83,00000000000111101111101100001000001011001011100100010010001001001101111011101111010,133254151,0,0.100000,1.000000
133258595,80,10000101010000011101101001000000001001110100100010010001101001111000101001100010,133254151,0,0.100000,1.000000
133258597,82,0111000000111011110110000000010000100100111100010001001000000100111111111010101001,133254151,0,0.100000,1.000000
133258598,85,0100000000111110011111010100110000100100111110010001001001100100111011111000111100110,133254151,0,0.100000,1.000000
133258599,83,10100000001110010101110010110100000100100111110010001001000100100101110011010110101,133233877,0,0.060000,0.600000
133258600,83,10100001001110000101110010110100000100100111110010001001000100100101110101010110101,133233877,0,0.060000,0.600000
133258601,85,1110100000001110010101110010110111000100100111110010001001001100100100111011001110101,133254152,0,0.040000,1.000000
133258602,81,001001001111011111100010101110000100100111110010001001000100100101111011000101110,133245494,0,0.033333,0.500000
133258603,80,00000000011100101010100000101010010010011111001000100100110011011111010100110100,133262195,0,0.035000,0.700000
133258604,84,111001000100111110111110010100100000100100111110010001001001100100111011011000111111,133254153,0,0.066667,1.000000
133258605,76,0010001101110111001100010110100100111110010001001000100100111111011000111111,133254153,0,0.066667,1.000000
133258606,84,110010001001111101111100101000000001001001101100100010010011001001110110110001111110,133262195,0,0.030000,0.600000
133258607,83,10111001001110010101010010100100000100100111110010001001000100100111010111001101001,133225396,0,0.050000,0.500000
133258608,84,111001000100111110111010010100000000100100111110010001001001100101111011011000111111,133254153,0,0.066667,1.000000
133258609,80,00000000011100101010100000101010010010011111001000100100110011011111010100110100,133262195,0,0.035000,0.700000
133258610,81,100000101010000111110110010100000100100011110010001001000100100111101011100110001,133262195,0,0.035000,0.700000
133258611,84,111001000100101110111110010100100000100100111110010001001001100100111011011000111111,133262195,0,0.035000,0.700000
133258612,86,01110100010001110010101110010110100000100100111110010001001000100100101111001000110101,133255825,0,0.060000,0.600000
133258613,85,1101010000011100101010100101111000001001001111100100010010001001001011110110001101011,133268600,0,0.033333,0.700000
133258614,83,00101000001110010101010010110100000000100111110010001001000100100101110100001100011,133260443,0,0.140000,0.700000
133258615,84,110100000001110010101110010110100000000100111110010001001000100101101110011011110101,133254156,0,0.040000,1.000000
133258616,76,0000010101010111110000001000100101100111110010001001001100100110000110001011,133254156,0,0.040000,1.000000
133258617,81,000000011110111111010100100000100100111110010001001000100100111011111100111100110,133254156,0,0.040000,1.000000
133258618,76,0000010101010111110000001000100101100111110010001001001100100110000110001011,133254156,0,0.040000,1.000000
133258619,82,1110000000111001110101001011010000010010011111001000100100010010011111101100111111,133266908,0,0.024000,0.600000
133258620,84,111100000001110011101010010110100000100100111110010001001000100100111111011001110111,133254156,0,0.040000,1.000000
133258621,76,0000010101010111110000001000100101100111110010001001001100100110000110001011,133254156,0,0.040000,1.000000
133258622,75,000100011011111100101000001001000001111100100010010000001001111110110001101,133254156,0,0.040000,1.000000
133258623,77,11000000011101111010001011000010010011111001000100100110010011101101100011101,133254156,0,0.040000,1.000000
133258624,76,0000010101010111110000001000100101100111110010001001001100100110000110001011,133266908,0,0.024000,0.600000
133258625,84,110100000001110010101110010110100000000100111110010001001000100101101110011011110101,133254156,0,0.040000,1.000000
133258626,81,000000011110111111010100100000100100111110010001001000100100111011111100111100110,133230492,0,0.020000,0.600000
133258627,84,111100000001110011101010010110100000100100111110010001001000100100111111011001110111,133254156,0,0.040000,1.000000
133258628,77,11000000011101111010001011000010010011111001000100100110010011101101100011101,133266908,0,0.028000,0.700000
133258629,84,111010011111011110110010000110100100100111110010001001000100100101111011010110110000,133254158,0,0.050000,0.800000
133258630,75,000001111011110110101010010001001001111100100010010010001001011111110001001,133268613,0,0.100000,0.600000
133258631,83,10100000001110010101110010110100000000100111110010001001000100101101110011011110101,133230486,0,0.050000,0.500000
133258632,83,11000000010111110111110010100101100100100111110010001001000100100111011011000111001,133254157,0,0.060000,0.600000
133258633,86,00110010001001111100111100101001000101001001111100100010000011001001110110110001111101,133238700,0,0.040000,0.600000
133258634,87,011101000100011100101011100101101000001001001111100100010010001001001011110110001101010,133243654,0,0.025000,0.500000
133258635,80,00000100111101111110001000111000010010011111001000100100010010010111101100010110,133263561,0,0.020000,0.500000
133258636,82,0100000000111010111110000010100000100100111110010001001000100000111110110000101001,133245512,0,0.023333,0.700000
133258637,74,00001010101011111000000100010010110011111001000100100110011011000011000101,133245512,0,0.020000,0.600000
133258638,84,111001000110111110011110011100100000100101111110010001001001000100011011111100111101,133230486,0,0.100000,0.500000
133258639,85,0000000000010100101011111111100110001001001111100100010010001001001111010110001011011,133254158,0,0.100000,1.000000
133258640,82,1000001010110000011101101101000001001001111100100010010001001001111010110001000011,133266898,0,0.050000,0.500000
133258641,84,111010001000111010101110010110100000110100111110010001001000100100101011011000110101,133254159,0,0.100000,1.000000
133258642,84,011000000011110111111100001101001001001001111100100010010001001001011110100001100011,133254159,0,0.100000,1.000000
133258643,82,1101001100011100101011100101101001001011001111100100010010001001001011110110001010,133254159,0,0.100000,1.000000
133258644,76,0000010101010111110000001000100101100111110010001001001100100110000110001011,133254159,0,0.100000,1.000000
133258645,83,00000110011110111111110100000000100100110110010001001000100100111011111000111100110,133254159,0,0.100000,1.000000
133258646,81,100000101000000111110110010100000100100111110010001001000100100111101011100110001,133254159,0,0.100000,1.000000
133258647,83,11100000001110011101010010110100000100100111110010001001000100100111111011001110101,133254159,0,0.100000,1.000000
133258648,83,01001000100101010111110010100100000100100110110010001001001100100111011011000111111,133254159,0,0.100000,1.000000
133258649,84,111110000011100100010100101001000001001001111100100010010001001001110100111001101000,133254159,0,0.100000,1.000000
133258650,82,1000000010111010111110010100101100100100111110010001001000100100111011011000111001,133254159,0,0.100000,1.000000
133258651,83,11001000100111110111110010100000000100100100110010001001001100100111011011000111111,133254159,0,0.100000,1.000000
133258652,82,1000000001110111101010010110100010100100111110010001001000100100111111001000110101,133254159,0,0.100000,1.000000
133258653,75,000100011101111100101000001001001001111100100010010000001001111110100001101,133254159,0,0.100000,1.000000
133258654,86,11110010001001111101111100101001000001001001111100100010010011001001110110110001111110,133254159,0,0.100000,1.000000
133258655,84,111000000011100111010100101101000001001001111100100010010001001001111110110011101010,133254159,0,0.100000,1.000000
133258656,83,00000110011110111111110100000000100100110110010001001000100100111011111000011100110,133254159,0,0.100000,1.000000
133258657,84,111000000011100111010100101101000001001001111100100010010001001001111110110011101010,133254159,0,0.100000,1.000000
133258658,76,0010011101010111001010010110000010011111001000100100110010011111101100111101,133255824,0,0.200000,1.000000
133258659,82,1000001010110000011101101101000001001001111100100010010001001001111010110001000011,133255824,0,0.200000,1.000000
133258660,84,111000000011100111010100101101000001001001111100100010010001001001111110110011101010,133255824,0,0.200000,1.000000
133258661,83,10000000000111110011111010000110000100100111110010001001001100100111011110001111001,133255824,0,0.200000,1.000000
133258662,82,1010000001111101111100001001001001101001111100100010010001001001100110110001111110,133255824,0,0.200000,1.000000
133258663,84,010000000011111001111101010011000010010011111001000100100110010011101111100011110011,133255824,0,0.200000,1.000000
133258664,83,01000001010100001110111101101000001001001111100101010010001001001111010111001100010,133255826,0,0.160000,0.800000
133258665,82,1000000010101110111100010101100100100100111111010001001000100100111011011000111101,133255826,0,0.200000,1.000000
133258666,83,01001000100101010111110010100100000100100110110010001001001100100111011011000111111,133255831,0,0.200000,1.000000
133258667,79,0000000110101011100101001011001001001111100100010010011001001111110110001111111,133255831,0,0.200000,1.000000
133258668,84,110101010001110110101110010110100000100100111110010001001001100100111111000000100101,133255831,0,0.200000,1.000000
133258669,75,000001111011111110101010010001001001111100100010010011001001011111110001101,133255831,0,0.200000,1.000000
133258670,84,000000000011111001111101010011000010010011111001000100100110010011101111100011110011,133255831,0,0.200000,1.000000
133258671,84,000000000011111001111101010011000010010011111001000100100110010011101111100011110011,133255831,0,0.200000,1.000000
133258672,81,100000001011111011111011010010000000100111110010001001000100100111111101110110101,133255831,0,0.200000,1.000000
133258673,84,000000000011111001111101010011000010010011111001000100100110010011101111100011110011,133255831,0,0.200000,1.000000
133258674,86,11101010000011100101010100101111000001001001111100100010010001001001011110110001101011,133255831,0,0.200000,1.000000
133258675,86,10010000010101000010111011011010000010010011111001000100100010010011110101100011000101,133254148,0,0.160000,0.800000
133258676,75,000001111011111110101010010001001001111100100010010011001001011111110001101,133255831,0,0.200000,1.000000
133258677,76,0100010101010111110000001000100101100111110010001001001100100110000110001011,133255831,0,0.200000,1.000000
133258678,84,110010001001111101111100101001000001001001111100100010010011001001110110110001111111,133255831,0,0.200000,1.000000
133258679,84,011000000011110011111100001101101101001001111100100010010001001001011110100001100011,133255831,0,0.200000,1.000000
133258680,79,0000000110101011100101001011001001001111100100010010011001001111110110001111111,133254148,0,0.140000,0.700000
133258681,76,0100010101010111110000001000100101100111110010001001001100100110000110001011,133255831,0,0.200000,1.000000
133258682,84,000000000011111001111101010011000010010011111001000100100110010011101111100011110011,133255831,0,0.200000,1.000000
133258683,86,11100000011011011111110000110100100100100111110010001001000100100101111010000110001111,133243651,0,0.080000,0.600000
133258684,82,1110000011110111101100100000100001001001111100100010010001001001011010110111101000,133255831,0,0.200000,1.000000
133258685,84,011000000011110011111100001101101101001001111100100010010001001001011110100001100011,133255831,0,0.200000,1.000000
133258686,84,110101010001110110101110010110100000100100101110010001001001100100111111000000100101,133266902,0,0.020000,0.500000
133258687,84,011001000100111110011110010100100000100100111110010001001001100100111011011000110111,133262189,0,0.024000,0.600000
133258688,77,00100000111110111110001010000010010011111001000100100010010010111011000110100,133255832,0,0.020000,0.800000
133258689,84,011001000100111110011110010100100000100100111110010001001001100100111011011000110111,133255832,0,0.028000,0.700000
133258690,84,011001000100111110011110010100100000100100111110010001001001100100111011011000111111,133266902,0,0.024000,0.600000
133258691,83,11001000100111110111110010100100000100100110110010001001001100100111011011000111111,133262189,0,0.024000,0.600000
133258692,83,10100000001110010101110010110100000100100111110010001001010100100101110011010110101,133245520,0,0.100000,0.500000
133258693,84,011001000100111110011110010100100000100100111110010001001001100100111011011000111111,133255832,0,0.040000,1.000000
133258694,75,000001111011011110101010010001001001111100100010010011001001011111110001101,133255832,0,0.028000,0.700000
133258695,84,110101010001110110101110010110100000100100101110010001001001100100111111000000100101,133255832,0,0.040000,1.000000
133258696,83,10100000001110010101110010110100000100100111110010001001000100100101110011010110101,133255832,0,0.040000,1.000000
133258697,75,000001111011011110101010010001001001111100100010010011001001011111110001101,133266902,0,0.024000,0.600000
133258698,81,100000001111110111010001001000010010011111001000100100110010111101101101011001101,133266902,0,0.024000,0.600000
133258699,85,1011001000100111110011100010100100000100100111110010001001001100100111011011000111111,133245520,0,0.120000,0.600000
133258700,75,000001111011011110101010010001001001111100100010010011001001011111110001101,133255832,0,0.028000,0.700000
133258701,85,1011001000100111110011100010100100000100100111110010001001001100100111011011000111111,133255832,0,0.040000,1.000000
133258702,73,0010001110011110010100000100100100111110010001001000000100111111011000110,133255832,0,0.040000,1.000000
133258703,83,11001000100111110111110010100100000100100110110010001001001100100111011011000111111,133262189,0,0.024000,0.600000
133258704,81,100000001111110111010001001000010010011111001000100100110010111101101101011001101,133262189,0,0.020000,0.500000
133258705,73,0010001110011110010100000100100100111110010001001000000100111111011000110,133245520,0,0.100000,0.500000
133258706,75,000001111011011110101010010001001001111100100010010011001001011111110001101,133245520,0,0.120000,0.600000
133258707,77,00000000111110111110001010000010010011111001000100000010010010111011000110000,133262186,0,0.046667,0.700000
133258708,77,00000000111110111110001010000010010010111001000100100010010010111011000110100,133255833,0,0.040000,1.000000
133258709,77,00000000111110111110001010000010010010111001000100100010010010111011000110100,133262186,0,0.046667,0.700000
133258711,83,11100000001100011101010010110100000100100111110010001001000100100111101011001110101,133247260,0,0.066667,1.000000
133258712,83,01000000010111110111110110100100000100100111110010001001010100100111111101110110101,133255834,0,0.100000,1.000000
133258713,85,0000000010010100101011111111100110101001001111100100011010001001001111010110001011011,133252597,0,0.040000,0.600000
133258714,83,11100000001100011101010011110100000100100111110010001001000100100111101011001110101,133255834,0,0.080000,0.800000
133258715,85,0110010101001111100111100101001000001001001111100100010010011001011010110110001111111,133252597,0,0.040000,0.600000
133258716,84,111001000110111110011110011100100000100101111111010001001001000100011011111100111111,133255834,0,0.100000,1.000000
133258717,82,1000000010111110111110010100101100100100111110010001001000100100111011011000111001,133265301,0,0.100000,1.000000
133258718,80,01111001110011111000010001110000100100111110011001001000101100101111011000101111,133265301,0,0.070000,0.700000
133258719,83,01000000010111110111110110100100000100100111110010001001010100100111111101110110101,133255834,0,0.100000,1.000000
133258720,82,1000000010111110111110010100101100100100111110010001001000100100111011011000111001,133255834,0,0.100000,1.000000
133258721,84,000000000011111001111111010011000010010011111001000100100110010011101111100011110011,133252597,0,0.040000,0.600000
133258722,83,00000000000111101111101100001000001011001011100100010010001001001111111011101111010,133255834,0,0.100000,1.000000
133258723,84,011001000100111110011110010100100000100100111110010001001001100100111011011000111111,133255834,0,0.100000,1.000000
133258724,83,11100000001110011101010010110100000100100111110010001001000100100111111011001110101,133255835,0,0.100000,1.000000
133258725,86,11100000011011011110110000110100000100100111110010001001000100100101111010000110001111,133255837,0,0.060000,0.600000
133258727,81,100000001011111011110110100100000100100111110010001001000100100111111101110110101,133255838,0,0.030000,0.600000
133258728,83,10000000101011101111101101011001001001001111100100010010001001001110110100001111110,133255838,0,0.050000,1.000000
133258731,86,01110100010001110010101110010110100000100100111110010001001000100100101111011000110101,133255838,0,0.050000,1.000000
133258733,86,11100000011011011111110000110100000100100111110010001001000100100101111010000110001111,133265298,0,0.050000,0.600000
133258736,85,1100010001001111100110101101001000001001001101100100010010011011001110100110001111111,133222210,0,0.060000,0.600000
133258737,83,01000010011110111011100100001100000001001111100100010000011001001010100110101100011,133262196,0,0.100000,0.500000
133258738,83,01101000100101100101011100101101001001001001111100100010010001001001011110110001010,133255839,0,0.100000,1.000000
133258739,82,1001001000100001011111101101000001001001111100100010010001011001101010111001100011,133255839,0,0.100000,1.000000
133258740,84,000011000011101110111101010010000010010011111001000100100010010011101111101011110010,133255830,0,0.100000,0.600000
133258741,85,1100010001001111100110101101001000001001001101100100010010011011001110100110001111111,133255839,0,0.100000,1.000000
133258742,85,0111110000011100101010100101001000001001001111100110010010001001001110100111001101000,133255839,0,0.100000,1.000000
133258743,76,0100100011110111100101000001001001001111100100010010001000001111110110001101,133255830,0,0.100000,0.500000
133258744,83,10111000001111010101010010100100000100100111110010001001000100100111010111001101001,133245503,0,0.100000,0.600000
133258745,83,11100000001110011101010010110100000100100111100010001001000100100111111011001110101,133255839,0,0.100000,1.000000
133258746,79,0000001011111011010010100000000100100111110010001001000100100111011011000111110,133255830,0,0.100000,0.600000
133258747,86,11100000011011111111110000110100000100110111110010001001000100100101111110010110001111,133255839,0,0.100000,1.000000
133258748,86,11000000011011011110110000110100000100100111110010001001000100100101111010000110001111,133255830,0,0.100000,0.600000
133258749,85,0000000010010100101011111111100110101001001111100100011010001001001111010110001011011,133255839,0,0.100000,1.000000
133258750,83,11100000001110011101010010110100000100100111110010001001000100100111111011001110101,133238709,0,0.050000,0.500000
133258751,82,1110000011100111111100100000100001001001111100100000010001001001011110110101101000,133255841,0,0.050000,1.000000
133258752,77,10000000011101111010001111000010010011111001000100100110010011101101100011101,133254158,0,0.070000,0.700000
133258753,80,00000000011111011111000010100000100100111110010001001000100100101110110011101001,133260447,0,0.120000,0.600000
133258754,80,00000000011111011111000010100000100100111110010001001000100100101110110011101001,133238709,0,0.050000,0.500000
133258758,74,00000011101111010101011000010010011101001000100100110010011101101100011101,133257451,0,0.200000,0.700000
133258759,83,00000000001110000101111000110101000100100011110010001001001100110111111101001101011,133262187,0,0.060000,0.600000
133258760,85,0111001000100111110011110010100100000100100111110010001001001100100011011111100111111,133255843,0,0.200000,1.000000
133258761,85,0010000000011100111011100000101000001001001111100100010010001001001111110010011101011,133257451,0,0.200000,0.600000
133258762,84,111001000100111110011110010100000000100100111110010001001001100100101011011000111111,133255843,0,0.200000,1.000000
133258763,81,100000001111110111010001001000010010011111001000100100110010111101101100011001101,133262187,0,0.070000,0.700000
133258764,82,0100000000111010111110000010100000100100111110010001001000100000111110110000001001,133262187,0,0.070000,0.700000
133258765,76,0001000111001111001010000010010010011111001000100100000010011111101100011011,133262187,0,0.070000,0.700000
133258766,84,111001000100111110011110010100100000100100111110010001001001100100011011111100111111,133255843,0,0.200000,1.000000
133258767,83,11100000001110011101010010110100000100100111110010001001000100100111111011001110101,133255843,0,0.200000,1.000000
133258768,84,111001000100111110111110010100100000100100111110010001001001100100111011011000111111,133255843,0,0.200000,1.000000
133258769,76,0010001001110111001100010010100100111110010001001001100100111111011000101111,133257451,0,0.200000,0.600000
133258770,76,0010011101010111001010010110000010011111001000100100110010011111101100011101,133255843,0,0.200000,1.000000
133258771,75,000100011010111100101000001001000001111100100010010001001001111110110001101,133257450,0,0.100000,1.000000
133258772,83,11001010101111110111110010100100100100100111110010001001001100100111011011000111011,133257450,0,0.100000,1.000000
133258773,84,110101010001110110111110010110100000100100101110010001001001100100111111010000100101,133257450,0,0.100000,1.000000
133258774,79,0000001011111011010010100000000100100111110010001001000100100111011011000111110,133257450,0,0.100000,1.000000
133258775,86,11100000011011011111110000110100000100100111110010001001000100100101111010000110001011,133257450,0,0.100000,1.000000
133258776,85,1110100010001110110111110010110100000100100101110010001001001100100111111000000100101,133257450,0,0.100000,1.000000
133258777,86,01100110010001111001011001010010000010010011111001100100100110010011100101100011111110,133265289,0,0.030000,0.600000
133258778,76,0011001111101111111101001100010010011111001000100110010010011100101000110110,133265289,0,0.035000,0.700000
133258779,83,10111001001110010101011010100100000100100111110010001001000100110111010111000101001,133265289,0,0.040000,0.800000
133258780,75,000100011100111110101000001001001001111100100010010010001001111110110001101,133257450,0,0.100000,1.000000
133258781,84,110101010001110110111110010110100000100100101110010001001001100100111111000000100101,133230485,0,0.060000,0.600000
133258782,79,0000001011111011010010100000000100100111110010001001000100100111011011000111110,133257450,0,0.100000,1.000000
133258783,77,00000100111110111110000101000010010011111001000100100010010000111011000110100,133257450,0,0.100000,1.000000
133258784,76,0000010101010111110000001000100101100111110010001001001100100110000100001011,133257450,0,0.100000,1.000000
133258786,81,100000101011000000110110100100000100100111110010001001000000100111101011100100001,133243657,0,0.070000,0.700000
133258787,77,00000000111110101110001010000010010011111001000100100010010010111011000110100,133255828,0,0.066667,0.600000
133258788,82,1000000010100001111101101101000001001001111100100010010001001001111010111001110010,133243657,0,0.080000,0.800000
133258789,89,01011100000110110111111100001101001001001101111100100010010001001001011010100001100011100,133257452,0,0.066667,1.000000
133258790,82,1100001010011101001111011010101000100100110110010001001000100100111111001000111101,133260451,0,0.050000,0.500000
133258791,83,01000010010111110111110110100100000100100111110010001001000100100111111101110110101,133243644,0,0.060000,0.600000
133258792,76,0010001101110111001100010110100100111110010001001001100100111111011000111111,133260451,0,0.070000,0.700000
133258793,82,0100010100111101111110001000111000010010011111001000100100010010010111101100010111,133260451,0,0.060000,0.600000
133258794,84,111001000100111110011110010100000000100100111110010000001001100100101011011000111111,133260451,0,0.060000,0.600000
133258795,82,0000000111101111110100001000001001001111100100010010001001001010111110001111001101,133257452,0,0.066667,1.000000
133258796,83,01000010010111110111110110100100000100100111110010001001000100100111111101110110101,133263567,0,0.060000,0.600000
133258797,88,0101110000011011011111110000111100100100110111110010001001000100100101101010000110001110,133260451,0,0.050000,0.500000
133258798,84,111001000100111110011110010100000000100100111110010001001001100100101011001000111111,133260451,0,0.060000,0.600000
133258799,82,1100001010011101001111011010101000100100110110010001001000100100111111001000111101,133257452,0,0.066667,1.000000
133258800,82,1000000010101110111100010101100100100100111110010011001000100110111011011000111101,133257453,0,0.066667,1.000000
133258801,84,111101010000111110101010101111010000010010011111001000100100010010010111111100011010,133257453,0,0.066667,1.000000
133258802,81,100000101010000111110110010100000100100101110010101001000100100111101011100110001,133268595,0,0.080000,0.400000
133258803,83,11100000001110011101010010110100000100100111110010001001000100100111111011001110101,133243653,0,0.050000,0.500000
133258804,83,11000000001111011101000110010100010101100111110010001001000100100111011001001110101,133257453,0,0.066667,1.000000
133258805,85,1011001000100111110011100010100100000100100111110010001001001100100111011011000111111,133270354,0,0.066667,0.600000
133258806,84,111101010000111110101010101011010000010010011111001000100100010010010111111100011010,133243653,0,0.050000,0.500000
133258807,86,11110010001001111101111100101001000001001001111100100010010011001001110110110001111110,133257453,0,0.066667,1.000000
133258808,83,10000000000111110011111010000110000100100111110010001001001100100111011110001111001,133257453,0,0.066667,1.000000
133258809,84,011001000100111110011110010100100000100100111110010001001001100100111011011000111111,133270354,0,0.066667,0.600000
133258810,84,111101010000111110101010101111010000010010011111001000100100010010010111111100011010,133270354,0,0.066667,0.600000
133258811,76,0000010101010111110000001000100101100111110010001001001100100110000110001011,133270354,0,0.066667,0.600000
133258812,83,11000000001111011101000110010100010101100111110010001001000100100111011001001110101,133270354,0,0.066667,0.500000
133258813,83,11101000100111100001011100101101001101001001111100100010010101001001011110110001010,133243653,0,0.050000,0.500000
133258814,86,11110010001001111101111100101001000001001001111100100010010011001001110110110001111110,133257453,0,0.066667,1.000000
133258815,84,110110000011100101010100101001000001001001111101100010010001001001110100111001101000,133270354,0,0.066667,0.500000
133258816,82,1101000100011100111011100101101001001001001111100100010010001001001011110110001010,133243653,0,0.050000,0.500000
133258817,84,111001010100111110111110010100100000100100111110010001001001100100111011011000111011,133243653,0,0.060000,0.600000
133258818,84,111001000100111110111110010100100000100100111110010001001001100100111011011000111111,133257453,0,0.066667,1.000000
133258819,83,10100000001110010101110010110100000100100111110010001001000100100101110011000110101,133254148,0,0.160000,0.800000
133258820,82,1010000001111101111100001001001001001001111100100010010001001001100110110001110110,133235547,0,0.050000,0.500000
133258821,88,0111010011000111001010111001011010000010010011111001000100100010010010111101100111010100,133257454,0,0.040000,1.000000
133258822,79,0000000011111011111000010100000100100111110010001001000100100101110110001101001,133255840,0,0.080000,0.800000
133258823,83,11110000000111001110101001011100000100100111110010001001000100100111111011001110111,133254148,0,0.160000,0.800000
133258824,82,1101000100011100101011100101001001001001001111100100010010001001001011110110001010,133240466,0,0.024000,0.600000
133258825,83,11001000100111110111110010100100000100100111110010001001001100100111011011010111111,133257454,0,0.040000,1.000000
133258826,83,10111001001110010101011010100100000100100111110010001001000100110111010111001101001,133257454,0,0.040000,1.000000
133258827,80,00000000011111011111000010100000100100111110010001001000100100101110110011101001,133257454,0,0.040000,1.000000
133258828,86,11010011001111001010111001011010000010010011111001000100100010010010111101100011010100,133257454,0,0.000000,0.000000
133258830,75,000101011110111100101000001001001001111100100010010001001001111110100001101,133232165,0,0.060000,0.600000
133258831,80,00000000011111011111000010100000100100111110010001001000100100101110110011101001,133255840,0,0.080000,0.800000
133258832,84,011000000011110011111100001101001101001001111100100010010001001001011110100001100011,133262178,0,0.120000,0.600000
133258833,87,011101000100011100101011100101101000001001001111100100010010001001001011110110001101010,133257455,0,0.066667,1.000000
133258834,81,100100010010101011111010100100000100100110110010001001001100100111011011000111111,133257455,0,0.066667,1.000000
133258835,82,1010000001111101111100001001001001001001111100100010010001001001100110110001111110,133247266,0,0.030000,0.600000
133258836,84,111001000100111110111110010100100000100100111110010001001011100100111011011000111111,133249267,0,0.060000,0.600000
133258837,80,00000100111110111110000101000001001001111100000010010001001000011101100011010010,133257455,0,0.053333,0.800000
133258838,83,11100000111001111011001000001000010010011111001000100100010010010111101111011010000,133247252,0,0.066667,0.500000
133258839,86,10010000010101000010111011011010000010010011111001000100100010010011110101100011000101,133259015,0,0.140000,0.700000
133258840,83,01000010010111110111110010100100100100100111110110001001001100100111011011000111101,133257456,0,0.100000,1.000000
133258841,83,10100000001110000101110010110100000100100111110010001001000100100101110111010110111,133257457,0,0.050000,1.000000
133258842,82,1001001000100001011111101101000001001001111100100010010001011001101010111001100011,133257457,0,0.050000,1.000000
133258843,81,010000011110111111010100100000100100111110010001001000100100111011111100111100110,133257457,0,0.040000,0.800000
133258844,83,11010000001111101111100001001001001001001111100100010010001001001100110110001110110,133257457,0,0.050000,1.000000
133258845,75,000100011011111100101000001001000001111100100010010000001001111110110001101,133257457,0,0.050000,1.000000
133258846,85,0111110000011100101010100101001000001001001111100110010010001001001110100111001101000,133257457,0,0.050000,1.000000
133258847,82,1001001000100001011111101101000001001001111100100010010001011001101010111001100011,133257457,0,0.050000,1.000000
133258848,83,10100000001110000101110010110100000100100111110010001001000100100101110111010110111,133257457,0,0.050000,1.000000
133258849,84,111100000001110011101010010110100000100100111110110001001000100100111111011001110111,133257457,0,0.040000,0.800000
133258850,81,000000101110010001110010110100000100100111110010001001000100100111111011000110000,133257457,0,0.050000,1.000000
133258851,80,10000101010000011101101001000000001001110100100010010001101001111000101001100010,133257457,0,0.050000,1.000000
133258852,82,1000000010111110111110011100000100100100111110010001001001100100111011011000101101,133257458,0,0.066667,1.000000
133258853,85,1001000001010100001011000100101000001001001111100100010010001001101111010111001100010,133257458,0,0.066667,1.000000
133258854,78,001001001111101111000001010000010010011111001000100100010010000110011000110100,133257458,0,0.066667,1.000000
133258855,83,11001001100111110011110010100100010100100111010010001001001100100111011011100111111,133257458,0,0.066667,1.000000
133258856,84,011000000011110011111100001111101101001001111100100010010001001001011110100001100011,133257458,0,0.066667,1.000000
133258857,80,00000000011111011111000010100000100100111110010001000000100100101110110001101001,133257458,0,0.066667,1.000000
133258858,86,01001000001010110001011101101101000001001001111100100010010001001001111010111001100011,133257458,0,0.066667,1.000000
133258859,83,10100000001110010101110010110000001100100111110010001001000100100101110011010110101,133257458,0,0.066667,1.000000
133258860,85,0100000000111110011111010100110000100100111110010001001001100100111011111000111100110,133257458,0,0.066667,1.000000
133258861,79,0000000011111011010010100000000100100111110010001001000100100111011011000111110,133257458,0,0.066667,1.000000
133258862,85,0111110000011100101010100101001000001001001111100110010010001001001110100111001101000,133257458,0,0.066667,1.000000
133258863,85,1001000001010100001011000100101000001001001111100100010010001001101111010111001100010,133257458,0,0.066667,1.000000
133258864,83,10100000001110010101110010110100000100100111110010001001100100100101110011010110101,133257458,0,0.066667,1.000000
133258865,76,0010001101110111001100010110100100111110010001001001100100111111011000111111,133257458,0,0.066667,1.000000
133258866,85,0111110000011100101010100101001000001001001111100110010010001001001110100111001101000,133260445,0,0.033333,0.500000
133258867,82,1100001010011101001111011010101000100100110110010001001000100100111111001000111101,133235545,0,0.050000,0.700000
133258868,83,11100000111001111011001000001000010010011111001000100100010010010111101111011010000,133238705,0,0.040000,0.600000
133258869,84,011000000011110111111100000101001001001001111100100010010001001001011110100001100011,133270338,0,0.160000,0.800000
133258870,84,011001010100111110011110010100100000100100111110010001001001100101101011011000111111,133237113,0,0.070000,0.700000
133258871,82,1100001010100001111101100101000001001001111100100010010001001101111010011001100011,133257459,0,0.040000,0.800000
133258872,75,000100011000111100101000001001000001111100100010010001001001111110110000101,133237113,0,0.070000,0.700000
133258873,83,10100000001110000101110010110100000100100111110010001000000100100101110111110110111,133257459,0,0.035000,0.700000
133258874,83,11100000111001111011001000001000010010011111001000100100010010010111101111011010000,133237113,0,0.080000,0.800000
133258875,80,01111001110011111100010001110000100100111110011001001000100100101111011000101111,133270338,0,0.140000,0.700000
133258876,76,0000011110111111101010100100010010011111001000100100110010010111111100011010,133237113,0,0.070000,0.700000
133258877,83,11100010001110011101010010110100000100100111110010001001000100100111111011001110101,133238705,0,0.040000,0.600000
133258878,75,000100011110101100101000001001001001111100100010010001001001111110110001101,133260445,0,0.040000,0.600000
133258879,83,00000000001110010101110000110101000110100111110010001001001100110111110101001101011,133233888,0,0.120000,0.600000
133258880,83,10100000001110010101110010110000001100100111110010001001000100100101110011010110101,133257459,0,0.050000,1.000000
133258881,83,11100000001110011101010010110100000100100111110010001001000100100111111011001110101,133237113,0,0.080000,0.800000
133258882,84,110001101001111100111101101001010001001001101100100010110001001001111111010001111010,133257459,0,0.050000,1.000000
133258883,84,111001010100111110111110010100100000100100111110010001001001100100111011011000111011,133237113,0,0.070000,0.700000
133258884,83,11000000001111011101000110010100010101100111110010001001000100100111011001001110101,133257460,0,0.100000,1.000000
133258888,76,0000010101010111110000001000100101100111110010001001001100100110000100001011,133265303,0,0.100000,0.600000
133258889,83,11000000001111011101000110010100010101100111110010001001000100100111011001001110101,133265303,0,0.100000,0.600000
133258891,83,11100000001110011101010010110100000100100111110010001001000100100111111011001110101,133257461,0,0.200000,1.000000
133258892,83,10000000000111110011111010000110000100100111110010001001001100100111011110001111001,133257461,0,0.200000,1.000000
133258893,75,000100011010111100101000001001000001111100100010010001001001111111110000101,133257461,0,0.200000,1.000000
133258894,83,01000001010100101011101101101000001001001110100100010010011001001111010110001100010,133257461,0,0.200000,1.000000
133258895,87,101110000011011011111110011110100000100111011110010001001000100100101111010000110000110,133257461,0,0.160000,0.800000
133258896,75,000100011010111100101000001001000001111100100010010001001001111111110000101,133257461,0,0.200000,1.000000
133258897,86,01100110010001111001011001010010000010010011111001100100100110010011100101100011111110,133257461,0,0.200000,1.000000
133258898,83,10000000000111110011111010000110000100100111110010001001001100100111011110001111001,133257461,0,0.200000,1.000000
133258899,83,11100000001110011101010010110100000100100111110010001001000100100111111011001110101,133257461,0,0.200000,1.000000
133258900,86,11100000011011011111110000110100000100100111110010001001000100100101111010000110001011,133257461,0,0.200000,1.000000
133258901,86,01100110010001111001011001010010000010010011111001100100100110010011100101100011111110,133257461,0,0.200000,1.000000
133258902,72,001011111111110000101101000100100111100100010010001001001010100100011001,133257461,0,0.200000,1.000000
133258903,75,000100011010111100101000001001000001111100100010010001001001111111110000101,133257461,0,0.200000,1.000000
133258904,83,11100000001110011101010010110100000100100111110010001001000100100111111011001110101,133257461,0,0.200000,1.000000
133258905,86,11100000011011011111110000110100000100100111110010001001000100100101111010000110001011,133257461,0,0.200000,1.000000
133258906,87,101110000011011011111110011110100100100111011110010001001000100100101111010000110000110,133257461,0,0.200000,1.000000
133258907,83,11100000001110011101010010110100000100100111110010001001000100100111111011001110101,133257461,0,0.200000,1.000000
133258908,87,101110000011011011111110011110100100100111011110010001001000100100101111010000110000110,133257461,0,0.200000,1.000000
133258909,82,1000000011110111101010010110100010100100111110010001001000100100111111001000110101,133257461,0,0.200000,1.000000
133258910,83,11100000001110011101010010110100000100100111110010001001000100100111111011001110101,133257461,0,0.200000,1.000000
133258911,82,1101000100011100101011100101001001011001000111100100010010001001001011110110001010,133257461,0,0.200000,1.000000
133258912,82,1010000110111110111110010100101100100100111110010001001000100100111011011000111001,133257462,0,0.100000,1.000000
133258913,76,0000101111111111100001011010001001001111100100010010001001001010100100011001,133257462,0,0.100000,1.000000
133258914,80,10100010001110010101110010110100100100100111110010001001000100100101110110001010,133257462,0,0.100000,1.000000
133258915,83,11100000001110011101010010110100000100100111110010001001000100100111111011001110101,133257462,0,0.100000,1.000000
133258916,82,1000001000100001111101100101000001001001111100100010010001001001111010111001100011,133257462,0,0.100000,1.000000
133258917,80,00000000011111011111000010100000100100111110010001001000100100101110110011101001,133257462,0,0.100000,1.000000
133258918,85,0010000000011100111011100100101000001001001111100100010010001001000111110010011101011,133257462,0,0.100000,1.000000
133258919,76,0000001111101111010001011000010010011101001000100100110010011101101100011101,133257462,0,0.080000,0.800000
133258920,75,000101011110111100101000001001001001111100110010010001001001111110100001101,133257462,0,0.100000,1.000000
133258921,83,11101010000111100101010101011010000010010011011001000100100010010010111111100011010,133257462,0,0.100000,1.000000
133258922,80,10100010001110010101110010110100100100100111110010001001000100100101110110001010,133257462,0,0.100000,1.000000
133258923,82,1000001000100001111101100101000001001001111100100010010001001001111010111001100011,133257462,0,0.100000,1.000000
133258924,76,0010011101010111001010010110000010011111001000100100110010011111101100011101,133257462,0,0.100000,1.000000
133258925,82,1100001010011101001111011010101000100100110110010001001000100100111111001000111101,133257462,0,0.100000,1.000000
133258926,82,0000110000110011101111010100100000100100111100100010010001001001110111110101111001,133257462,0,0.100000,1.000000
133258927,78,001001001111101111100001010000010010011111001000100100010011000110011000110100,133257462,0,0.100000,1.000000
133258928,80,10100010001110010101110010110100100100100111110010001001000100100101110110001010,133257462,0,0.100000,1.000000
133258929,85,0010000000011100111011100100101000001001001111100100010010001001000111110010011101011,133257462,0,0.100000,1.000000
133258930,83,10000000001110000101110000110001000100100111110010001001001100110111110101001101011,133235544,0,0.100000,0.600000
133258931,77,00000000111110111110001010000010010011111001000100100010010010111011000111100,133235544,0,0.100000,0.600000
133258933,82,1110000011100111101100100000100001001001111100100010010001001001011110111101101000,133230497,0,0.040000,0.600000
133258934,83,10100000001110010101110010110100000100100111110010001001000100101101110011010110101,133268588,0,0.033333,0.500000
133258935,83,00100000001111101111110101001000101001001111100110010010011001001110111110001111001,133257463,0,0.100000,1.000000
133258936,86,11100000011011011110110000110100000100100111110010001001000100100101111010000110001111,133230497,0,0.040000,0.600000
133258937,86,01100110010001111001011001010010000010010011111001100100100110010011100101100011111110,133247256,0,0.040000,0.600000
133258938,86,01100110010001111001011001010010000010010011111001100100100110010011100101100011111110,133257463,0,0.100000,1.000000
133258939,86,01001000001010111001011101101101000001001001111100100010010001001001111010111001100011,133257463,0,0.100000,1.000000
133258940,77,00000000111110111110001010000010010011111001000100100010010010111011000111100,133230497,0,0.040000,0.600000
133258941,86,01001000001010111001011101101101000001001001111100100010010001001001111010111001100011,133230497,0,0.040000,0.600000
133258942,85,1101000000011100001011100101101010001001001111000100010010001001001011110110101101010,133257464,0,0.026667,0.800000
133258943,85,1101000000011100001011100101101010001001001111000100010010001001001011110110101101010,133257464,0,0.026667,0.800000
133258944,84,111100000001110011101110010110100000100100111110010001001000100100111101011001110101,133238696,0,0.030000,0.600000
133258945,84,111001000100111110011110010100100000100100111110010001001001100100011011111100111111,133257464,0,0.033333,1.000000
133258946,84,111010001000111001010111001011010000010010011111001000100100010010001101011000110101,133238696,0,0.030000,0.600000
133258947,75,000101011110111100101000001001001001111100100010010000001001111110100001101,133238696,0,0.025000,0.500000
133258948,76,0000010101010111110000001000100101100111110010001001001100100110000110001011,133257464,0,0.023333,0.700000
133258949,82,1000000001110111101010010110100010100100111110010001001000100100111111001000110101,133257464,0,0.033333,1.000000
133258950,84,110101010001111010101110010110100000100100111110010001001001100100101111001001100101,133257465,0,0.066667,1.000000
133258951,82,1010000001011101111100001001001001001001111100100010010001001001100110110001111110,133257465,0,0.066667,1.000000
133258952,76,0000011001010111110000100000100100100101100010001001000100100110000110001011,133257465,0,0.066667,1.000000
133258953,83,10100000001100000101110010110100000100100111110010001001001100100101110011010110101,133257465,0,0.066667,1.000000
133258954,83,10100000001100000101110010110100000100100111110010001001001100100101110011010110101,133257465,0,0.066667,1.000000
133258955,84,011001000100111110011110010100100000100100111110010001001001100100111011011000011111,133259013,0,0.046667,0.700000
133258956,83,01000000010111110111110110100100000100100111110010001001100100110111111101110110101,133257465,0,0.066667,1.000000
133258957,86,10010000000011100111011100100101000001001001111100100010010001001001111110010011101011,133257465,0,0.066667,1.000000
133258958,82,1000000010111110111110010100101100100100111110010001001000100100111011011000111001,133257465,0,0.066667,1.000000
133258959,84,110101010001111010101010010110100000100100111110010001001001100100101111001001100101,133257465,0,0.066667,1.000000
133258960,84,011101000100011100101011100101101000010010011111001000100100010010010111001100011010,133257465,0,0.066667,1.000000
133258961,76,0000011001010111110000100000100100100101100010001001000100100110000110001011,133257465,0,0.066667,1.000000
133258962,85,1001001001010100001011101101101000001001001111100100010010001001001111010111001100011,133257466,0,0.100000,1.000000
133258963,78,001001001111101110100001010000010010011111001000100100010010000110011000110100,133257466,0,0.100000,1.000000
133258964,83,10000000001110000101110000110101000100100111110010001001001100110111110101001101011,133257466,0,0.100000,1.000000
133258965,86,11101010000011100101010100101111000001001001111100100010010001001001011110110001101011,133257466,0,0.100000,1.000000
133258966,79,0000000011111011010010100000000100100111110010001001000100100111011011000111110,133260449,0,0.120000,0.600000
133258967,83,11100000001110011101010010110100000100100111110010001001000100100111111011001110101,133260449,0,0.120000,0.600000
133258968,83,11100000001110011101010010110100000100100111110010001001000100100111111011001110101,133249262,0,0.060000,0.600000
133258969,76,0000010101010111110000001000100101100111110010001001001100100110010110001011,133249262,0,0.060000,0.600000
133258970,75,000000111111111100001011010101000001111100100010010001001001010101100011001,133260449,0,0.120000,0.600000
133258971,83,10100000001110000101110010110100000100100111110010001001000100100101110111010110101,133260449,0,0.120000,0.600000
133258972,85,1011001000100111110011100010100100000100100111110010001001001100100111011011000111111,133260449,0,0.120000,0.600000
133258974,86,01100110010001111001011001010010000010010011111001100100100110010011100001100011111110,133257466,0,0.100000,1.000000
133258975,83,01000001010100101011101101101000001001001110100100010010011001001111010110001100010,133249262,0,0.060000,0.600000
133258976,76,0000101111111111100001011010001001001111100100010010001001001010100100011001,133257466,0,0.100000,1.000000
133258977,85,0000000000010100101011111111100110001001001111100100010010001001001111010110001011011,133257466,0,0.100000,1.000000
133258978,84,011101000100011100101011100101101000010010011111001000100100010010010111001100011010,133257466,0,0.100000,1.000000
133258979,75,000000111111111100001011010101000001111100100010010001001001010101100011001,133257466,0,0.100000,1.000000
133258980,89,01011100000110110111111100001101001001001101111100100010010001001001011010100001100011100,133260449,0,0.100000,0.500000
133258981,82,1000000001110111101010010110100010100100111110010001001000100100111111001000110101,133260449,0,0.120000,0.600000
133258982,85,0010000010011100111011100100101000001001001111100100010010001001001111110010011111011,133257466,0,0.100000,1.000000
133258983,84,000011000011101110111101010010000010010011111011000100100010010011101111011011110010,133249262,0,0.070000,0.700000
133258984,75,000101011110111100101000001001001001111100100010010000001001111110100001101,133257466,0,0.100000,1.000000
133258985,83,00000110011110111111110100000000100100110110010001001000100100111011111000111100110,133257466,0,0.100000,1.000000
133258986,82,1010000001111101111100001000001001101001111100100010010001001001100110110001111110,133257466,0,0.100000,1.000000
133258987,86,11000000011011011111110000110100000100100111110010001001000100100101111010000110001111,133257467,0,0.100000,1.000000
133258988,76,0000000011101111010001011000010010011111001000100100110010011101101100010101,133257467,0,0.100000,1.000000
133258989,84,011100000001110011101010010110100000100100111110010001001000100100111111011000100101,133235547,0,0.050000,0.500000
133258990,85,0010000010011100111011100100101000001001001111100100010010001001001111110010011111011,133232165,0,0.060000,0.600000
133258991,79,0000000011111011010010100000000100100111110010001001000100100111011011000111110,133232165,0,0.060000,0.600000
133258992,84,100000010011111001111101000011000010010011111001000100100110010011101110100011110011,133257467,0,0.100000,1.000000
133258994,79,0100100111101111110001000111000010010011111001000100111010010010111101100010101,133247273,0,0.040000,0.600000
133258995,82,1000010011110111011100110001100000001001111100100010000011001001010100110101100011,133262191,0,0.060000,0.600000
133258996,83,10100000001110000101110010110100000100100111110010001001000100100101110111010110101,133262191,0,0.100000,0.600000
133258997,86,11100000011011011110110000110100000100100111110010001001000100100101111010000110001111,133254155,0,0.053333,0.800000
133258998,79,0000001011111011010010100000000100100111110010001001000100100111011011000111110,133257468,0,0.100000,1.000000
133258999,86,11110010001001111101111100101001000001001001111100100010010011001001110110110001111110,133247273,0,0.046667,0.700000
133259000,86,01000000000111110101100010100100100100100111110010001001001000101111010011000111101011,133240472,0,0.040000,0.600000
133259001,79,0000001011111011010010100000000100100111110010001001000100100111011011000111110,133247273,0,0.053333,0.800000
133259002,86,01100110010001111001011001010010000010010011111001100100100110010011100101100011111110,133257468,0,0.100000,1.000000
133259037,82,1110000011100111101100100000100001001001111100100010010001001001011110111101101000,133259004,0,0.100000,1.000000
133259039,85,0010000010011100111011100100101000001001001111100100010010001001001111110010011101011,133257463,0,0.080000,0.800000
133259040,83,11010000001111101111100001001001001001001111100100010010001001001100110110001110110,133259004,0,0.100000,1.000000
133259044,83,10100000001110011101010000110100000100100111110010001001000100100111101001001110101,133257463,0,0.080000,0.800000
133259045,83,10100000001110010101110010110100000100100111110010001001000100100101110011010110101,133266906,0,0.080000,0.800000
133259048,85,0010000010011100111011100100101000001001001111100100010010001001001111110010011101011,133259004,0,0.100000,1.000000
133259049,85,0010000010011100111011100100101000001001001111100100010010001001001111110010011101011,133230497,0,0.040000,0.600000
133259054,77,10000011001010111110000100000100100100101110010001001000100100110000110001011,133265290,0,0.060000,0.600000
133259056,80,00000000011111111111000010100000100100111110010001001000100100101110110011101001,133265290,0,0.060000,0.600000
133259069,81,100000101010000111110110010100000100100111110010101001000100100111101011100110001,133262177,0,0.028000,0.700000
133259072,81,000000101110010101110010110100000100101111110010001001000100100111111011000110000,133262177,0,0.028000,0.700000
133259076,80,00000100111110111110000101000001001001111100100010010001001000011111100011010010,133262177,0,0.032000,0.800000
133259079,83,10100000001110000101110010110100000100100111110010001001000100100101110111010110101,133243661,0,0.025000,0.500000
133259083,75,000001111011110110101010010001001001111100100010010010001001011111110001001,133260442,0,0.060000,0.600000
133259084,79,0000001011111011010010100000000100100111110010001001000100100111011011000111110,133268593,0,0.026667,0.800000
133259085,83,11100000001110011101010010110100000100100111110010001001000100100111111011001110101,133252612,0,0.160000,0.800000
133259087,84,111001000100101110111110010100100000100100111110010001001001100100111011011000111111,133270346,0,0.046667,0.700000
133259088,84,111010001000111010101110110110100000100100111110010001001000100100101011011000110101,133230497,0,0.040000,0.600000
133259089,74,00000011101111010101011000010010011101001000100100110010011101101100011101,133257460,0,0.060000,0.600000
133259092,84,111001010100111110111110010100100000100100111110010001001001100100111011011000111011,133225410,0,0.140000,0.700000
133259093,86,11011001000100111110011100010100100000100100111110010001001001100100111011011000111111,133263559,0,0.120000,0.600000
133259094,81,100000101010000111110110010100000100100111110010101001000100100111101011100110001,133259014,0,0.100000,0.500000
133259097,84,110010001001111101111100101001000001001001111100100010010011001001110110110001111111,133255839,0,0.060000,0.600000
133259098,82,0010110000111101010101001011110010010010011111001000100100000010010111010000110101,133245503,0,0.050000,0.600000
133259099,80,10000101010000011101101001000000001001110100100010010001101001111000101001100010,133222210,0,0.100000,1.000000
133259100,82,0110000000111101111111000011010010010010011111001000101000100100100111010000110001,133222210,0,0.100000,1.000000
133259105,82,1101000100101100101011100101101001001001001111100100010010001001001011110110001010,133245495,0,0.022857,0.800000
133259106,83,11001000100111110111110010100100000100100110110010001001001100100111011011000111111,133245495,0,0.017143,0.600000
133259109,86,11100000011011011111110000110100100100100111110010001001000100100101111010000110001111,133262179,0,0.120000,0.600000
133259112,84,011100000001110011101010010110100000100100111110010001001000100100111111011000100101,133262179,0,0.120000,0.600000
133259116,78,000000101111111111100001011010001001001111100100010010001001001010100100011001,133228737,0,0.028000,0.700000
133259118,86,01110100010011110010101110010110100000100100111110010001011000100100101111011000110101,133268588,0,0.033333,0.500000
133259120,82,0000000111101111110100001000001001001111100100010010001001001010111110001111001101,133265296,0,0.050000,1.000000
133259122,86,01100000011011011111110000110100100100100011110010001001000101100101111010000110001111,133263560,0,0.140000,0.700000
133259124,84,011101000100011100101011100101101000010010011111001000100100010010010111001100011010,133263561,0,0.020000,0.500000
133259125,80,01000010101000011111011001010000010010011111001000100100001011011110101110011000,133223823,0,0.066667,1.000000
133259127,83,11100000001110011101010010110100000100100111110010001001000100100111111011001110101,133251042,0,0.100000,0.500000
133259134,83,11101010000111100101010101011010000010010011011001000100100010010010111111100011010,133265288,0,0.100000,0.500000
133259136,76,0000000011101111010001011000010010011111001000000100110010011101101100010101,133243661,0,0.033333,0.500000
133259137,86,11100000011011011110110010110100000100100111110010001001000100100101111010000110001111,133225394,0,0.100000,1.000000
133259138,80,01000010101000011111011001010000010010011111001000100100001011011110101110011000,133251032,0,0.100000,0.500000
133259139,78,001001001111101111100001010000010010011111001000100100010010000110011000110100,133225396,0,0.100000,1.000000
133259140,83,10100000001110010101110010110100000100100111110010001001000100100101110011000110101,133254151,0,0.080000,0.800000
133259143,80,10100010001110010101110010110100100100100111110010001001000100100101110110001010,133225409,0,0.030000,0.600000
133259144,79,0000000011111011010010100000000100100111110010001001000100100111011011000110110,133225402,0,0.066667,1.000000
133259145,80,00000000011111011111000010100000100100111110010001001000100100101110110001101001,133259009,0,0.040000,1.000000
133259146,85,1000011000011101110111101010010000010010011111001000000100010010011101111101011110000,133225409,0,0.050000,1.000000
133259147,82,0000000000111001000111000011010100010010011111001000100100110011011111010100110101,133259009,0,0.032000,0.800000
133259148,84,110101010001110110101110010110100000100100111110010001001001100100101111000000100101,133225409,0,0.050000,1.000000
133259149,84,011101010100011100101011100101101000010010011101001000100100010010010111001100011010,133241974,0,0.030000,0.600000
133259150,83,11101010000011100101010101011010000010010011111001000100100010010010111101100011010,133252597,0,0.040000,0.600000
133259151,82,1000001010100101011001101101000001001001111100100010010111001001111010110001100010,133255833,0,0.200000,0.600000
133259152,82,0000000000111001000111000011010100010010011111001000100111110011011111010100110101,133251035,0,0.025000,0.500000
133259153,88,0101110000011011011111110000110100110100110111110010001001000100100101101010000110001110,133243659,0,0.138889,0.700000
133259154,85,0000000010010100101011111111100110101001001111100100011010001001001111010110001011011,133225411,0,0.100000,1.000000
133259155,83,11000000001111010101000110010100010101100111110010001000000100100111011001001110101,133225411,0,0.100000,1.000000
133259156,82,0010110000111001010101001011010010010010011111001000100100000010010111010000110101,133254158,0,0.070000,0.700000
133259157,82,0010110000111001010101001011010010010010011111001000100100000010010111010000110101,133238700,0,0.040000,0.600000
133259158,86,11100000011011011111110000110100100100100111110010001001000100100101111010000110001111,133238700,0,0.046667,0.700000
133259159,83,11101010000011100101010101011010000010010011111001000100100010010010101111100011010,133243659,0,0.198413,1.000000
133259160,86,11100000011011011111110000110100100100100111110010001001000100100101111010000110001111,133225411,0,0.100000,1.000000
133259161,85,0000000010010100101011111111100110101001001111100100011010001001001111010110001011011,133225411,0,0.100000,1.000000
133259162,82,0000000000111001000110000011010100010010011110001000100100110011011111010100110101,133243659,0,0.138889,0.700000
133259163,77,00001010100001111011001010000010010011111001000100100010010011111101110011000,133243659,0,0.198413,1.000000
133259164,82,1101000100011100111011100101101001001001001111100100010010001001001011100110001010,133238700,0,0.046667,0.700000
133259165,80,00100100111110111110000101000001001001111100100010010001001000011001100011010011,133243659,0,0.198413,1.000000
133259166,85,1011001000100111110011100010100100000100100111110010001001001100100111011011000111111,133238700,0,0.040000,0.600000
133259167,81,100000101011000000110110110100000100100111110010001001000100100111101011100100001,133243659,0,0.198413,1.000000
133259168,83,01000001010100001011101101001000000001001110100100010010001001001111000101001100010,133238700,0,0.040000,0.600000
133259169,83,11101010000011100101010101011010000010010011111001000100100010010010101111100011010,133230486,0,0.080000,0.500000
133259174,83,10100000001110000101110010110100000100100111110010001000000100100101110111010110111,133227178,0,0.100000,1.000000
133259175,84,110011001000111100101100101001000001001101111100110010010011001001100101100011111110,133263564,0,0.050000,0.500000
133259176,74,00000011101111010101011000010010011101001000100100110010011101101100011101,133263561,0,0.020000,0.500000
133259177,84,001001010100111110011110010100100000100100111110010001001001100101101011011000111111,133252596,0,0.060000,0.600000
133259179,83,10100000001110011101010000110100000100100111110010001001000100100111101001001110101,133265288,0,0.100000,0.500000
133259185,75,000001111011011110101010010001001001111100100010010011001001011111110001101,133266894,0,0.030000,0.600000
133259186,82,1000000011111101110100010010000100100111110010001001001100101111011011000110011010,133266894,0,0.030000,0.600000
133259188,84,010001100001110010101010000110100000100100111110010001001000100100101111110010101011,133266894,0,0.030000,0.600000
133259192,85,0010000010011100111011100100101000001001001111100100010010001001001111110010011111011,133228726,0,0.140000,0.700000
133259193,82,1000001010110000011101101101000001001001111100100010010001001001111010111001000011,133228726,0,0.200000,1.000000
133259194,82,1000000001110111101010010110100010100100111110010001001000100100111111001000110101,133228726,0,0.120000,0.600000
133259195,83,11101010000011100101010101011010000010010011111001000100100010010010101111100011010,133228726,0,0.200000,1.000000
133259196,84,011001000100111110111110010100100000100100111110010001001001100100111011011000111111,133245509,0,0.040000,0.600000
133259197,83,00010100000111001010101001011011000010010011111001000100100000010010111000000110101,133228727,0,0.050000,1.000000
133259198,83,01100100001110011001010010110100000100000111110110001001000100100111111001001110101,133228727,0,0.050000,1.000000
133259199,76,0010011101010111001010010110000010011111001000100100110010011111101100011101,133228727,0,0.050000,1.000000
133259200,82,1000000010111110111110010100101100100100111110010001001000100100111011011000111001,133263562,0,0.050000,0.500000
133259201,84,110101010001110110101110010110100000100100111110010001001001100100101111000000100101,133263562,0,0.060000,0.600000
133259202,82,1000001010110000011101101101000001001001111100100010010001001001111010111001000011,133228731,0,0.066667,1.000000
133259203,82,0010110000111001010101001011010010010010011111001000100100000010010111010000110101,133228731,0,0.066667,1.000000
133259204,82,1000000010111110111110010100101100100100111110010001001000100100111011011000111001,133228731,0,0.066667,1.000000
133259205,84,100010000011101110011101010000000010010011111001000100100010010011101110010011110010,133263562,0,0.050000,0.500000
133259206,75,000001111011111110101010010001001001111100100010010011001001011111110001001,133228736,0,0.200000,1.000000
133259207,83,11100000001110011101010010110100000100100111111010001001000100100111111011001110101,133263563,0,0.060000,0.600000
133259210,82,1101000100011100101011100101001001011001000111100100010010001001001011110110001010,133230482,0,0.050000,1.000000
133259211,83,01100100001110011001010010110100000100000111110110001001000100100111111001001110101,133230482,0,0.050000,1.000000
133259212,82,1101000100011100101011100101001001011001000111100100010010001001001011110110001010,133230482,0,0.050000,1.000000
133259214,76,0000001111011011110101010010001001001111100100010010011001001011111110001101,133230486,0,0.100000,1.000000
133259215,73,0010001110011110010100000100100100111110010001001000000100111111011000110,133268613,0,0.060000,0.600000
133259216,82,0000100000111001000111000011010100010010011111001000100100110011011111010100110101,133230486,0,0.100000,1.000000
133259217,81,010000000111001010111001011010000010010011111001000100100010010010111001101011001,133259017,0,0.040000,0.600000
133259218,85,0000000010010100101011111111100110101001001111100100011010001001001111010110001011011,133254156,0,0.024000,0.600000
133259219,81,010000000111001010111001011010000100100111110010001001100100100101110011010110101,133230492,0,0.033333,1.000000
133259220,79,0000000011111011010010100000000100100111110010001001000100100111011011000110110,133230492,0,0.033333,1.000000
133259221,85,1110100000001110010101110010110111000100100111110010001001000100100100111011001110101,133257463,0,0.080000,0.800000
133259224,84,011000000011110011111100001101001101001001111100100010010001001001011110100001100011,133265291,0,0.120000,0.600000
133259225,78,001001001111101111000001010000010010011111001000100100010010000110011000110100,133254149,0,0.033333,0.500000
133259226,83,10000000101011101111100101011001001001001111100100010010001001001110110100001111110,133230500,0,0.066667,1.000000
133259227,84,011001000100111110011110010100100000100100111110010001001001100100111011011000111111,133230500,0,0.066667,1.000000
133259228,81,100000101010000111110110010100000100100111010010001001000100100111101010100110001,133254149,0,0.033333,0.500000
133259229,83,11100000001110011101010010110100000100100111110010001001000100100111111011001110101,133232157,0,0.066667,1.000000
133259230,76,0000100010100111100101001001001001001111100100010010000001001111110110001101,133232157,0,0.066667,1.000000
133259231,83,01001000100101010111110010100100000100100110110010001001001100100111011011000111111,133232157,0,0.066667,1.000000
133259232,82,1000000001110111101010010110100010100100111110010001001000100100111111001000110101,133232157,0,0.066667,1.000000
133259233,86,01100110010001111001011001010010000010010011111001100100100110010011100101100011111110,133232157,0,0.066667,1.000000
133259234,84,111000011111011110110010000110100100100111110010001001000100100101111011010110110000,133232157,0,0.066667,1.000000
133259235,84,111000011111011110110010000110100100100111110010001001000100100101111011010110110000,133232157,0,0.066667,1.000000
133259236,83,10100000101100000101110010110100000100100111110010001001001100100101110011010110101,133232157,0,0.066667,1.000000
133259237,78,001100001100111110011100111010100101111110010001001000100100111010011000111111,133232157,0,0.066667,1.000000
133259238,77,00010001101010111001010000111010010011111001000100100110010011001011000111111,133232157,0,0.066667,1.000000
133259239,83,10000000001110000101110000110101000100100111110010001001001100110111110101001101011,133232157,0,0.066667,1.000000
133259240,77,00000010101010111110000001000100101100111110010001001001100100110000110000011,133232157,0,0.066667,1.000000
133259241,86,01000000000111110101100010100100100100100111110010001001001000101111010011000111101011,133232157,0,0.066667,1.000000
133259242,84,111000011111011110110010000110100100100111110010001001000100100101111011010110110000,133232157,0,0.066667,1.000000
133259243,78,001100001100111110011100111010100101111110010001001000100100111010011000111111,133232157,0,0.066667,1.000000
133259244,82,1110000011110111101100100000100001001011111100100010010001001001011110110001101000,133232157,0,0.066667,1.000000
133259245,82,0110000001111011111110000110100100100100111110010001001000100100100111010000110001,133232157,0,0.066667,1.000000
133259246,78,001100001100111110011100111010100101111110010001001000100100111010011000111111,133232157,0,0.066667,1.000000
133259247,76,0000100010100111100101001001001001001111100100010010000001001111110110001101,133232157,0,0.066667,1.000000
133259248,86,01100110010001111001011001010010000010010011111001100100100110010011100101100011111110,133232157,0,0.066667,1.000000
133259249,82,1100000001011111011110110100100000100100111110010001001000100100111111101110110101,133232157,0,0.066667,1.000000
133259250,84,111000011111011110110010000110100100100111110010001001000100100101111011010110110000,133232157,0,0.066667,1.000000
133259251,82,0100010000111110011111010100111000100100111110010001001001100100101011110001111001,133235547,0,0.060000,0.600000
133259252,76,0000101111111111100001011010101001001111100100010010001001001010100100111001,133232165,0,0.100000,1.000000
133259253,75,000100011100101101101000001001001001111100100010010000001001111110110001101,133232165,0,0.100000,1.000000
133259254,83,11001000100111110111110010100100000100100110110010001001001100100111011011000111111,133232166,0,0.066667,1.000000
133259255,82,1000001010100001111101101101000001001001111100100010010001001001111010111001110010,133225402,0,0.040000,0.600000
133259256,79,0000000001110111110100010010100100100110100010001001000100100111011011000011001,133233881,0,0.066667,0.500000
133259269,83,11100000001110011101010010110100000100100111110010001001000100100111111011001110101,133245494,0,0.033333,0.500000
133259275,84,110010001001111101111100101001000001001001111100100010010011001001110110110001111111,133245494,0,0.040000,0.600000
133259285,86,10100000011011011111110000110100000100100111110010011001000100100101111010010110001111,133233877,0,0.100000,1.000000
133259286,84,100010000011001110011101010000000010010011111001000100100010010011101110010011110010,133254151,0,0.080000,0.800000
133259287,83,01000010010111110111110010100100100100100111110110001001001100100111011011000111101,133262180,0,0.060000,0.600000
133259288,84,111001010100111100010110010101100000100100111110010001001000100100111011111000111111,133233877,0,0.100000,1.000000
133259292,83,01000001010100101011101101101000001001001110100100010010011001001111010110001100010,133228731,0,0.033333,0.500000
133259293,83,11000000011100111111000100100000100100111110010001001000100100111011111000111100110,133228731,0,0.033333,0.500000
133259294,82,1101000100101100101011100101101001001001001111100100010010001001001011110110001010,133245514,0,0.033333,0.500000
133259298,83,11001000001110011101010010110100000100100111110010001001000100100111111011001110101,133247266,0,0.030000,0.600000
133259301,86,01000000000111110101100010100100100100100111110010001001001000101111010011000111101011,133237113,0,0.060000,0.600000
133259302,85,1100000010011010001111011000010000010010011011001000100100010010011111100100011110110,133266899,0,0.070000,0.800000
133259303,84,011000000001111011101000110110100010101100111110010001001000100101111111001001110101,133245507,0,0.040000,0.500000
133259304,84,101000000011100101011100101101000001001001111100100110010001001001011100110101101010,133262184,0,0.060000,0.600000
133259307,86,11100000011011111111110000110100000110100111110010001001000100100101111010010110001111,133235531,0,0.050000,1.000000
133259308,89,01011100000110110111111100001101001001001101111100100010010001001001011010100001100011101,133235531,0,0.050000,1.000000
133259309,88,0101110000011011011111110000110100100100110111110010001001000100100001101010000110001110,133235531,0,0.050000,1.000000
133259310,80,10000000111101111110101001000001001001111100100010001001001011001111100011110011,133252598,0,0.120000,0.700000
133259311,81,100000101011000001110110110100000100100111110010001001000100100111101011100100001,133259005,0,0.160000,0.800000
133259312,83,01000010010111110111110010100100100100100111110110001001001100100111011011000111101,133260444,0,0.100000,0.500000
133259317,86,01100110010001111001011001010010000010010011111001100100100110010011100101100011111110,133235533,0,0.066667,1.000000
133259318,86,10010000010101000010111011011010000010010011111001000100100010010011110101100011000101,133235533,0,0.066667,1.000000
133259319,76,0000010101010111110000001000100101100111110010001001001100100110000110001011,133235533,0,0.066667,1.000000
133259320,83,10100000001110011101010000110110000100100111111010001001000100110111101001001110101,133235533,0,0.066667,1.000000
133259321,81,100000101010000111110110010100000100100111110010001001000100100111101011100110001,133235533,0,0.066667,1.000000
133259322,76,0011001111101111111101001100010010011111001000100110010010011100101000110110,133240475,0,0.033333,0.500000
133259323,82,0111000001111011110110000000010000100100111100010001001000100100111111111010101000,133235533,0,0.053333,0.800000
133259324,82,0111000001111011110110000000010000100100111100010001001000100100111111111010101000,133235533,0,0.053333,0.800000
133259325,84,111000000101111001111100101011001001001001111100100010010001011001100010110000011010,133235534,0,0.200000,1.000000
133259326,76,0010001101110111001100010110100100111110010001001001100100111111011000111111,133262186,0,0.053333,0.800000
133259330,84,111010011111011110110010000110100100100111110010001001000100100101111011010110110000,133268605,0,0.033333,0.800000
133259331,82,1010000010111100111110010100101100100100111110010001001000100100111011011000111001,133268605,0,0.033333,0.800000
133259332,86,11110010001001111101111100101001000001001001111100100010010011001001110110110001111110,133259005,0,0.032000,0.700000
133259333,84,011000000011110111111100001101001001001001111100100010010001001001011110100001100011,133260445,0,0.024000,0.600000
133259334,83,00000110011110111111110100000000100100110110010001001000100100111011111000111100110,133268605,0,0.033333,0.700000
133259335,83,01100100001110011001010010110100000100000111110110001001000100100111111001001110101,133268605,0,0.033333,0.600000
133259336,86,11110010001001111101111100101001000001001001111100100010010011001001110110110001111110,133235539,0,0.033333,1.000000
133259341,79,0000000011111011010010100000000100100111110010001001000100100111011011000110110,133235541,0,0.100000,1.000000
133259342,81,100000101010000111110110010100000100100111110010001001000100100111101011100110001,133235541,0,0.100000,1.000000
133259345,81,000000101110010001110010110100000100100111110010001001000100100111111011000110000,133235542,0,0.066667,1.000000
133259346,82,0010110000101001010101001011010010000010011111001000100100010010010111010000110101,133259015,0,0.120000,0.600000
133259347,86,01000000100011111001111101000011000010010011111001000100100110010011101110100011110011,133235542,0,0.066667,1.000000
133259348,86,01000000100011111001111101000011000010010011111001000100100110010011101010100011110011,133235542,0,0.066667,1.000000
133259349,82,1010000001111101111100001001001001001001111100100010010001001001100110110001111110,133235542,0,0.066667,1.000000
133259353,83,10100000001110010101110010110100000100100111110010001001000100100101110011010110101,133235547,0,0.060000,0.600000
133259354,77,00000000111110111110001010000010010011111001000100100010010010111011000110100,133232165,0,0.060000,0.600000
133259358,75,000100011010111100101000001001000001111100100010010001001001111110110001101,133232165,0,0.050000,0.500000
133259360,77,00000000111110111110001010000010010011111001000100100010010010111011000110100,133232165,0,0.060000,0.600000
133259362,82,1000000001110111101010010110100010100100111110010001001000100100111111001000110101,133251039,0,0.040000,0.600000
133259363,86,01000000000111110101100010100100100100100111110010001001001000101111010011000111101011,133266894,0,0.030000,0.600000
133259364,82,1000000010111110111110010100101100100100111110010001001000100100111011011000111001,133235545,0,0.040000,1.000000
133259365,83,10100000001110010101110010110100000100100111110010001001000100100101010011010110101,133235545,0,0.040000,1.000000
133259366,83,10100000001110010101110010110100000100100111110010001001000100100101010011010110101,133266894,0,0.030000,0.600000
133259367,83,00100000001111101111110101001000101001001111100110010010011001001110111110001111001,133268599,0,0.033333,0.500000
133259368,75,000100011010111100101000001001000001111100100010010001001001111110110001001,133235546,0,0.200000,1.000000
133259369,80,00000000011111011111000010100000100100111110010001001000100100101110110011101001,133249269,0,0.040000,0.800000
133259370,83,01100100001110011001010010110100000100000111110110001001000100100111111001001110101,133262188,0,0.030000,0.600000
133259372,75,000001111011110110101010010001001001111100100010010010001001011111110001001,133259007,0,0.120000,0.600000
133259374,85,0110000001101101111111000011010010010010011111001000100100010010010111101000011000111,133260444,0,0.100000,0.500000
133259375,77,00000010111011110100010110000100100111110010001001001100100111011011101111011,133263571,0,0.120000,0.600000
133259376,82,1110000011100111101100100000100001001001111100100010010001001001011110111101101000,133259011,0,0.033333,0.800000
133259377,77,00000010111011110100010110000100100111110010001001001100100111011011101111011,133263571,0,0.120000,0.600000
133259381,82,1110000011100111101100100000100001001001111100100010010001001001011110111101101000,133260446,0,0.033333,0.500000
133259387,87,011100000011011011111110000110100000100100111110010001001000100100101110010000110001111,133270351,0,0.025000,0.600000
133259388,75,000001111011111110100010010001001001111100100010010001001001011111110001001,133245511,0,0.025000,0.500000
133259391,73,0010001110011110010100000100100100111110010001001000000100111111011000110,133245511,0,0.030000,0.600000
133259393,83,11010000001111101111100001001001001001001111100100010010001001001100110110001110110,133241974,0,0.030000,0.600000
133259394,74,00100011100111000101000001001001001111100100010110000001001111110110001101,133251035,0,0.030000,0.600000
133259396,81,000000011110111011010100100000100100111110010001001000100100111011111000111100111,133260447,0,0.120000,0.600000
133259397,84,101010001000111010101110010110100000100100111110010001001000100100101011011000110101,133237119,0,0.040000,1.000000
133259398,82,1101100010011111011111001010000000010010011110010001001001100100111011011000111111,133237119,0,0.040000,1.000000
133259399,83,01000010011110111011100100001100000001001111100100010000011001001010100110101100011,133237119,0,0.040000,1.000000
133259400,78,001100001100111110011100111010100101111110010001001000100100111010011000111111,133237119,0,0.040000,1.000000
133259401,81,100001001111011101110010010110000100100111110010001001000100100101011011010110101,133237119,0,0.040000,1.000000
133259402,81,100000101010001111110110010100000100100111110010001001000100100111100011100110001,133237119,0,0.040000,1.000000
133259403,79,0000000001110111110100010010100100100111100010001001001100100111011011000111011,133260447,0,0.100000,0.500000
133259404,82,1101000100011100101011100101001001001001001111100100010010001001001011110110001010,133237119,0,0.040000,1.000000
133259405,83,00010100000111001010101001011011000010010011111001001100100000010010111000000110101,133237119,0,0.040000,1.000000
133259406,73,0010001110011110010101001100100100111110010001001000000100111111011000110,133252610,0,0.024000,0.600000
133259409,83,11110000011100111111100100000100001001001111100100010010001001001011110110101101000,133263566,0,0.033333,0.500000
133259410,75,000100011010111100101000101001000001111100100010010001001001111111110000101,133237121,0,0.080000,0.800000
133259411,72,001011111111110000101101000100100111100100010010001001001010100100011001,133237121,0,0.100000,1.000000
133259413,83,01000010010111110111110010100100100100100111110110001001001100100111011011000111101,133247273,0,0.017143,0.600000
133259414,82,1000000001110111101010010110100010100100111110010001001000100100111111001000110101,133255828,0,0.040000,0.600000
133259415,84,010001100000110010101010000010100000100100111110010001001000100100101111010010101011,133252603,0,0.080000,0.800000
133259416,79,0000100100001101011100101001001001001001111100100010010001001001110101110001110,133255828,0,0.066667,0.600000
133259417,84,011001000100111110011110010100100000100100111110010001001001100100111011011000111111,133237123,0,0.066667,1.000000
133259418,80,01001001010100001111101100101000011001011111001000100100001010011110101110011000,133255828,0,0.033333,0.500000
133259419,77,00000000111110111110001010000010010011111001000100100011010010111011000110100,133252603,0,0.070000,0.700000
133259420,84,111001000100111110011110010100100000110100111110010001001001100100111011010001111111,133259010,0,0.028000,0.700000
133259421,82,1001001000100001011111101101000001001000111100100010010001011001101010111001100011,133252603,0,0.060000,0.600000
133259422,77,00000001111101111000010100000100100111110110001001000100100101110110001111001,133259010,0,0.032000,0.800000
133259423,86,11100000011011011110110000110100000100100111110010001001000100100101111010000110001111,133252603,0,0.080000,0.800000
133259424,83,00000000000111101111101100001000001011001011100100010010001001001111111011101111010,133252605,0,0.030000,0.600000
133259425,84,011001000100111110011110010100100000100100111110010001001001100100111011011000111111,133259010,0,0.032000,0.800000
133259426,84,111001000100111110011110010100100000110100111110010001001001100100111011010001111111,133255828,0,0.033333,0.500000
133259427,84,010001100000110010101010000010100000100100111110010001001000100100101111010010101011,133237123,0,0.066667,1.000000
133259428,75,000101011110111100101000001001001001111100100010010001001001111110100001101,133237123,0,0.066667,1.000000
133259429,84,010001100000110010101010000010100000100100111110010001001000100100101111010010101011,133237123,0,0.066667,1.000000
133259433,81,011110011100111110000100011100001001001111100110010010001001001011110110001011110,133260452,0,0.050000,0.500000
133259443,75,000100011110111100101000001001001001111100100010010001001001111110110001101,133262189,0,0.020000,0.500000
133259444,82,1000010011110111011100110001100000001001111100100010000011001001010100110101100011,133266902,0,0.024000,0.600000
133259447,76,0000001001010111110000100000100100100111110010001001000100100110000110001011,133255832,0,0.032000,0.800000
133259448,82,1000001010100001101101100101000001001001011100100010010001001001111010111001100011,133266902,0,0.028000,0.500000
133259451,81,000000101110010101110010110100000100101111110010001001000100100111111011000110000,133262189,0,0.020000,0.500000
133259456,82,1101000100011100101011100101101001001011001111100100010010001001001011110110001010,133262189,0,0.020000,0.500000
133259461,79,0000010011111011010010100000000100100111110010000001000100100111011011001111110,133270341,0,0.100000,0.500000
133259462,82,0110000000111001100110001010100010100100111110010001011000100100111111001001110101,133238699,0,0.100000,1.000000
133259463,86,01100110010001111001011001010010000010010011111001100100100110010011100101100011111110,133238700,0,0.066667,1.000000
133259464,87,011101000100011100101011100101101000001001001111100100010010001001001011110110001101010,133243659,0,0.198413,1.000000
133259465,83,00000110011110111111110100010000100100110110010001001000100100111011111000111100110,133243659,0,0.158730,0.800000
133259469,81,111010000111001100111001011010000010000011111001000100100010100111111001001110101,133243640,0,0.024000,0.600000
133259470,83,00000110011110111111110100010000100100110110010001001000100100111011111000111100110,133251031,0,0.024000,0.600000
133259471,83,00010100000111001010101001011011000010010011111001001100100000010010111000000110101,133255824,0,0.140000,0.700000
133259474,85,0110000001101101111111000011010010010010011111001000100100010010010111101000011000111,133243640,0,0.032000,0.800000
133259476,84,111000000101111001111100101011001001001001111100100010010001011001100010110000011010,133251034,0,0.033333,0.500000
133259477,83,11100000001110011101010010110100000100100111110010001001000100100111111011001110101,133232167,0,0.080000,0.800000
133259478,83,00000000000111101111101100001000001011001011100100010010001001001111111011101111010,133251034,0,0.033333,0.500000
133259479,88,0001100000010011011111110000110100100100100011110010001001000101100101111010000110001111,133262191,0,0.050000,0.500000
133259480,79,0000000011111011010010100000000100100111110010001001000100100111011011000111110,133238702,0,0.100000,1.000000
133259481,81,100000101110000111110110010100000100100111110010001001000100101011101011100110001,133238705,0,0.032000,0.800000
133259482,84,110101010001110010101010010110100000100100111110010001011000100100011101001101110101,133268605,0,0.016667,0.700000
133259483,82,1000000011100111111010100100000100100111110010001001000100100111011111000111100110,133235539,0,0.020000,0.600000
133259484,76,0001000111001111001010010010010010011111001000100100000010011111101100011011,133243640,0,0.040000,0.700000
133259485,83,11100000001110011101010010110100000100100111110010001001000100100111111011001110101,133238707,0,0.066667,1.000000
133259486,84,010001100000110010101010000010100000100100111110010001001000100100101111010010101011,133238707,0,0.066667,1.000000
133259487,84,110010001001111101111100101001000001001001111100100010010011001001110110110001111111,133238707,0,0.066667,1.000000
133259488,82,1000000010111110111110010100101100100100111110010001001000100100111011011000111001,133238707,0,0.066667,1.000000
133259489,84,111001000100111110011110010100100000110100111110010001001001100100111011010001111111,133238707,0,0.066667,1.000000
133259490,84,011101000100011100101011100101101000010010011111001000100100010010010111001100011010,133238707,0,0.066667,1.000000
133259491,82,1010000001111101111100001001000001101001111100100010010001001001100110110001111110,133263565,0,0.060000,0.600000
133259492,86,11100000011011010111110000110100000100100111110010001001000100100101111010010110001111,133266895,0,0.100000,1.000000
133259493,84,111001000100111110111110010100100000100110111110010001001001100100111011011000111111,133238707,0,0.066667,1.000000
133259494,80,00000100111110111110000101000001001001111100100010010001001000011101100011010010,133238707,0,0.066667,1.000000
133259495,83,01100000001110010001110010110100000100101111110010001001000100100111111001001110101,133238699,0,0.050000,0.500000
133259496,82,1000000010111110111110010100101100100100111110010001001000100100111011011000111001,133266895,0,0.100000,1.000000
133259498,85,1001000001010110001011101101101000001001001111100000010010101001001111010111001100011,133238709,0,0.100000,1.000000
133259499,83,11100000001110011101010010110100000100100111110010001001000100100111111011001110101,133238709,0,0.100000,1.000000
133259500,83,00000110011110111111110100000000100100110110010001011000100100111011111000111100110,133240459,0,0.100000,1.000000
133259501,82,1000000010111110111110010100101100100100111110010001001000100100111011011000111001,133235537,0,0.080000,0.800000
133259502,82,1000000010111110111110011100100100100100111110010001001000100100111011011000101101,133240460,0,0.100000,1.000000
133259503,75,000001010101011111000000100010010110011111001001001001100100110000110001011,133240460,0,0.100000,1.000000
133259504,82,1000000001110111101010010110100010100100111110010001001000100100111111001000110101,133240460,0,0.100000,1.000000
133259505,77,00000010111011110100010110000100100111110010001001001100100111011011000111011,133240460,0,0.100000,1.000000
133259506,85,1101000000011100001011100101101010001001001111000100010010001001001011110110001101010,133240460,0,0.100000,1.000000
133259507,82,1000000010111110111110010100101100100100111110010001001000100100111011011000111001,133233871,0,0.053333,0.800000
133259508,74,00000011101111010101011000010010011101001000100100110010011101101100011101,133235537,0,0.060000,0.600000
133259509,82,1000001000100001111101100101000001001001111100100010010001001001111010111001100011,133240462,0,0.100000,1.000000
133259510,81,000000101110010101110010110100000100100111110010001001000100100111111011000110000,133257451,0,0.024000,0.600000
133259511,75,000100011100101101101000001001001001111100100010010000001001111110110001101,133243655,0,0.100000,0.600000
133259513,82,0110000000111001100110001010100010100100111110010001011000100100111111001001110101,133259013,0,0.040000,0.600000
133259514,81,000000101110010101110010110100000100100111110010001001000100100111111011000110000,133240463,0,0.100000,1.000000
133259515,84,111000000101111001111100101011001001001001111100100010010101011001100010110100011010,133240463,0,0.100000,1.000000
133259516,83,10100000001110010101110010110100000100100111110000001001000100100101110011010110101,133240463,0,0.100000,1.000000
133259517,83,11100000001110011101010010110100000100100111110010001001000100100111111011001110111,133233871,0,0.053333,0.800000
133259520,84,011101000100011100101011100101101000010010011111001000100100010010010111001100011010,133243655,0,0.100000,0.600000
133259521,84,011101000100011100101011100101101000010010011111001000100100010010010111001100011010,133240460,0,0.100000,1.000000
133259522,82,1010000010111100111110010100101100100100111110010001001000100100111011011000111001,133240463,0,0.100000,1.000000
133259523,85,1100010001001111100110101101001000001001001101100100010010011011001110100110001111111,133240463,0,0.100000,1.000000
133259527,81,100000101010000111110110010100000100100111110010001001000100100111101011100110001,133243655,0,0.100000,0.600000
133259528,84,010000000011111001111111010011000010010011111001000100100110010011101111100011110011,133240460,0,0.080000,0.800000
133259529,83,10100000001110010101110010110100000100100111110010101001000100100101110011010110101,133243655,0,0.100000,0.500000
133259530,83,11100000001110011101010010110100000100100111110010001001000100100111111011001110111,133240463,0,0.100000,1.000000
133259532,80,00010000111110100100101000000001001001111100100010010001001001110110110001111101,133240460,0,0.100000,1.000000
133259533,86,10010000010101000010111011011010000010010011111001000100100010010011110101100011000101,133240463,0,0.100000,1.000000
133259536,83,00010100000111001010101001011011000010010011111001000100100000010010111000000110101,133245494,0,0.033333,0.500000
133259538,85,1001001001010100001011101101101000001001001111100100010010001001001111010111001100011,133265296,0,0.050000,1.000000
133259540,83,00000110011110111111110100010000100100110110010001011000100100111011111000111100110,133268601,0,0.020000,0.500000
133259541,87,011101000100011100101011100101101000001001001111100100010010001001001011110110001101011,133225410,0,0.160000,0.800000
133259542,81,100100010011111001111011100100000100100110110010001001001100100011010110001111111,133240467,0,0.050000,1.000000
133259543,83,10000110011110111111110100010000100100110110010001001000100100111011111000111100110,133240467,0,0.050000,1.000000
133259545,86,01110100010001110010101110010110100000100100111110010001001000100100101111011000010101,133259014,0,0.120000,0.600000
133259546,86,01110100010001110010101110010110100000100100111110010001001100100100101111011000110101,133240467,0,0.050000,1.000000
133259548,87,011101000100011100101011100101101000001001001111100100010010001001001011110110001101010,133240467,0,0.050000,1.000000
133259549,83,01000010011110111011100100001100000000001111100100010000011001001010100110101100011,133259014,0,0.100000,0.500000
133259553,86,11100000011011011111110000110100000100100111110010001001000100100101111010010110001111,133247273,0,0.053333,0.800000
133259558,87,010101000100011100101011100101101000001001001111100100010010001001001011110110001101010,133252599,0,0.050000,0.500000
133259561,76,0001000111001111001010010010010010011111001000100100000010011111101100011011,133235533,0,0.053333,0.800000
133259562,76,0001000111001111001010010010010010011111001000100100000010011111101100011011,133240475,0,0.066667,1.000000
133259563,86,10010000000011100111011100100101000001001001111100100010010001001001111110010011101011,133240475,0,0.066667,1.000000
133259564,77,00100011011101110011000101101001001111100100010010011001001111110110001111110,133241963,0,0.050000,1.000000
133259565,75,000100011010111100101000001001000001111100100010010001001001111110110001101,133241964,0,0.100000,1.000000
133259566,83,10100000001110010101110010110100000100100111110010001001000110101101110011010110101,133260443,0,0.100000,0.700000
133259567,84,110100010001110010101010010110100100100100111110010001001000100100011101001000110101,133241964,0,0.100000,1.000000
133259568,82,0000000010111110111110011100000100101100111110010001001001100100111011011000101101,133260443,0,0.080000,0.600000
133259569,79,0000000110101011100101001011001001001111100100010010011001001111110110001111111,133262179,0,0.120000,0.600000
133259570,75,000100011010111100101000001001000001111100100010010001001001111110110001101,133260443,0,0.100000,0.700000
133259571,75,000101011110111100101000001001001001111100100010010001001001111110100001101,133238709,0,0.100000,0.500000
133259572,85,0110101010001110010101010010110100000100100111110010001011000100100011101001100110101,133241964,0,0.100000,1.000000
133259573,79,0000000011111011010010100000000100100111110010001001000100100111011011000110110,133241964,0,0.100000,1.000000
133259574,86,01100110010001111001011001010010000010010011111001100100100110010011100101100011111110,133241964,0,0.100000,1.000000
133259575,83,00000000001110010101110000110101000110100111110010001001001100110111110101001101011,133262179,0,0.100000,0.500000
133259576,82,1000000010111110111110011100000100101100111110010001001001100100111011011000101101,133241964,0,0.100000,1.000000
133259577,86,11100000011011011111110000110100000100100111110010011001000100100101111010000110001011,133262179,0,0.120000,0.600000
133259578,82,0010110000111001010101001011010010010010011111001000100100000010010111010000110101,133241964,0,0.100000,1.000000
133259579,86,11001000001010110001011101101101000001001001111100000010010101001001111010111001100011,133241964,0,0.100000,1.000000
133259580,81,100010001111110111010000001000010010011111001000100100110000111101101000011001101,133241964,0,0.100000,1.000000
133259581,79,1000000011110111110100001000001001001111100100010000001001011101111100111110011,133241964,0,0.100000,1.000000
133259582,83,01000001010100101011101101101000001001001110100100010010011001001111010110001100010,133241965,0,0.066667,1.000000
133259583,83,01100100010011111001110001010010000000100111110010001001001100100111011011000111111,133266897,0,0.040000,0.600000
133259584,84,111001000100111110011110010100100000010100111110010001001001100100111011010001111111,133241965,0,0.066667,1.000000
133259585,79,0000000011011011110000000100000100100111110010001001000100100101110110001101001,133263569,0,0.080000,0.800000
133259586,81,101000000011100101011100101101000001001001111100100100100010010110111001101011010,133266894,0,0.020000,0.400000
133259589,84,111001000100111110111110010100100000100100111110010001001001100100111011011000111111,133260444,0,0.120000,0.600000
133259590,84,111001000100111110111110010100100000100100111110010001001001100100111011011000111111,133240463,0,0.120000,0.700000
133259599,74,00000011101111010101011000010010011101001000100100110010011101101100011101,133241972,0,0.050000,0.500000
133259600,80,00000100111110111110000101000001001001111100100010010001001000011111100011010010,133241973,0,0.050000,0.500000
133259601,82,1010000001111101111100000001011001001001111100100010010001001001100110110001111110,133241973,0,0.100000,1.000000
133259602,85,1100000101010000101110110110100000101100111110010101001000100100111101011010110001010,133241973,0,0.100000,1.000000
133259603,83,10110000001110010101010010100100000100110111110010001001000100100111010111001101001,133241973,0,0.100000,1.000000
133259607,87,011001000100111110010110010100100000100110111110010001011001100100110011011000111111101,133251035,0,0.025000,0.500000
133259608,75,000001111011111110101010010001001001111100100010010001001001011111110001001,133241974,0,0.050000,1.000000
133259609,84,110101010001110110101110010110100000100100111110010001001001100100111111000000100101,133241974,0,0.050000,1.000000
133259610,84,111100100001110010101110010110111000100100111110010001001000100100101111011000110101,133251035,0,0.030000,0.600000
133259611,82,1101000100101100101011100101101001001001001111100100010010001001001011110110001010,133268591,0,0.040000,0.600000
133259613,86,11100000011011011110110000110100000100100111110010101001000100100101111010000110001111,133241974,0,0.050000,1.000000
133259614,82,1000001010100001001101101101000001001001111100100010010001001001111000101001100010,133241974,0,0.030000,0.600000
133259615,76,0000000011101111010001011000010000011111001000100100110010011101101100011101,133241975,0,0.066667,1.000000
133259617,82,1010000010111100111110010100101100100100111110010001001000100100111011011000111001,133268588,0,0.066667,0.600000
133259619,80,00000100111110111110000101000001001001111100100010011001001000011101100011010010,133241976,0,0.066667,1.000000
133259620,80,00000100111110111110000101000001001001111100100010010001001000011101100011010010,133259018,0,0.050000,0.500000
133259621,80,00010100111110111110000101000001001001111100100010010001001000011101100011010010,133241976,0,0.053333,0.800000
133259622,80,00000100111110111110000101000001000001111100100010010001001000011101100011010010,133259018,0,0.050000,0.500000
133259623,83,01100100000011111001101011010010000010010011011001001001001001100011010011000111111,133241976,0,0.066667,1.000000
133259624,80,00000100111110111110000101000001001001111100100010010001001000011101100011010010,133241976,0,0.066667,1.000000
133259625,80,00000100111110111110000101000001001001111100100010010001001000011101100011010010,133241976,0,0.066667,1.000000
133259626,80,00000100111110111110000101000001001001111100100010010001001000011101100011010010,133259018,0,0.050000,0.500000
133259627,83,00000110011110111111110100000000100100110110010001001000100100111011111000111100110,133241976,0,0.066667,1.000000
133259628,81,100000001011111011111011010010000000100111110010001001000100100111111101110110101,133245504,0,0.040000,0.600000
133259629,81,100001001111011101110010010110000100100111110010001001000100100101011011010110101,133266901,0,0.040000,0.600000
133259630,80,00000100111110111110000101000001001001111100100010010001001000011101100011010010,133241976,0,0.066667,1.000000
133259631,80,00000100111110111110000101000001001001111100100010010001001000011101100011010010,133259018,0,0.050000,0.500000
133259632,85,0100010001001111100110111101001000001001001101100100010010011011001110100110001111111,133245504,0,0.040000,0.600000
133259633,83,01100100010011111001101011010010000010010011011001001001001001100011010011000111111,133241976,0,0.066667,1.000000
133259634,76,1000100011100111110101000001001001001111100100010010000001001111110110001101,133230485,0,0.070000,0.700000
133259635,83,10100000001110010101110010110100000100100111110010101001000100100101110011010110101,133230485,0,0.070000,0.700000
133259640,76,0000011001010111110000100000100100100101100010001001000100100110000110001011,133225394,0,0.060000,0.600000
133259645,82,1110000011110111101100100000100001001011111100100010010001001001011010110111101000,133240468,0,0.053333,0.800000
133259648,80,01111001110011111100010001110000100100111110011101001000100100101111011000101111,133240468,0,0.046667,0.700000
133259651,82,1100001010011101001111011010101000100100110110010001001000100100111111001000111101,133247259,0,0.060000,0.600000
133259652,86,11001000001011100001111101101101000001001001111000110010010000001001111010111000100011,133262194,0,0.060000,0.600000
133259653,86,01100000011011011101110000110100100100100011110010001001000101100101111010000110001111,133243643,0,0.080000,0.800000
133259654,86,01100000011011011111110000110100100100100011110010001001000101100101111010000110001111,133262194,0,0.050000,0.500000
133259655,83,11001000100111110111110010100100000100100110110010001001001100100111011011000101111,133243644,0,0.100000,1.000000
133259659,83,11100000001110011101010010110100000100100111111010001001000100100111111011001110101,133260451,0,0.050000,0.500000
133259664,78,000000011111011010010100000000100100111110010001001000100100111011011000110110,133243647,0,0.033333,0.500000
133259669,74,00001010101011111000000100010010110011111001001001001100100110000110001011,133243652,0,0.066667,1.000000
133259670,83,01000001010100001011101101001000000001001110100100010010001001001111000101001100010,133260454,0,0.040000,0.600000
133259671,85,0100000001011111011111011010010000010010011111001000100100010010011111110111011010111,133222213,0,0.040000,0.600000
133259672,76,0001000111001111001010010010010010011111001000100100000010011111101100011011,133266898,0,0.060000,0.600000
133259673,82,1100001010100001111101100101000001001001111100100010010001001101111010011001100011,133243654,0,0.050000,1.000000
133259674,85,0100000001011111011111011010010000010010011111001000100100010010011111110111011010111,133254158,0,0.080000,0.800000
133259675,83,11100000001110011101010010110100000100100111110010001001000100100111111011001110101,133266898,0,0.050000,0.500000
133259676,83,11000000001111010101000110010100010101100111110010001000000100100111011001001110101,133222213,0,0.033333,0.500000
133259677,83,11100000001110011101010010110100000100100111110010001001000100100111111011001110101,133240463,0,0.200000,0.600000
133259678,81,100000101010000111110110010100000100100111110010001001000100100111101011100110000,133243655,0,0.200000,1.000000
133259679,84,010000000011111001111111010011000010010011111001000100100110010011101111100011110011,133243657,0,0.100000,1.000000
133259680,83,11100000001110011101010010110100000100100111110010001001000100100111111011001110111,133257451,0,0.024000,0.600000
133259681,81,000000101110010101110010110100000100100111110010001001000100100111111011000110000,133243657,0,0.100000,1.000000
133259682,83,10100000001110010101110010110100000100100111110010001001000100101101110011010110101,133257451,0,0.020000,0.500000
133259683,82,1110010001101111100111100111001000001001011111100110010000100010001101111110011111,133243658,0,0.100000,1.000000
133259684,84,110001101001111100111101101001010001001001101100100011010001001001111110010001111010,133243658,0,0.100000,1.000000
133259685,84,100010000011001110011101010000000010010011111001000100100010010011101110010011110010,133243658,0,0.100000,1.000000
133259686,79,0000000011111011111000010100000100100111110010001001000100100101010110001101001,133243658,0,0.100000,1.000000
133259687,85,0001100000001110011001110010110100010100100111110110001001100100110111111001001110101,133263566,0,0.026667,0.400000
133259689,83,10100000001110010101110010110000001100100111110010001001000100100101110011010110101,133245494,0,0.066667,1.000000
133259690,76,0000001001010111110000100000100100100111110010001001000100100110000110001011,133245496,0,0.200000,1.000000
133259691,76,0000001001010111110000100000100100100111110010001001000100100110000110001011,133245496,0,0.200000,1.000000
133259693,84,111001000100011110011110010100000000100100111110010001001001100100111011110001111111,133245499,0,0.050000,1.000000
133259694,82,1000000001110111101010010110100010100100111110010001001000100100111111001000110101,133265298,0,0.040000,0.600000
133259695,83,01000001010100101011101101101000001001001110100100010010011001001111010110001100010,133252612,0,0.120000,0.600000
133259696,83,01000001010100101011101101101000001001001110100100010010011001001111010110001100010,133252612,0,0.120000,0.600000
133259697,83,11001000100111110011110010100100000100100111110010001101001100100111011011010111111,133252612,0,0.120000,0.600000
133259698,75,000100011101111100101000001001001001111100100010010000001001111110110001101,133252612,0,0.140000,0.700000
133259700,83,11001001100111110011110010100100010100100111010010001001001100100111011011100111111,133260440,0,0.030000,0.600000
133259701,76,0000010101010111110000001000100101100111110010001001001100100110000110001011,133245502,0,0.200000,1.000000
133259702,84,010010000101111101111101101001000001001001111100100010010001001000111111011101101011,133245502,0,0.200000,1.000000
133259703,81,100000101010000111110110010100000100100111110010101001000100100111101011100110001,133245503,0,0.066667,1.000000
133259704,83,11100000001110011101010010110100000100100111110010001001000100100111111011001110101,133245503,0,0.066667,1.000000
133259705,85,1001000001010100001011000100101000000001001111100100010010001001111111010111001100010,133266901,0,0.033333,0.500000
133259706,82,1101000100101100101011100101101001001001001111100100010010001001001011110110001010,133245504,0,0.066667,1.000000
133259707,83,11101010000011100101010101011010000010010011111001000100100010010010101111100011010,133266901,0,0.040000,0.600000
133259708,86,01100110010001111001011001010010000010010011111001100100100110010111100101100011111110,133268591,0,0.046667,0.700000
133259712,83,10111000001111010101010010100100000100100111110010001001000100100111010111001101001,133251038,0,0.020000,0.500000
133259713,85,0110010001001111101111100101001000001001001111100100010010011001001110110110001111111,133252610,0,0.024000,0.600000
133259714,81,100000001011111011111011010011000000100111110010001001000100100011111101110110101,133268598,0,0.050000,0.500000
133259715,85,1011001000100111110011100010100100000100100111110010001001001100100111011011000111111,133268598,0,0.030000,0.600000
133259716,83,10000000001110000101110000110001000100100111110010001001001100110111110101101101011,133245508,0,0.050000,1.000000
133259717,83,11000000001111011101000110010100010101100111110010001001000100100111011001001110101,133268609,0,0.050000,0.800000
133259718,83,11100000001110011101010010110100000100100111110010001001000100100111111011001110101,133268609,0,0.050000,0.800000
133259720,81,100000001011111011111010010010000000100111110010001001000100100111111101110110101,133257456,0,0.060000,0.600000
133259721,84,101110000011100101010100101001000001001001111100100010010001001001110101110011010011,133245511,0,0.050000,1.000000
133259722,80,00000000011111011111000010100000100100111110010001000000100100101110110001101001,133245511,0,0.050000,1.000000
133259723,83,11101000000011100101011100101101110001001001111100100000010001001101001110110011010,133245512,0,0.023333,0.700000
133259725,82,1110000011100111101100100010100001001001111100100010110001001001011110111101101000,133245513,0,0.050000,1.000000
133259727,76,0010011101010111001010010110000010010111001000100100110010011111101100111101,133245513,0,0.040000,0.800000
133259728,87,010101100100011100101011100101101000001001001111100100010010001001001011110110001101010,133265299,0,0.050000,1.000000
133259729,76,0100100011110111100101000001001001001111100100010010001000001111110110001101,133245516,0,0.025000,0.500000
133259731,84,111000000011100101010100101101000001001001111100100010010001001001111110110011101011,133245513,0,0.050000,1.000000
133259732,86,11100000011011011101110000110100000100100111110010001001000100100101111010010110001111,133245513,0,0.050000,1.000000
133259733,83,01101000100101100101011100101101001001001001111100100010010001001001011110110001010,133245513,0,0.030000,0.600000
133259734,85,1101000100011100101011100101101000001001001111100100010010000001001010110110001101011,133245513,0,0.050000,1.000000
133259735,76,0010001001110111001100010010100100111110010001001001100100111111011000101111,133245514,0,0.066667,1.000000
133259736,80,01111001110011101000010001110000100100111110011001001000100100101111011000101111,133245514,0,0.066667,1.000000
133259737,84,111001000100111110011110010100100000100100111110010001001001100100011011111100111111,133245514,0,0.066667,1.000000
133259738,83,00000000001110000101111000110101000100100011110010001001001100110111111101001101011,133255828,0,0.033333,0.500000
133259739,76,0010001001110111001100010010100100111110010001001001100100111111011000101111,133257451,0,0.024000,0.600000
133259740,83,11100000001110011101010010110100000100100111110010001001000100100111111011001110101,133243647,0,0.033333,0.500000
133259741,80,00000000011111011111000010100000100100111110010001001000100100101110110001101001,133255828,0,0.040000,0.600000
133259742,78,000000011111011010010100000000100100111110010001001000100100111011011000110110,133263576,0,0.025000,0.500000
133259743,81,100000101010000111110110110100100100100111110010001001000100100111101011100111001,133245514,0,0.066667,1.000000
133259744,83,01110000001110011000110010110100000100100111110010001001000100100011111001001110101,133257451,0,0.020000,0.500000
133259745,81,100000101010000111110110010100000100100111110010001001000100100111101011100110001,133268601,0,0.020000,0.500000
133259746,78,000100011010101110010100101110100100111110010011001000100100111110011000111111,133245515,0,0.040000,1.000000
133259747,83,11001000001110011101010010110100000100100111110010001001000100100111111011001110101,133245516,0,0.050000,1.000000
133259748,82,0100100001010010101110011110110000100100111110010001001000100100101111110000111101,133249271,0,0.060000,0.600000
133259750,84,110001101001111100111101101001010001001001101100100010010001001001111110010001111010,133232171,0,0.024000,0.600000
133259751,76,0000010101010111110000001000100101100111110010001001001100100110000110001011,133265299,0,0.050000,0.700000
133259752,84,110001101001111100111101101001010001001001101100100010010001001001111110010001111010,133259019,0,0.060000,0.600000
133259753,76,0000001011101111110101011000010010011111101000100100110000011101111100011101,133228736,0,0.100000,0.500000
133259754,76,0000010101010111110000001000100101100111110010001001001100100110000110001011,133265299,0,0.035000,0.700000
133259756,82,0100100001010010101110011110110000100100111110010001001000100100101111110000111101,133245516,0,0.050000,1.000000
133259757,86,11100000011011111111110000110100000100100111110010001001000100100101111010010110001111,133245516,0,0.050000,0.500000
133259758,84,011001000100111110011110010100100000100100111110010001001001100100111011011000111111,133265299,0,0.050000,0.800000
133259759,83,01000010011110111011100100001100000001001111100100010000011001001010100110101100011,133245516,0,0.050000,1.000000
133259760,86,10010000010101000010111011011010000010010011111001000100100010010011110101100011000101,133259019,0,0.050000,0.500000
133259761,83,01000010011110111011100100001100000001001111100100010000011001001010100110101100011,133232171,0,0.024000,0.600000
133259762,86,10010000010101000010111011011010000010010011111001000100100010010011110101100011000101,133240464,0,0.050000,0.500000
133259763,80,00000000011100101010100000101010010010011111001000100000110011011111010100110100,133259019,0,0.050000,0.500000
133259764,80,01111001110011111100010001110000100100111110011001001000100100101111011000101111,133245516,0,0.040000,0.500000
133259765,80,00000000011100101010100000101010010010011111001000100000110011011111010100110100,133240464,0,0.050000,0.500000
133259766,76,0000001011101111110101011000010010011111101000100100110000011101111100011101,133245516,0,0.050000,1.000000
133259767,84,011001000100111110011110010100100000100100111110010001001001100100111011011000111111,133245516,0,0.050000,1.000000
133259769,83,01000001010100101011101101101000001001001110100100010010011001001111010110001100010,133245516,0,0.050000,1.000000
133259770,83,01000001010100101011101101101000001001001110100100010010011001001111010110001100010,133245516,0,0.050000,1.000000
133259771,83,11001001100111110011110000100100010100100111010010001001001100100111011011100111111,133232171,0,0.024000,0.600000
133259772,82,0100000001010111011111011010010001000100111110010001001000100100011111101110110101,133265299,0,0.035000,0.700000
133259774,83,10000000101011101111100101011001001001001111100100010010001001001110110100001111110,133265299,0,0.025000,1.000000
133259778,81,100000101010000111110110010100000100100111110010101001000100100111101011100110001,133252607,0,0.028000,0.700000
133259779,83,11001001100111110011110010100100010100100111010010001001001100100111011011100111111,133245518,0,0.100000,1.000000
133259783,83,01000001010100101011101101101000001001001110100100010010011001001111010110001100010,133263557,0,0.028000,0.700000
133259785,85,0010000010011100111011100100101000001001001110100100010010001001001111110010011101011,133245520,0,0.200000,1.000000
133259786,83,00000000000111101111101100001000001011001011100100010010001001001111111011101111010,133266902,0,0.024000,0.400000
133259787,83,11100000001110011101010010110100000100100111110010001001000100100111111011001110101,133245521,0,0.060000,0.600000
133259788,78,000100011010101110010100101101100100111110011001001001100100111111011000011111,133268602,0,0.100000,0.600000
133259789,76,0000010101010111110000001000100001100111110010001001001100100110000110001011,133245521,0,0.100000,1.000000
133259790,78,000100011010101110010100101101100100111110011001001001100100111111011000011111,133268602,0,0.100000,0.600000
133259792,85,0001100000001110011001110010110100010100100111110110001001100100110111111001001110101,133247253,0,0.200000,1.000000
133259793,83,10100000001110000101110010110100000100100111110010001001000100100101110111010110101,133266903,0,0.025000,0.500000
133259794,80,00000000011111011111000010100000100100111110010001001000100100101110110001101001,133247254,0,0.050000,1.000000
133259795,76,0000010101010111110000001000100101100111110010001001001100100110010110001011,133254152,0,0.024000,0.600000
133259796,83,01000010011110111011100100001100000101001111100100010000011001001010100110101100011,133247254,0,0.050000,1.000000
133259797,82,1010000001111101111100001001001001001001111100100010010001001001100110110001111110,133240462,0,0.060000,0.600000
133259798,83,10100000001110010101110010110000001100100111110010001001000100100101110011010110101,133243645,0,0.060000,0.600000
133259799,82,1101001100111100101011100101101001001011001111100100010010001001001011110110001010,133243645,0,0.050000,0.500000
133259800,84,011001010100111110011110010100100000100100111110010001001001100101101011011000111111,133227178,0,0.100000,0.600000
133259801,85,0001100000001110011001110010110100010100100111110110001001100100110111011001001110101,133243645,0,0.040000,0.400000
133259802,83,01100000001110010001110010110100000100101111110010001001000100100111111001001110101,133240462,0,0.050000,0.500000
133259803,85,0001100000001110011001110010110100010100100111110110001001100100110111011001001110101,133247258,0,0.100000,0.700000
133259804,83,11100000001110011101110010110100000100100110110010001001000100100111111001101110101,133227178,0,0.100000,0.500000
133259806,76,0000100011110111100101000001001001001111100100010010001000001111110110001101,133230488,0,0.140000,0.700000
133259807,75,000101011110111100101000001001001001111100100010010001001001111110100001101,133247259,0,0.060000,0.600000
133259808,85,0111110000011100101010100101001000001001001111100110010010001001001110100111001101000,133230488,0,0.140000,0.700000
133259809,85,0011001000100111110011110010100100000100100111110010001001001100100111011011000111111,133230488,0,0.140000,0.700000
133259811,88,0101110000011011011111110000111100100100110111110010001001000100100101101010000110001110,133240468,0,0.053333,0.800000
133259813,83,10100000001110010101110010110100000100100111110010001001000100100101010011010110101,133230488,0,0.160000,0.800000
133259815,76,0000100011110111100101000001001001001111100100010010001000001111110110001101,133270347,0,0.100000,0.600000
133259816,84,010000000011111001111111010011000010010111111001000100100110010011101111100011110011,133247259,0,0.100000,1.000000
133259817,83,11100000001110011101010010110100000100100111110010001001000100100111111011001110101,133247260,0,0.066667,1.000000
133259818,84,010000000011111001111101010011000010010011111001000100100110010011101111100011110011,133252597,0,0.040000,0.600000
133259819,84,111010001000111010101110110110100000100100111110010001001000100100101011011000110101,133247260,0,0.066667,1.000000
133259820,82,0100000000111110011111010100110000100100111110010001001001100100111011111000111101,133252597,0,0.040000,0.600000
133259821,81,010000000111000010111001011010000010010011111001001001000100100101110111010110101,133265301,0,0.040000,0.400000
133259822,81,100000101011000001110110100100000100100111110010001001000000100111101011000100001,133247261,0,0.050000,1.000000
133259823,82,1000001010110101011101111101000001001001111100100110010001001001111110110101100010,133247261,0,0.050000,1.000000
133259824,83,11001000100111110111110010100100000100100110110010001001001100100111011011000111111,133235539,0,0.060000,0.600000
133259825,78,000100011011101110011000101101001001111100100010010011001001111110110001111110,133268605,0,0.080000,0.800000
133259826,76,0010011101010111001010010110000010011111001000100100110010011111101100111101,133247262,0,0.050000,1.000000
133259827,82,1110000011110111101100100000100001001011111100100010010001001001011010110111101000,133247262,0,0.050000,1.000000
133259830,77,00000000111110111110001010000010010011111101000100110010010010111011000110100,133241967,0,0.020000,0.400000
133259832,83,11100000001110011101010010110100000100100111110010001001000100100111111011001110101,133241967,0,0.025000,0.500000
133259835,82,1100001010100001111101100101000001001001111100100010010001001101111010011001100011,133241967,0,0.025000,0.500000
133259841,83,10000000001110000101110000110101000100100111110010001001001100110111110101001101011,133247264,0,0.100000,1.000000
133259842,77,00000000111110111110001010000010010011111101000100110010010010111011000110100,133247264,0,0.100000,1.000000
133259843,83,10000000001110000101110000110101000100100111110010001001001100110111110101001101011,133268606,0,0.070000,0.700000
133259844,82,0000000000111001010101000001010100010010011111001000100100110011011111010100110100,133247264,0,0.100000,1.000000
133259845,77,00000010111011110100010110000100100111110010001001001100100111011011000111011,133247265,0,0.066667,1.000000
133259849,82,0100000000111010110110000010100000000100111110010001001000100000111110110000101001,133265303,0,0.100000,0.500000
133259850,82,1101000100011100101011100101001001001001001111100100010010001001001011110110001010,133247269,0,0.066667,1.000000
133259851,85,1110100000001110010101110010110111000100100111110010001001001100100100111011001110111,133257453,0,0.040000,0.600000
133259852,82,1010000010111100111110010100101100100100111110010001001000100100111011011000111001,133247270,0,0.100000,1.000000
133259853,85,0000000000010100101011111111100110001001001111100100010010001001001111010110001011011,133247270,0,0.100000,1.000000
133259854,76,1000101011110111100101000001001001001111100100010010000001001111110100001101,133247270,0,0.060000,0.600000
133259855,84,111100000001110011101110010110100000100100111110000001001000100100111101011001110101,133243653,0,0.050000,0.500000
133259856,84,111000000101111001111100101011001001001001111100100010010101011001100010110100011010,133240476,0,0.100000,0.500000
133259857,84,011001000100111110011110010100100000100100111110010001001001100100111011011000111111,133259006,0,0.060000,0.600000
133259858,86,00110010001001111100111100101001000101001001111100100010000011001001110110110001111101,133247270,0,0.100000,1.000000
133259859,86,01100110010001111001011001010010000010010011111001100100100111010011100101100011111110,133230497,0,0.033333,0.500000
133259861,83,10000000101011101111100101011001001001001111100100010010001001001110110100001111110,133247271,0,0.033333,1.000000
133259862,82,0100000101010001111110110010100001100100111110010001001000010100111101011100110001,133247271,0,0.033333,1.000000
133259863,81,100000101010000111110110110100000100100111110010001001000100100111101011100111001,133247271,0,0.033333,1.000000
133259864,84,000000000011111001111101010011000010011011111001000100100110010011101111000011110011,133247271,0,0.033333,1.000000
133259868,77,11000000011101111010001011000010010011111001000100100110010011101101100011101,133238706,0,0.028000,0.700000
133259869,81,110000000101001110111001010101000100100111110010001001000100100011111001001100101,133247273,0,0.066667,1.000000
133259870,81,110000000101001110111001010101000100100111110010001001000100100011111001001100101,133247273,0,0.066667,1.000000
133259871,81,110000000101001110111001010101000100100111110010001001000100100011111001001100101,133240472,0,0.040000,0.600000
133259872,81,110000000101001110111001010101000100100111110010001001000100100011111001001100101,133240472,0,0.040000,0.600000
133259874,82,1000000010111010111110011100000100101100111111010001001001100100111011011000101101,133240472,0,0.040000,0.600000
133259875,81,110000000101001110111001010101000100100111110010001001000100100011111001001100101,133251031,0,0.020000,0.500000
133259876,84,101000000011110101011100101101000001001001111100100010010001001001011100110101101010,133257468,0,0.100000,1.000000
133259877,86,10100000000111110011111010100110000100100111110010001001001100100111011111000111100110,133260455,0,0.046667,0.700000
133259878,86,01100110010001111001011001010010000010010011111001100100100110010011100101100011111110,133260455,0,0.040000,0.600000
133259879,86,01100000011001011111110000110100100100100111110010001001000101100101111010000110001111,133262196,0,0.100000,0.500000
133259880,86,01100110010001111001011001010010000010010011111001100100100110010011100101100011111110,133249258,0,0.033333,0.500000
133259881,85,1001001001010100001011101101101000001001001111100100010010001001001111010111001100011,133249259,0,0.066667,1.000000
133259882,80,01111001110011111000010001110000100100111110011001001000101100101111011000101111,133270349,0,0.066667,0.500000
133259883,81,100000001011111011110110100100000100100111110010001001000100100111111101110110101,133249260,0,0.100000,1.000000
133259884,83,11100000001110011101110010110100000100100111110010001001000100100111111001001110101,133249260,0,0.100000,1.000000
133259885,86,01001000001010110001011101101101000001001001111100100010010001001001111010111001100011,133249260,0,0.100000,1.000000
133259886,82,0100100001010010101110011110100000100100011110010001001000100100101111110000111101,133249260,0,0.100000,1.000000
133259887,84,110010001001111101111100101001000001001001111100100010010011001001110110110001111111,133249260,0,0.100000,1.000000
133259889,84,111110000011100101011100101001000001001001111100100010010001001001110100111001101000,133260453,0,0.060000,0.600000
133259890,87,011001000100111110010110010100100000100110111110010001011001100100110011011000111111101,133265304,0,0.040000,0.600000
133259891,84,111110000011100101010100101001000001001001111100100010010001001001110100111001101000,133249265,0,0.100000,1.000000
133259892,82,1000001010110000011101101101000001001001111100100010010101001001111010111001000011,133249265,0,0.100000,1.000000
133259893,82,1000000010100001111101101101000001001001111100100010010001001001111010111001110010,133249265,0,0.100000,1.000000
133259894,83,00000001001010010101111111110011010100100111110010001101000100100111100110001011011,133266904,0,0.032000,0.800000
133259895,76,0001000111001111001010000010010010011111001000100100000010011111101100011011,133266904,0,0.028000,0.700000
133259898,83,11100000001110011101010010110100000100100111110010001001000100100111111011001110111,133249267,0,0.100000,1.000000
133259899,82,1000000110111110111110010100101100100100111110010001001000100100111011011000111001,133249267,0,0.100000,1.000000
133259900,84,110011001000111100101100101001000001001101111100110010010011001001100101100011111110,133232171,0,0.020000,0.500000
133259902,73,0010001110011110010100000100100100111110010001001000000100111111011000110,133259019,0,0.100000,0.600000
133259903,82,1000001010100001111101100101000001001001111100100010010001001001111010111001100011,133240459,0,0.050000,0.500000
133259904,82,0100100001010010101100011110100001100100111110010001001000100100101111110000111101,133259019,0,0.050000,0.500000
133259905,84,101000000011100101011100101101000001001001111100100110010001001001011100110101101010,133249271,0,0.050000,0.600000
133259906,86,11100000010011011111110000110100100100100111100010001001100100100101111010000110001111,133249271,0,0.100000,1.000000
133259907,84,101000001010100001011101101001000000001001110100100010010001101001111000101001100010,133251028,0,0.060000,0.600000
133259908,74,00000011101101010101011000010010011101001000100100110010011101101100011101,133251028,0,0.100000,1.000000
133259909,83,01000001010100001011101101001000000001001110100100010010001001001111000101001100010,133251029,0,0.066667,1.000000
133259910,86,01110100010001110010101110010110100000100100111110010001001000100100101111011000110101,133251029,0,0.066667,1.000000
133259911,77,00000000111110111110001010000010010011111001000100100010010010111011000110100,133251029,0,0.066667,1.000000
133259912,81,100000101010000111110110010100000100100111110010001001000100100111101011100110001,133247261,0,0.025000,0.500000
133259913,82,1000001010100001111101101101000001001001111101100010010001001001111010101001110010,133251029,0,0.066667,1.000000
133259914,83,10111000001110010101010010100100000100100111110010001001000100110111010111001101001,133247261,0,0.025000,0.500000
133259915,82,0010110000111001010101001011010010010010011111001000100100000010010111010000110101,133251029,0,0.066667,1.000000
133259916,81,100000101010000111010110111100000100100111110010101001000100100111101011100110001,133251035,0,0.035000,0.700000
133259917,83,11100000001110011101010010110100000100100111110010001001000100100111111011001110111,133251030,0,0.040000,1.000000
133259918,85,0010000000011100111011100100101000001001001111100100010010001001001111110010011101011,133251030,0,0.040000,1.000000
133259919,81,110100000010111011111000010010010000100111110010001001000100100110011011000111110,133251030,0,0.024000,0.600000
133259920,82,1000000001110111101010010110100010100100111110010001001000100100111111001000110101,133225394,0,0.080000,0.800000
133259922,77,00000010111011110100010110000100100111110010001001001100100111011011000111011,133259006,0,0.060000,0.600000
133259923,87,011101000100011100101011100101101000001001001111100100010010001001001011110110001101010,133251034,0,0.066667,1.000000
133259924,82,1000001010100001011101101001000000001001110100100010010001001001111000101001000010,133251034,0,0.066667,1.000000
133259925,83,11100000001110011101010010110100000100100111110010001001000100100111111011001110101,133232167,0,0.080000,0.800000
133259926,80,00000000011111011111000010100000100100111110010001001000100100101110110001101001,133232167,0,0.080000,0.800000
133259927,82,1101000100011100101011100101001001011001001111100100010010001001001011110110001010,133251034,0,0.066667,1.000000
133259928,85,1011100010001110101011100101101000001001001111100100010010001001001010110100001101011,133251036,0,0.066667,1.000000
133259929,83,11101010000011100101010101011010000010010011111001000100100010010010101111100011010,133251036,0,0.066667,1.000000
133259930,84,111010011111011110110010000110100100100111110010001001000000100111111011010110110000,133251036,0,0.066667,1.000000
133259931,83,11101010000011100101010101011010000010010011111001000100100010010010101111100011010,133251036,0,0.066667,1.000000
133259932,82,1110000011100111111100100000100001000011111100100010010001001001011110110101101000,133251036,0,0.066667,1.000000
133259933,85,1011100010001110101011100101101000001001001111100100010010001001001010110100001101011,133251036,0,0.066667,1.000000
133259934,83,10000101010000101110110010100000100100111110010001001000100100111101011100100001111,133251036,0,0.066667,1.000000
133259935,79,0000000011011011110000000100000100100111110010001001000100100101110110001101001,133251036,0,0.066667,1.000000
133259936,84,111001000100111110111110010100100000100100111110010001001001100100111011011000111111,133251036,0,0.066667,1.000000
133259937,84,111001000100111110111110010100100000100100111110010001001001100100111011011000111111,133251036,0,0.066667,1.000000
133259938,82,1110000011100111111100100000100001001001111100100010010001001001011110110101101000,133251039,0,0.066667,1.000000
133259939,76,0100100011110111100101000001001001001111100110010010001000001111110110001101,133268610,0,0.024000,0.600000
133259940,83,11010000001111101111100001001001001001001111100100010010001001001100110110001110110,133251041,0,0.050000,1.000000
133259941,78,001100011100111110011100111010100101111110010001001000100100111010011000111111,133251042,0,0.200000,1.000000
133259942,83,10000000101011101111101101011001001001001111100100010010001001001110110100001111110,133251042,0,0.200000,1.000000
133259943,78,001001001111101111100001010000010010011111001000100100010010000110011000110100,133251042,0,0.200000,1.000000
133259944,83,11101010000111100101010101011010000010010011011001000100100010010010111111100011010,133251042,0,0.200000,1.000000
133259945,82,0100000000111010111110000010100000100100111110010001001000100000111110110000101001,133240466,0,0.140000,0.600000
133259946,80,10000000101111111111001110010010010010011111001000100110010010011101101100010110,133255834,0,0.060000,0.600000
133259947,82,0000000000111001000111000011010100010010011111001000100111110011011111010100110101,133252597,0,0.033333,0.500000
133259948,83,11101010000111100101010101011010000010010011011001000100100010010010111111100011010,133255834,0,0.060000,0.600000
133259949,83,11100000001110011101010010110100000100100111110010001001000100100111111011001110101,133251042,0,0.200000,1.000000
133259950,84,111100000101110011101010010110100000100100111110010001001000100100111111011001110111,133265301,0,0.100000,1.000000
133259951,82,1000000010111110111110011100100100100100111110010001001100100100111011011000101101,133251042,0,0.200000,1.000000
133259952,81,110100000011101011111000010010010000100111110110001001000100100100011011000110110,133251042,0,0.200000,1.000000
133259953,82,1000001010110101011101111101000001001001111100100110010001001001111110110101100010,133251042,0,0.200000,1.000000
133259954,83,11001000100111110111110010100100000100100110110010001001001100100111011011000101111,133252597,0,0.040000,0.600000
133259955,86,01100110010001111001011001010010000010010011111001100100100110010011100101100011111110,133268611,0,0.120000,0.600000
133259956,82,1010000001111101111100001001001001001001111100100010010001001001100110110001111110,133251044,0,0.100000,1.000000
133259957,80,10000000111101111110100001000001001001111100100010000001001011101111100011110011,133237121,0,0.070000,0.700000
133259958,85,1100001101000111100111101101001010001001001101100100010010001001001111111010001111010,133251044,0,0.100000,1.000000
133259959,82,0010110000101001010101001011010010010010011111001000100100010010010111010000110101,133270342,0,0.060000,0.600000
133259960,85,1000011000011101110111101010010000010010011111001000000100010010011101111101011110000,133251044,0,0.100000,1.000000
133259961,82,1000000010111010111110010100101100100100111110010001001000100100111011011000111001,133252598,0,0.040000,1.000000
133259962,83,11100000001110011101010010110100000100100111110010001001000100100111111011001110101,133252598,0,0.040000,1.000000
133259963,84,111001000100111110111110010100100000100110111110010001001001100100111011011000111111,133263568,0,0.033333,0.500000
133259964,82,1000001010100001111101101101000001001001111100100010010001001001111010111001110010,133263568,0,0.040000,0.600000
133259965,83,01001000100101010111110010100100000100100110110010001001001100100111011011000111111,133259005,0,0.040000,0.600000
133259966,84,110010001001111101111100101001000001001001111100100010010011001001110110110001111111,133235542,0,0.040000,0.600000
133259967,81,101000000011100111000100011010000010010011111001000100100010010011110100100111010,133259010,0,0.040000,1.000000
133259968,83,00100000001111101111110101001000101001001111100110010010011001001110111110001111001,133259010,0,0.024000,0.600000
133259969,83,10100000001110010101110010110100000100100111110010001001000100101101110011010110101,133252603,0,0.100000,1.000000
133259970,76,0010001101110111001100010110100100111110010001001001100100111111011000111111,133228737,0,0.024000,0.600000
133259971,82,0000000000111001000110000010010100010010011111001000100100110011011111010100110101,133252605,0,0.050000,1.000000
133259972,81,110000001111110111110001001000010010001111001000110100110010111101101100011001101,133252605,0,0.050000,1.000000
133259973,77,00000000111110111110001010000010010011111001000100100010010010111011000111100,133252605,0,0.050000,1.000000
133259974,84,111000000011100111010100101101000001001001111100100010010001001001111010110011101010,133255828,0,0.066667,0.600000
133259975,84,100001101001111100111101101001010001001001101100100010010001001001111111010001111010,133252605,0,0.050000,1.000000
133259976,81,000000101110010101110010110100000100100111110010001001000100100111111011000110000,133237123,0,0.066667,1.000000
133259977,84,000000000011111001111101010011000010010011111001000100100110010011101111100011110011,133252605,0,0.050000,1.000000
133259978,85,1011001000100111110011100010100100000100100111110010001001001100100111011011000111111,133255828,0,0.053333,0.600000
133259979,81,000000101110010101110010110100000100100111110010001001000100100111111011000110000,133237123,0,0.066667,1.000000
133259980,86,10010000010101000010111011011010000010010011111001000100100010010011110101100011000101,133255828,0,0.066667,0.600000
133259981,84,111001000100111110111110010100100000100100111110010001001001100100111011011000111111,133255837,0,0.060000,0.600000
133259982,84,111000000011100111010100101101000001001001111100100010010001001001111110110011101011,133255837,0,0.060000,0.600000
133259983,83,11100000001110011101010010110100000100100111110010001001000100100111111011001110101,133263567,0,0.060000,0.600000
133259984,76,0011000111101111111101001100010010011111001000100110010010011100101000110110,133257468,0,0.050000,0.800000
133259985,83,01000010011110111011100100001100000001001111100100010000011001001010100110101100011,133252611,0,0.066667,1.000000
133259986,86,01001000001010100001011000100101000000001001111100100010010001001101111010111001100010,133252611,0,0.066667,1.000000
133259987,82,1000000001110111101010010110100010100100111110010001001000100100111111001000110101,133252611,0,0.066667,1.000000
133259988,76,0010001101110111001100010110100100111110010001001001100100111111011000111111,133252611,0,0.066667,1.000000
133259989,78,000100011010101110010100101110100100111110010011001001100100111110011000111111,133252611,0,0.053333,0.800000
133259990,82,1010000001111101111100001011001001001001101100100010010001001001100110110001111110,133252611,0,0.066667,1.000000
133259992,84,011100000001110011101100010110100000100100111110011001001000100100111111001001010101,133254146,0,0.040000,1.000000
133259993,76,0000001111101111010001011000010010011111001000100100110010011101101100011101,133257454,0,0.024000,0.600000
133259994,84,111010001000111010101110110110100000100100111110010001001000100100101011011000110101,133254146,0,0.040000,1.000000
133259995,83,10100000001110010101110010110100000100100111110010001001000100100101110011010110101,133254146,0,0.040000,1.000000
133259998,84,011001000100111110011110010100100000100100111110010001001001100100111011011000111111,133254149,0,0.066667,1.000000
133259999,75,000000111111111100001011010101000001111100100010010001001001010100100011001,133254149,0,0.066667,1.000000
133260000,81,100000101010000101110110010100000100100111110010001001000100100111101011100110001,133254150,0,0.100000,1.000000
133260001,81,100000001010000111110110110100000100100111110010001001000100100111101011100111001,133254150,0,0.100000,1.000000
133260002,82,0000000000111001000111000011010100010010011111001000100100110011011111010100110101,133254150,0,0.100000,1.000000
133260003,86,10010000010101000010111011011010000010010011111001000100100010010011110101100011000111,133254152,0,0.040000,1.000000
133260004,79,0000000110101011100101001011001001001111100100010010011000001111110110001111111,133247254,0,0.030000,0.600000
133260005,84,011001000100111110111110010100100000100100111110010001001001100100111011011000111111,133270345,0,0.035000,0.700000
133260006,81,100000101010000111110110010100000100100111110010101000000100100111101011100110001,133254153,0,0.053333,0.800000
133260007,81,100000001110101111101001001000001001001111101100010010001001001101110010001111001,133254153,0,0.066667,1.000000
133260008,83,00101000001110010101010010110100000000100111110010001001000100100101110100001100011,133254155,0,0.028571,1.000000
133260009,85,0111110000011100101010100101001000001001001111100110010010001001001110100111001101000,133254157,0,0.100000,1.000000
133260010,83,11000000010111110111110010100101100100100111110010001001000100100111011011000111001,133254158,0,0.050000,0.800000
133260011,81,100000001011111011111011010011000000100111110010001001000100100111111101110110101,133254157,0,0.100000,1.000000
133260012,82,1000001010100001110101101101000001001001111100101010010001001001111010111001100010,133254157,0,0.100000,1.000000
133260013,83,00100000001111101111110101001000101001001111101110010010011001001110111110001111001,133263575,0,0.024000,0.600000
133260014,87,011101000100011100101011100101101000001001001111100100010010001001001011110110001101010,133266898,0,0.050000,0.500000
133260015,83,10100000001110010101110010110100000100100111110010001001000100100101110011000110101,133255825,0,0.100000,1.000000
133260016,82,1100100001110011001110010110100000100000111110010001001000101001111110010011101010,133254153,0,0.033333,0.500000
133260017,83,11100000001110011101010010110100000100100111110010001001000100100111111011001110101,133255825,0,0.100000,1.000000
133260018,84,000011000011101110111101010010000010010011111001000100100010010011101111101011110010,133254153,0,0.046667,0.700000
133260019,79,1100100111101111110001010111000010010011111001000100100010010010111101000010101,133225396,0,0.050000,0.500000
133260020,84,000011000011101110111101010010000010010011111001000100100010010011101111101011110010,133255825,0,0.100000,1.000000
133260021,82,0000000000111001000111000011010100010010011111001000100100110011011111010100110101,133225396,0,0.050000,0.500000
133260022,83,11101010000111100101010101011010000010010011011001000100100010010010111111100011010,133225396,0,0.060000,0.600000
133260023,83,00000110011110111111110100000000100100110110010001001000100100111011111000111100110,133254153,0,0.040000,0.600000
133260024,85,0010000000011100111011100100101000001001001111100100010010001001001111110010011101011,133255825,0,0.100000,1.000000
133260025,80,00000000111110111110100101010001001001111100100010010001001001011101100011010011,133225396,0,0.050000,0.500000
133260026,83,10000000001110000101110000110101000100100111110010001001001100110111110101001101011,133225396,0,0.050000,0.500000
133260027,80,00001001000011011111001010010010010010011111001000100100010010011001011100011100,133255825,0,0.100000,1.000000
133260028,82,1110000011100111111100100000100001001001111100100010010001001001011110110101101000,133225396,0,0.050000,0.500000
133260029,82,1010000001111101111100001011001001001001101100100010010001001001100110110001111110,133225396,0,0.060000,0.600000
133260030,87,010101000101011100101011100101101000001001001111100100010010001001001011110110001101010,133255826,0,0.200000,1.000000
133260031,84,111000001101111001111100111001001001001001111100100010010001001001100110110010011010,133255826,0,0.200000,1.000000
133260032,86,01100000011011011111110000110100100100100111110010001001000101100101111010000110001111,133255826,0,0.200000,1.000000
133260033,82,1000000001110111101010010110100010100100111110010001001000100100111111001000110101,133255826,0,0.200000,1.000000
133260034,84,110101010001110010101010010110100100100100111110010001001000100100011101000000110101,133255828,0,0.066667,1.000000
133260035,84,111001000100111110011110010100000000100100111110010001001001100100101011011000111111,133263571,0,0.120000,0.600000
133260036,83,10100000001110010101110010110100000100100111110010001001000100101101110011010110101,133255828,0,0.066667,1.000000
133260037,84,110010001001111101111100101001000001001001111100100010010011001001110111110001111111,133263576,0,0.030000,0.600000
133260038,74,00000011101111010101011000010010011101001000100100110010011101101100011101,133245514,0,0.033333,0.500000
133260039,82,1000000010101110111100010101100100100100111111010001001000100100111011011000111101,133245514,0,0.033333,0.500000
133260040,84,111001000100111110011110010100000000100100111110010001001001100100101011011000111111,133255828,0,0.066667,1.000000
133260041,84,111001000100111110011110010100000000100100111110010001001001100100101011011000111111,133263571,0,0.120000,0.600000
133260042,82,0000000000111001010101000001010100010010011111001000100100110011011111010100110100,133237123,0,0.053333,0.800000
133260043,84,110101010001110010101010010110100100100100111110010001001000100100011101000000110101,133263571,0,0.100000,0.500000
133260044,81,000001001111101111100001010000010010011111001000100100010010000111011000110100101,133263571,0,0.100000,0.500000
133260045,82,0000000000111001010101000001010100010010011111001000100100110011011111010100110100,133237123,0,0.053333,0.800000
133260046,84,111001000100111110011110010100000000100100111110010001001001100100101011011000111111,133243647,0,0.040000,0.600000
133260047,77,00100000111110111110001010000010010011111001000100100010010010111011000110100,133255828,0,0.066667,1.000000
133260048,83,11001000100111110111110010100100000100100110110010001001001100100111011011000101111,133245514,0,0.040000,0.600000
133260049,84,011001010100111110011110010100100000100100111110010001001001100101101011011000111111,133237123,0,0.053333,0.800000
133260050,79,0100100111101111110001000111000010010011111001000100111010010010111101100010101,133255829,0,0.050000,1.000000
133260051,86,11110010001001111101111100101001000001001001011100100010010011001001110110110001111110,133252604,0,0.035000,0.700000
133260052,84,111001000110111110011110011100100000100101111111010001001001000100011011111100111111,133252604,0,0.030000,0.600000
133260053,83,10100000001110000101110010110100000100100111110010001001000100100101110111010110101,133252604,0,0.050000,1.000000
133260054,82,1000010011110111011100110001100000001001111100100010000011001001010100110101100011,133263563,0,0.050000,0.500000
133260055,82,1000010011110111011100110001100000001001111100100010000011001001010100110101100011,133263563,0,0.050000,0.500000
133260056,85,1111110000011100100010100101001000001001001111100100110010001001001110100111001101000,133228737,0,0.024000,0.600000
133260057,85,1011001000100111110011100010100100000100100111110010001001001100100111011011000111111,133228737,0,0.024000,0.600000
133260058,86,10100000000111110011111010100110000100100111110010001001001100100111011111000111100110,133252604,0,0.040000,0.800000
133260059,79,0100100111101111110001000111000010010011111001000100111010010010111101100010101,133228737,0,0.024000,0.600000
133260060,82,1010000001011101111100001001001001001001111100100010010001001001100110110001111110,133255829,0,0.030000,0.600000
133260061,83,10100000001110010101110010110100000100100111110010101001000100100101110011010110101,133252604,0,0.040000,0.800000
133260062,86,11110010001001111101111100101001000001001001011100100010010011001001110110110001111110,133255829,0,0.050000,1.000000
133260063,82,1010000001011101111100001001001001001001111100100010010001001001100110110001111110,133228737,0,0.028000,0.700000
133260064,85,1011001000100111110011100010100100000100100111110010001001001100100111001011000111111,133252604,0,0.040000,0.800000
133260065,86,10100000000111110011111010100110000100100111110010001001001100100111011111000111100110,133228737,0,0.024000,0.600000
133260066,82,1000010011110111011100110001100000001001111100100010000011001001010100110101100011,133228737,0,0.020000,0.500000
133260067,86,11110010001001111101111100101001000001001001111100100010010011001001110110110001111110,133255829,0,0.050000,1.000000
133260068,86,11100000011011111111110000110100000110100111110010001001000100100101111010010110001111,133263563,0,0.060000,0.600000
133260069,83,11101010000111110101010101111010000010010011111001000100100010010010111111100011010,133252604,0,0.050000,1.000000
133260070,82,1000010011110111011100110001100000001001111100100010000011001001010100110101100011,133252604,0,0.030000,0.600000
133260071,83,11001000100111110111110010100100000100110110110010001001001100100011011001000101111,133262193,0,0.120000,0.600000
133260072,83,10100000001110010101110010110100000100100111110010001001000100101101110011010110101,133262193,0,0.100000,0.500000
133260073,86,01110100010001110010101110010110100000100100111110010001001001100100101101011000110101,133255839,0,0.066667,0.600000
133260074,86,01110100010001110010101110010110100000100100111110010001001001100100101101011000110101,133255830,0,0.066667,1.000000
133260075,84,010001100000110010101010000010100000100100111110010001001000100100101111000010101011,133262193,0,0.120000,0.600000
133260076,83,10000000000111110011111010000110000100100111110010001001001100100111011110001111001,133262193,0,0.120000,0.600000
133260077,82,1110000011110111101100100000100001001001111100100010010001001001011010110111101000,133255831,0,0.200000,1.000000
133260078,84,111010001000111001010111001011010000010010011111001000100100010010001101011000110101,133262186,0,0.053333,0.800000
133260079,82,1001001000100001011111101101000001001001111100100010010001011001101010111001100011,133255833,0,0.040000,1.000000
133260080,85,1011001000100111110011100010100100000100100111110010001001001100100111011011000111111,133262186,0,0.046667,0.700000
133260081,83,11101010000011100101010101011010000010010011111001000100100010010010111101100011010,133262186,0,0.053333,0.800000
133260082,82,0100100001010010101110011110100000100100111110010001001000100100101111110000111101,133255833,0,0.040000,1.000000
133260083,85,0100000001011111011111011010010000010010011111001000100100010010011111110111011010111,133255833,0,0.040000,1.000000
133260085,83,11101010000011100101010101011010000010010011111001000100100010010010111101100011010,133240466,0,0.017143,0.600000
133260086,88,1101110000011011011111100000110100101100110111110010001001000100100101101010000110001110,133255833,0,0.040000,1.000000
133260087,83,11001000100111110111110010000100000100100110110010001001001100100111011011000111111,133255833,0,0.040000,1.000000
133260088,87,010101000100011100101011100101101000001001001111100100010010001001001011110110001101010,133262186,0,0.053333,0.800000
133260089,84,000000000011111001111111010011000010010011111001000100100110010011101111100011110011,133255834,0,0.100000,1.000000
133260090,83,11100000001100011101010010110100000100100111110010001001000100100111101011001110101,133255834,0,0.100000,1.000000
133260091,83,10000000101111101111100111001001001001001111100100010010001001001110110110001011010,133255836,0,0.100000,1.000000
133260092,77,00000000111110111110001010100010010011111001000100100010010010111011000110100,133255836,0,0.100000,1.000000
133260093,73,0010001110011111010100000100100100111110010001001000000100111111011000110,133255836,0,0.100000,1.000000
133260094,73,0010001110011110010100000100100100111110010001001000000100111111011000110,133255836,0,0.100000,1.000000
133260095,83,10000000011101111010100101101000101001001111100100010010001001001111110010001101011,133255836,0,0.100000,1.000000
133260096,88,1101110000011011011111110000110100101100110111110010001001000100100101101010000110001110,133255836,0,0.100000,1.000000
133260097,82,1010000001111101111100001011001001001001101100100010010001001001100110110001111110,133255836,0,0.100000,1.000000
133260098,83,11001001100111110011110010100100010100100111010010001001001100100011011011100111111,133255836,0,0.100000,1.000000
133260099,76,0011001111101111111101001100010010011111001000100110010010011100101000110110,133255836,0,0.100000,1.000000
133260100,88,1101110000011011011111110000110100101100110111110010001001000100100101101010000110001110,133255836,0,0.100000,1.000000
133260101,84,110001101001111100111101101001010001001001101100100010010001001001111111010001111010,133255836,0,0.100000,1.000000
133260102,83,10000000101111101111100111001001001001001111100100010010001001001110110110001011010,133255836,0,0.100000,1.000000
133260103,86,10100000011011011111110000110000000100100111110010001001000100100101011010010110001111,133255836,0,0.100000,1.000000
133260104,82,1000000011110111101010010110100010100100111110010001001000100100111111001000110101,133255836,0,0.100000,1.000000
133260105,83,11001000100111110111110010100100000100100110110010001001001100100111011011000101111,133255836,0,0.100000,1.000000
133260106,86,11110010001001111101111100101001000001001001111100100010010011001001110110110001111110,133255836,0,0.100000,1.000000
133260107,84,111001000110111110011110011100100000100101111110010001001001000100011011111100111101,133255836,0,0.100000,1.000000
133260108,82,1000000011110111101010010110100010100100111110010001001000100100111111001000110101,133255836,0,0.100000,1.000000
133260109,84,111001000110111110011110011100100000100101111110010001001001000100011011111100111101,133255836,0,0.100000,1.000000
133260110,84,111001000110111110011110011100100000100101111110010001001001000100011011111100111101,133255836,0,0.100000,1.000000
133260112,84,100010000011001110011101010000000010010011111001000100100010010011101110010011110010,133255830,0,0.100000,0.600000
133260113,84,111000011111011110010010000110100100100111110010001001000100100101111011010110110000,133222210,0,0.060000,0.600000
133260114,84,111001000100111110011110010100000000100100111110010000001001100100101011011000111111,133255839,0,0.100000,1.000000
133260115,82,1000001010100001111101101101000001001001110100100010010001001001111010111001110010,133262196,0,0.100000,0.500000
133260116,85,0000000000010100101011110111100110001001001111100100010010001001001111010110001011011,133262196,0,0.100000,0.500000
133260117,82,1000001010100001111101101101000001001001110100100010010001001001111010111001110010,133255839,0,0.100000,1.000000
133260118,73,0010001110011110010100000100100100111110010001001000000100101111011000110,133255839,0,0.100000,1.000000
133260119,84,111001000100111110011110010100000000100100111110010000001001100100101011011000111111,133255839,0,0.100000,1.000000
133260120,81,100000101010000111110110010100000100100111110010001001000100100111101011100110001,133255840,0,0.100000,1.000000
133260121,84,110110000011100101010100111001000001001001111101100010010001001001110100111001101000,133243651,0,0.080000,0.500000
133260122,83,11001000100111110111110010100000000100100100110010001001001100100111011011000111111,133255840,0,0.100000,1.000000
133260123,86,11100000011011011110110000110100000100100111110010001001000100100101111010000110001111,133255840,0,0.100000,1.000000
133260124,76,0001010101010111110000001000100101100111110010001001001100100110010110001011,133254148,0,0.120000,0.600000
133260125,79,1000000011110111110100001000001001001111100100010000001001011101111100111110011,133243651,0,0.100000,0.500000
133260126,80,00000000111110111110100101010001001001111100100010010001001001011101100011010011,133263560,0,0.200000,1.000000
133260127,81,100000101010000111110110010100000100100111110010001001000100100111101011100110001,133245518,0,0.080000,0.800000
133260128,80,00000000111110111110100101010001001001111110100010010001001001011101100011010011,133260447,0,0.120000,0.600000
133260129,76,0000101111111111100001011010101001001111100100010010001001001010100100111001,133245518,0,0.100000,1.000000
133260130,84,011100000001110011101010010110100000100100111110010001001000100100111111011000100101,133255841,0,0.025000,0.500000
133260131,81,100000101010000111110110010100000100100111110010001001000100100111101011100110001,133260447,0,0.120000,0.600000
133260132,82,1110000011100111111100100000100001001001111100100010010001001001011110110101101000,133260447,0,0.120000,0.600000
133260133,86,11100000011011011111110000110100000100100111110010001001000100100101111010010110001111,133260447,0,0.120000,0.600000
133260134,80,00001001000011011111001010010010010010011111001000100100010010011001011100011100,133255842,0,0.200000,1.000000
133260135,83,11100000001110011101010010110100000100100111110011001011000100100111111001001010101,133255842,0,0.200000,1.000000
133260136,81,100000101011000001110110100100000100100111110010001001000000100111101011000100001,133255842,0,0.200000,1.000000
133260137,85,1111100000111001010101001010010010010010011111001000100100010010011101001110011010001,133255842,0,0.200000,1.000000
133260139,76,0010011101010111001010010110000010011111001000100100110010011111101100011101,133257451,0,0.200000,0.600000
133260140,83,11100000001110011101010010110100000100100111110010001001000100100111111011001110101,133255843,0,0.200000,1.000000
133260141,83,11100000001110011101010010110100000100100111110010001001000100100111111011001110101,133257451,0,0.200000,0.600000
133260144,81,100000001111110111110001001000010010011111001000110100110010111101101100011001101,133255843,0,0.040000,0.500000
133260145,82,1000000001110111101010010110100010100100111110010001001000100100111111001000110101,133257451,0,0.040000,1.000000
133260147,82,1000001010100101011101101101000001001001111100100010010111001001111010110001101010,133257451,0,0.040000,1.000000
133260148,83,10000000000111110011111010000110000100100111110010001001001100100111011110001111001,133257453,0,0.066667,1.000000
133260149,84,110110000011100101010100101001000001001001111101100010010001001001110100111001101000,133257453,0,0.066667,1.000000
133260150,86,11110010001001111101111100101001000001001001111100100010010011001001110110110001111110,133270354,0,0.066667,0.600000
133260151,81,100000101010000111110110010100000100100101110010101001000100100111101011100110001,133257453,0,0.066667,1.000000
133260152,84,111001000100111110111110010100100000100100111110010001001001100100111011011000111111,133270354,0,0.066667,0.600000
133260153,84,111101010000111110101010101011010000010010011111001000100100010010010111111100011010,133257453,0,0.066667,1.000000
133260154,84,111001000100111110111110010100100000100100111110010001001001100100111011011000111111,133270354,0,0.066667,0.600000
133260155,86,11110010001001111101111100101001000001001001111100100010010011001001110110110001111110,133257453,0,0.066667,1.000000
133260156,83,11101000100111100001011100101101001101001001111100100010010101001001011110110001010,133257453,0,0.066667,1.000000
133260157,82,1000000010101110111100010101100100100100111110010011001000100110111011011000111101,133257453,0,0.066667,1.000000
133260158,86,11110010001001111101111100101001000001001001111100100010010011001001110110110001111110,133270354,0,0.066667,0.600000
133260159,86,11110010001001111101111100101001000001001001111100100010010011001001110110110001111110,133270354,0,0.066667,0.600000
133260160,83,11100000001110011101010010110100000100100111110010001001000100100111111011001110101,133257453,0,0.066667,1.000000
133260161,83,11100000001110011101010010110100000100100111110010001001000100100111111011001110101,133243653,0,0.050000,0.500000
133260162,76,0010001101110111001100010110100100111110010001001001100100111111011000111111,133257458,0,0.066667,1.000000
133260163,80,00000000011111011111000010100000100100111110010001000000100100101110110001101001,133257458,0,0.066667,1.000000
133260164,83,10100000001110010101110010110100000100100111110010001001100100100101110011010110101,133257458,0,0.066667,1.000000
133260165,85,1001000001010100001011000100101000001001001111100100010010001001101111010111001100010,133257458,0,0.066667,1.000000
133260166,85,1001000001010100001011000100101000001001001111100100010010001001101111010111001100010,133257458,0,0.066667,1.000000
133260167,83,11001001100111110011110010100100010100100111010010001001001100100111011011100111111,133257458,0,0.066667,1.000000
133260168,83,10100000001110010101110010110100000100100111110010001001100100100101110011010110101,133257458,0,0.066667,1.000000
133260169,86,01001000001010110001011101101101000001001001111100100010010001001001111010111001100011,133257458,0,0.066667,1.000000
133260170,86,01001000001010110001011101101101000001001001111100100010010001001001111010111001100011,133257458,0,0.066667,1.000000
133260171,84,011000000011110011111100001111101101001001111100100010010001001001011110100001100011,133257458,0,0.066667,1.000000
133260172,83,10100000001110010101110010110000001100100111110010001001000100100101110011010110101,133257458,0,0.066667,1.000000
133260173,80,00000000011111011111000010100000100100111110010001000000100100101110110001101001,133257458,0,0.066667,1.000000
133260174,83,10100000001110010101110010110000001100100111110010001001000100100101110011010110101,133257458,0,0.066667,1.000000
133260175,85,0100000000111110011111010100110000100100111110010001001001100100111011111000111100110,133257458,0,0.066667,1.000000
133260176,83,11001001100111110011110010100100010100100111010010001001001100100111011011100111111,133257458,0,0.066667,1.000000
133260177,76,0010001101110111001100010110100100111110010001001001100100111111011000111111,133257458,0,0.066667,1.000000
133260178,85,1001000001010100001011000100101000001001001111100100010010001001101111010111001100010,133257458,0,0.066667,1.000000
133260179,79,0000000011111011010010100000000100100111110010001001000100100111011011000111110,133257458,0,0.066667,1.000000
133260180,78,001001001111101111000001010000010010011111001000100100010010000110011000110100,133257458,0,0.066667,1.000000
133260181,85,0100000000111110011111010100110000100100111110010001001001100100111011111000111100110,133257458,0,0.066667,1.000000
133260182,84,011000000011110011111100001111101101001001111100100010010001001001011110100001100011,133257458,0,0.066667,1.000000
133260183,79,0000000011111011010010100000000100100111110010001001000100100111011011000111110,133257458,0,0.066667,1.000000
133260184,82,1000000010111110111110011100000100100100111110010001001001100100111011011000101101,133257458,0,0.066667,1.000000
133260185,85,0111110000011100101010100101001000001001001111100110010010001001001110100111001101000,133257458,0,0.066667,1.000000
133260186,85,1001000001010100001011000100101000001001001111100100010010001001101111010111001100010,133257458,0,0.066667,1.000000
133260187,79,0000001011111011010010100000000100100111110010001001000100100111011011000111110,133270338,0,0.160000,0.800000
133260188,82,1000001010100001001101101101000001001001111100100010010001001001111000101001110010,133265303,0,0.100000,0.600000
133260190,83,10100000001110000101110010110100000100100111110010001001000100100101110111010110101,133257460,0,0.100000,1.000000
133260191,76,0000101111111111100001011010101001001111100100010010001001001010100100111001,133265303,0,0.100000,0.600000
133260192,76,0000101111111111100001011010101001001111100100010010001001001010100100111001,133257460,0,0.100000,1.000000
133260193,84,000000000011111001111101010011000010010011111001000100100110010011101111100011111011,133257460,0,0.100000,1.000000
133260194,78,000100011010101110010100101110100100111110010011001000100100111111001000111111,133257460,0,0.100000,1.000000
133260195,82,1000000010111110111010011100000100100100111110010001001000100100111011010000101101,133257461,0,0.200000,1.000000
133260196,82,1000000010111110111010011100000100100100111110010001001000100100111011010000101101,133257461,0,0.200000,1.000000
133260197,88,0101110000011011011111110000110100100100110111110010001001000100100101101010000110001110,133257462,0,0.100000,1.000000
133260198,84,011001000100111110011110010100100000100100111110010001001001100100111011111000111111,133257462,0,0.100000,1.000000
133260199,88,0101110000011011011111110000110100100100110111110010001001000100100101101010000110001110,133257462,0,0.100000,1.000000
133260200,84,111010001000111010101110010110100000110100111110010001001000100100101011011000110101,133238696,0,0.025000,0.500000
133260201,83,01000010010111110111110010100101100100100111110010001001000100010111011011000111001,133257467,0,0.100000,1.000000
133260202,81,100000101010000111110110000100000100100110110010001001000100100111101011100110001,133257467,0,0.100000,1.000000
133260203,83,10100000001110010101110010110100000100100111110010001001000100101101010011010110101,133257467,0,0.100000,1.000000
133260204,82,0000000000111001010111000001010100010010011011001000100100110011011111010100110100,133257467,0,0.100000,1.000000
133260205,77,00000000111110111110001010000010010011111001000100100010010010111011000110100,133257467,0,0.100000,1.000000
133260206,86,01100000011011011111110000110100100100100011010010001001000101100101111010000110001111,133257467,0,0.100000,1.000000
133260207,75,000100011010111100101001001001000001111100100010010001001001111110110000101,133257467,0,0.100000,1.000000
133260208,85,0010000010011100111011100100101000001001001111100100010010001001001111110010011111011,133257467,0,0.100000,1.000000
133260209,81,100000001111110111110001001000010010001111001000110100110010111101101100011001101,133257467,0,0.100000,1.000000
133260210,86,01100110010001111001011001010010000010010011111001100100100110010011100101100011111110,133262185,0,0.028000,0.700000
133260211,83,11011000100111110111110010100100000100100111110010001001001100100111011011000111011,133252606,0,0.060000,0.600000
133260212,83,10111000001111010101010010100100000100100111110010001001000100100111010111001101001,133259003,0,0.100000,1.000000
133260213,84,110011001000111100101100101001000001001101111100110010010011001001100101100011111110,133259003,0,0.100000,1.000000
133260214,79,0000001011111011010010100000000100100111110010001001000100100111011011000111110,133259003,0,0.100000,1.000000
133260215,84,011100010001110011101010010110100000100100111110010001001000100100111111011001110101,133247265,0,0.040000,0.600000
133260216,76,0100100011110111100101000001001001001111100100010010001000001111110110001101,133247265,0,0.033333,0.500000
133260217,83,01100000001110010001110010110100000100101111110010001001000100100111111001001110101,133259004,0,0.100000,1.000000
133260218,81,100000001011111011111010010010000000100111110010001001000100100111111101110110101,133230497,0,0.040000,0.600000
133260219,81,100100010011111101111011100100000100100110110010001001001100100011010110001111111,133257463,0,0.060000,0.600000
133260222,81,100100010011111001111011100100000100100110110010001001001100100011010110001111111,133257463,0,0.060000,0.600000
133260223,83,10100000001110011101010000110100000100100111110010001001000100100111101001001110101,133235544,0,0.080000,0.600000
133260225,83,10100000001110011101010000110100000100100111110010001001000100100111101001001110101,133235544,0,0.030000,0.600000
133260226,83,10100000001110011101010000110100000100100111110010001001000100100111101001001110101,133259004,0,0.100000,1.000000
133260227,84,110110000011100101010100101001000001001001111101100010010001001001110100111001101000,133259004,0,0.080000,0.800000
133260228,79,0000000110101011100101001011001001001111100100010010011001001111110110001111111,133259005,0,0.200000,1.000000
133260229,85,1011001000100111110011100010100100000100100111110010001001001100100111011011000111111,133252608,0,0.040000,0.600000
133260230,77,10000011001010111110000100000100100100101110010001001000100100110000110001011,133259005,0,0.200000,1.000000
133260231,83,10100000001110010101110010110100000100100111110010001001000100100101110011010110101,133252598,0,0.200000,1.000000
133260232,83,11001000100111110111110010100100000100100110110010001001001100100111011011000111111,133230485,0,0.046667,0.600000
133260233,83,11010000001111101111100001001001001001001111100100010010001001001110110110001110110,133259005,0,0.200000,1.000000
133260234,87,001100000010011011111110000110100100100100011110010001001000101100101111010000110001111,133260441,0,0.030000,0.600000
133260235,83,00100000001111101111110101001000101001001111100110010010011001001110111110001111001,133259005,0,0.200000,1.000000
133260236,84,101110000011100101110100101111000001001001111100100010010001001001110101110011010011,133268604,0,0.050000,1.000000
133260237,82,1101000100011110101011100101001001001001001111100100010010001011001011110110001010,133235531,0,0.025000,0.500000
133260238,82,1101000100011100101111100101001001001001001111100100010010001001001011110110001010,133266891,0,0.080000,0.500000
133260239,88,1101110000011011011111110000110100101100110111110010001001000100100101101010000110001110,133259006,0,0.100000,1.000000
133260240,87,010101000100011100101011100101101000001001001111100100010010001001001011110110001101010,133251033,0,0.080000,0.800000
133260241,83,01010000001111101111100001000001001101001111100100010010001001001100110110001111110,133266891,0,0.070000,0.500000
133260242,75,000100011101111100101000001001001001111100100010010000001001111110110001101,133259006,0,0.100000,1.000000
133260243,83,11101000100111100001011100101101001101001001111100100010010001001001011110110001010,133268610,0,0.100000,1.000000
133260244,77,00000010111010111110000001000100101100111110010001001001100100110000110000011,133247270,0,0.060000,0.600000
133260246,77,00000010111010111110000001000100101100111110010001001001100100110000110000011,133247270,0,0.060000,0.600000
133260247,88,1101110000011011011111110000110100101100110111110010001001000100100101101010000110001110,133251033,0,0.060000,0.600000
133260248,81,110100000010111011111000010010010000100111110010001001000100100110011011000111110,133259006,0,0.100000,1.000000
133260250,76,0000011001010111110000100000100100100101100010001001000100100110000110001011,133251033,0,0.060000,0.600000
133260251,82,1010000001111101111100001000001001101001111100100010010001001001100110110001111110,133240476,0,0.060000,0.600000
133260252,75,000100011101111100101000001001001001111100100010010000001001111110110001101,133259006,0,0.100000,1.000000
133260253,79,0100100111101111110001010111000010010011111001000100100010010010111101000010101,133245503,0,0.040000,0.600000
133260254,83,11000000001111010101000110010100010101100111110010001000000100100111011001001110101,133262188,0,0.035000,0.700000
133260255,86,11100000011011011111110000110100100100100111110010001001000100100101111010000110001111,133259007,0,0.200000,1.000000
133260256,82,1000001110100001111101100101000001001001111100100010010001001001111010111001100011,133259007,0,0.200000,1.000000
133260258,82,1000001110100001111101100101000001001001111100100010010001001001111010111001100011,133259007,0,0.200000,1.000000
133260259,82,1000001110100001111101100101000001001001111100100010010001001001111010111001100011,133245503,0,0.040000,0.600000
133260260,81,100000101011000000110110110100000100100111110010001001000100100111101011100100001,133259007,0,0.200000,1.000000
133260261,82,0010110000111001010101001011010010010010011111001000100100000010010111010000110101,133262188,0,0.035000,0.700000
133260262,82,0010110000111001010101001011010010010010011111001000100100010010010111010000110101,133260438,0,0.050000,0.500000
133260263,82,1000001110100001111101100101000001001001111100100010010001001001111010111001100011,133259007,0,0.200000,1.000000
133260264,77,00001010100001111011001010000010010011111001000100100010010011111101110011000,133259007,0,0.200000,1.000000
133260265,82,1000001110100001111101100101000001001001111100100010010001001001111010111001100011,133259007,0,0.200000,1.000000
133260266,88,0101110000011011011111110000110100110100110111110010001001000100100101101010000110001110,133259007,0,0.200000,1.000000
133260269,77,00000010111011110100010110000100100111110010001001001100100111011011000111011,133262188,0,0.035000,0.700000
133260270,82,1001001000100001011111101101000001001001111100100010010001011001101010111001100011,133259008,0,0.100000,1.000000
133260271,83,00000000000111101111101100001000001011001011100100010010001001001111111011101111010,133259008,0,0.100000,1.000000
133260272,78,000000101111111111100001011010001001001111100100010010001001001010100100011001,133255830,0,0.040000,0.600000
133260273,84,111000011111011110110010000110100100100111110010001001000100100101111011010110110000,133259008,0,0.100000,1.000000
133260274,80,10010010001000101111110110100000100100111110010001001000101100110101011100110001,133262193,0,0.100000,0.500000
133260275,88,1101110000011001011111110000110100101100110111110010001001000100100101101010000110001110,133259008,0,0.080000,0.800000
133260276,76,0000100010100111100101001001001001001111100100010010000001001111110110001101,133255839,0,0.033333,0.500000
133260277,82,0110000001111011111110000110100100100100111110010001001000100100100111010000110001,133255830,0,0.040000,0.600000
133260278,81,101000000011100111000100011010000010010011111001000100100010010011110100100111010,133259008,0,0.100000,1.000000
133260279,82,1000000001110111101010010110100010100100111110010001001000100100111111001000110101,133259008,0,0.100000,1.000000
133260280,79,0000000011111011111000010100000100100111110010001001000100100101110110001101001,133259008,0,0.100000,1.000000
133260281,77,00000000111110110100101000000001001001111001000100100010010011001101100011111,133259008,0,0.100000,1.000000
133260282,77,00000010010101111100001000001001001001111100100010010001001001100001100010111,133259009,0,0.040000,1.000000
133260283,78,110100000001100110111001010010010010010011111001000100100010010010111101100010,133259009,0,0.000000,0.000000
133260285,82,0100000001010111011111011010010001000100111110010001001000100100011111101110110101,133259009,0,0.040000,1.000000
133260286,83,11001001100111110011110010100100010100100111010010001001001100100111011011100111111,133228738,0,0.030000,0.600000
133260287,77,00100011011101110011000101101001001111100100010010011001001111110110001111110,133259009,0,0.040000,1.000000
133260288,82,1110000011100111111100100000100001001011111100100010010001001001011110110101101000,133259009,0,0.040000,1.000000
133260289,81,100000001110101111101001001000001001001111101100010010001001001101110010001111001,133259009,0,0.040000,1.000000
133260290,81,100000101010000111110110000100000100100110110010001001000100100111101011100110001,133259009,0,0.040000,1.000000
133260293,83,10001001100111110011110010100100010100100111010010001001001100100111011011000111111,133259009,0,0.040000,1.000000
133260294,81,101000000011100111000100011010000010010011111001000100100010010011110100100111010,133259009,0,0.040000,1.000000
133260295,86,11100000011011011101110000110100000100100111110010001001000100100101111010010110001111,133260439,0,0.035000,0.500000
133260296,80,00000000111110111110100101010001001001111100100010010001001001011101100011010011,133255828,0,0.066667,0.600000
133260297,77,00000000111110111110001010000010010011111001000100100010010010111011000110100,133259010,0,0.040000,1.000000
133260298,83,01100100001110011001110010110100000100000111110010001001000100100111111001001110101,133259010,0,0.040000,1.000000
133260299,75,000100011100101101101000001001001001111100100010010000001001111110110001101,133259010,0,0.040000,1.000000
133260300,83,10000000001110000101110000110101000100100111110010001001001100110111110101001101011,133259010,0,0.040000,1.000000
133260301,84,011001000100111110011110010100100000100100111110010001001001100100111011011000111111,133259010,0,0.040000,1.000000
133260302,75,000100011100101101101000001001001001111100100010010000001001111110110001101,133259010,0,0.040000,1.000000
133260303,83,00000000000111101111101100001000001011001011100100010010001001001111111011101111010,133237123,0,0.046667,0.700000
133260304,77,00000001111101111000010100000100100111110110001001000100100101110110001111001,133252605,0,0.035000,0.700000
133260305,77,00000000111110111110001010000010010011111001000100100011010010111011000110100,133252603,0,0.070000,0.700000
133260306,83,11100000001110011101010010110100000100100111110010001001000100100111111011001110101,133259010,0,0.040000,1.000000
133260307,76,0000101111111111100001011010101001001111100100010010001001001010100100111001,133243647,0,0.040000,0.600000
133260308,83,01001000100111110111110010100100000100100111110010001001001100100111011011000111011,133243647,0,0.040000,0.600000
133260309,75,000100011000111100101000001001000001111100100010010001001001111110110000101,133259011,0,0.066667,1.000000
133260310,76,0000010101010111110000001000100101100111110010001001001100100110000110001011,133259011,0,0.066667,1.000000
133260311,85,1101000100011100101011100101101000001001001111100100010010000001001010110110001101011,133243647,0,0.033333,0.500000
133260312,85,1101000100011100101011100101101000001001001111100100010010000001001010110110001101011,133260446,0,0.066667,0.600000
133260313,82,1010101000111001010101001011010010000100111110010001001000100100011101001000110101,133259011,0,0.066667,1.000000
133260314,83,00000000000110010101111111110011000100100111110010001001000100100111101011000101101,133260446,0,0.000000,0.500000
133260315,84,110110000011100101010100101001010001001001111101100010010001001001110100111001101000,133259011,0,0.066667,1.000000
133260316,83,01000010010111110111110110100100000100100111110010001001000100100111111101110110101,133260446,0,0.066667,0.500000
133260317,85,0000000000010100101011111111100110001001001111100100010010001001001111010110001011011,133259011,0,0.066667,1.000000
133260318,81,100001001111011101110010010110000100100111110010001001000100100101011011010110101,133260446,0,0.066667,0.500000
133260319,84,100000101010000101110110110100000100100111110010001001000100100111101011010110001010,133252609,0,0.100000,1.000000
133260320,83,10111001001110010101011010100100000100100111110010001011000100110111010111001101001,133265292,0,0.200000,0.700000
133260321,84,111001000100111110011100000100100000100100111010000001101001100100111011111000011111,133259012,0,0.200000,0.600000
133260322,75,000101011110111100101000001001001001111100100010010000001001111110100001111,133259012,0,0.200000,1.000000
133260323,81,101000000011100111000100011010000010010011111001000100100010010011110100100111010,133259012,0,0.200000,1.000000
133260324,83,11011001100111110111110010100100000100100111110010001001001100100111011011000111011,133259012,0,0.200000,1.000000
133260325,84,111001000100111110011100000100100000100100111010000001101001100100111011111000011111,133265292,0,0.200000,0.500000
133260326,82,1000001010100001111101101101000001001001111100100010010001001001111010111001110010,133265292,0,0.200000,0.800000
133260327,83,11100000111001111011001000001000010010011111001000100100010010010111101111011010000,133233871,0,0.053333,0.800000
133260328,84,001000001010100101011101101101000001001001110100100010010011001001111010110001100010,133233871,0,0.040000,0.600000
133260329,84,111001000100111110111110010100100000100100111110010001001001100100111011011000111111,133259013,0,0.066667,1.000000
133260330,84,001100000001110011101100010110100000100100111110011001001000100100111111001001010101,133240460,0,0.080000,0.800000
133260331,83,00000110011110111111110100000000100100110110010001011000100100111011111000111100110,133240460,0,0.070000,0.700000
133260332,76,0000010101010111110000001000100101100111110010001001001100101110010110001011,133240463,0,0.060000,0.600000
133260333,75,000100011100111110101000001001001001111100100010010000001001111110110001101,133240460,0,0.080000,0.800000
133260334,83,11100000001110011101010010110100000100100111110010001001000100100111111011001110111,133233871,0,0.053333,0.800000
133260335,82,1000000010111110111110011100100100100100111110010001001100100100111011011000101101,133233871,0,0.046667,0.700000
133260336,86,10010000010101000010111011011010000010010011111001000100100010010011110101100011000101,133259013,0,0.066667,1.000000
133260337,76,0010001101110111001100010110100100111110010001001001100100111111011000111111,133233871,0,0.053333,0.800000
133260338,84,111000000011100111010100101101000001001001111100100010010001001001111010110011101010,133240463,0,0.060000,0.600000
133260339,83,10111001001110010101011010100100000100100111110010001001000100110111010111001101001,133233871,0,0.053333,0.800000
133260340,82,0010110000111101010101001011110010010010011111001000100100000010010111010000110101,133259013,0,0.066667,1.000000
133260341,78,001100011010101010010100001100100100111110011001001001100100111101011000111111,133233871,0,0.040000,0.600000
133260342,85,1100010001001111100110101101001000001001001101100100010010011011001110100110001111111,133240460,0,0.060000,0.600000
133260343,84,111001000110111110011110011100100000100101111110010001001001000100011011111100111110,133243655,0,0.050000,0.600000
133260344,84,101110000011110101010100101001000001001001111100100010010001001001110101110011010010,133240460,0,0.100000,1.000000
133260345,84,111001000100111110011110010100100000100100111110010001001001100100111011011000111111,133259013,0,0.066667,1.000000
133260346,84,011101000100011100101011100101101000010010011111001000100100010010010111001100011010,133243655,0,0.060000,0.600000
133260347,83,11100000001110011101010010110100000100100111110010001001000100100111111011001110111,133240460,0,0.100000,1.000000
133260348,83,10100000001110010101110010110100000100100111110000001001000100100101110011010110101,133259013,0,0.066667,1.000000
133260349,84,111001000100111110111110010100100000100100111110010001001001100100111011011000111111,133240463,0,0.070000,0.700000
133260350,83,10100000001110000101110010110100000100100111110010001001000100100101110111010110101,133257465,0,0.040000,0.600000
133260351,81,100100010011111001111011100100000100100110110010001001001100100011010110001111111,133259014,0,0.200000,1.000000
133260353,81,100100010011111001111011100100000100100110110010001001001100100011010110001111111,133259014,0,0.200000,1.000000
133260354,84,101110000011100101010100101101000001001001111100100010010001001001110101110011010011,133259014,0,0.200000,1.000000
133260355,86,01110100010001110010101110010110100000100100111110010001001000100100101111011000110101,133259014,0,0.200000,1.000000
133260356,83,01100100001110011001010010110100000100000111110110001001000100100111111001001110101,133225410,0,0.120000,0.600000
133260357,76,0100100011110111100101000001001001001111100110010010001000001111110110001101,133259014,0,0.200000,1.000000
133260358,81,100100010011111001111011100100000100100110110010001001001100100011010110001111111,133259014,0,0.200000,1.000000
133260359,74,00000011101111010101011000010010011100001000100100110010011101101100011101,133245511,0,0.025000,0.500000
133260360,82,0000000111101111110100001000001001001111100100010010001001001010111110001111001101,133257456,0,0.060000,0.600000
133260361,86,11111010110000111000010101010110100000100100111110010001001000100100101111011000110101,133259015,0,0.200000,1.000000
133260362,78,000100011010101110010100101110100100111110010011001000100100111111001000111111,133259015,0,0.200000,1.000000
133260363,82,1001001000100001011111101101000001001001111100100010010001011001101010111001100011,133252599,0,0.050000,0.500000
133260364,78,000100011010101110010100100110100100111110010011001000100100111111001000111111,133235542,0,0.033333,0.500000
133260365,83,11001000100111110111110010100100000100100110110010001001001100100111011011000101111,133241971,0,0.035000,0.700000
133260366,79,0000010011110111110001001111000010010010111001000100100010010010111101100010111,133259015,0,0.200000,1.000000
133260367,82,1010000001111101111100001011001001001001101100100010010001001001100110110001111110,133259015,0,0.200000,1.000000
133260368,78,000100011010101110010100100110100100111110010011001000100100111111001000111111,133259015,0,0.200000,1.000000
133260369,75,000101011110111100101000001001001001111100100010110001001001111110100001101,133259015,0,0.160000,0.800000
133260370,83,10000000000111110011111010000110000100100111110010001001001100100111011110001111001,133257456,0,0.060000,0.600000
133260371,85,0110101010001110010101010010110100000100100111110010001011000100100011101001100110101,133259016,0,0.100000,1.000000
133260372,75,000101011110111100101000001001001001111100100010010001001001111110100001101,133247252,0,0.053333,0.500000
133260373,75,000100011010111100101001001001000001111100100010010001001001111110110000101,133266892,0,0.046667,0.700000
133260374,82,1101001100011100101011100101101001001011001111100100010010001001001011110110001010,133259016,0,0.100000,1.000000
133260375,79,0000010011110111110001001111000010010010111001000100100010010010111101100010111,133259016,0,0.100000,1.000000
133260376,75,000100011010111100101001001001000001111100100010010001001001111110110000101,133257455,0,0.046667,0.700000
133260377,80,01000010101000011111011001010000010010011111001000100100001011011110101110011000,133259016,0,0.100000,1.000000
133260378,82,0010110000111001010101001011010010010010011111001000100100000010010111010000110101,133257455,0,0.046667,0.700000
133260379,81,000000101110010101110010110100000100100111110010001001000100100111111011000110000,133259016,0,0.100000,1.000000
133260380,79,0000000110101011100101001011001001001111100100010010011001001111110110001111111,133259016,0,0.100000,1.000000
133260381,79,0000010011110111110001001111000010010010111001000100100010010010111101100010111,133259016,0,0.100000,1.000000
133260382,86,11001000001010110001011101101101000001001001111100000010010101001001111010111001100011,133259016,0,0.100000,1.000000
133260383,80,00000100111101111100010011110000100100101110010001001000100100101111011000101110,133259016,0,0.100000,1.000000
133260384,81,000000101110010101110010110100000100100111110010001001000100100111111011000110000,133259016,0,0.100000,1.000000
133260385,82,1000001010110000011101101101000001001001111100100010010101001001111010111001000011,133259016,0,0.100000,1.000000
133260386,77,00000000111110111110001010000010010011111001000100100010010010111011000111100,133259016,0,0.100000,1.000000
133260387,76,0000010101010111110000001000100101100111110010001001001100100110000110001011,133259016,0,0.100000,1.000000
133260388,83,10100000001110010101110010110100000000100111110010001001000100101101110011011110101,133259017,0,0.066667,1.000000
133260389,83,11010000001111101111100001001001001001001111100101010010001001001100110110001110110,133259017,0,0.066667,1.000000
133260390,81,100000101010000111110110010100000100100111110010001001000100100111101011100110001,133230487,0,0.200000,1.000000
133260391,83,11010000001111101111100001001001001001001111100101010010001001001100110110001110110,133259017,0,0.066667,1.000000
133260392,85,0010000010011100111011100100101000001001001111100100010010001001001111110010011101011,133259017,0,0.066667,1.000000
133260393,82,1000001010100001001101101101000001001001111100100010010001001001111000101001100010,133230487,0,0.200000,1.000000
133260394,83,10100000001110010101110010110100000000100111110010001001000100101101110011011110101,133259017,0,0.066667,1.000000
133260395,84,011101000100011100101011100101101000010010011111001000100100010010010111001100011010,133259018,0,0.100000,1.000000
133260396,83,01000001001110011101110010011000001001001111100100010010001001001111110010011111011,133259018,0,0.000000,0.000000
133260397,81,100000001011111011111011010010000000100111110010001001000100100111111101110110101,133259018,0,0.100000,1.000000
133260398,82,1100000101011000001110110110100000100100111110010001001000100100111101011100100001,133245504,0,0.040000,0.600000
133260399,83,00000110011110111111110100000000100100110110010001001000100100111011111000111100110,133259018,0,0.100000,1.000000
133260400,77,00000101111111111100001011010001001001111100100010010001001001010100110011001,133241976,0,0.040000,0.600000
133260401,81,100001001111011101110010010110000100100111110010001001000100100101011011010110101,133259018,0,0.100000,1.000000
133260402,80,00000100111110111110000101000001001001111100100010010001001000011101100011010010,133259018,0,0.100000,1.000000
133260403,86,11100000011011010111110000110100000100100111110010001001000100100101111010010110001111,133259018,0,0.100000,1.000000
133260404,81,000000101110010001110010110100000100100111110010001001000100100111111011000110000,133259018,0,0.100000,1.000000
133260405,80,00000100111110111110000101000001001001111100100010010001001000011101100011010010,133259018,0,0.100000,1.000000
133260406,85,0100010001001111100110111101001000001001001101100100000010011011001110100110001111111,133259018,0,0.100000,1.000000
133260407,79,0100100111101111110001010111000010010011111001000100100010010010111101100010101,133241976,0,0.040000,0.600000
133260408,84,111110000011100101010100101001001001001001111100100010010001001001110100111001101000,133241976,0,0.040000,0.600000
133260409,83,00000110011110111111110100000000100100110110010001001000100100111011111000111100110,133241976,0,0.040000,0.600000
133260410,77,01000101111111111100001011010001001001111100100010010001001001010100110011001,133241976,0,0.040000,0.600000
133260411,87,011100000011011011111110000110100000100100111110010001001000100100101110010000110001111,133259018,0,0.100000,1.000000
133260412,83,01100100010011111001101011010010000010010011011001001001001001100011010011000111111,133241976,0,0.026667,0.400000
133260413,80,00000100111110111110000101000001001001111100100010010001001000011101100011010010,133259018,0,0.100000,1.000000
133260414,84,111100000001110001101010010110100000100100111110010001001000100100111101011001110101,133259018,0,0.100000,1.000000
133260415,84,111100000001110011101010010110100000100100111110010001001000100100111111011001110111,133241976,0,0.040000,0.600000
133260416,80,00000100111110111110000101000001001001111100100010010001001000011101100011010010,133245504,0,0.033333,0.500000
133260417,82,1010000001111101111100001000001001001001111100100011010001001001100110110001111110,133249271,0,0.060000,0.600000
133260418,86,10010000010101000010111011011010000010010011111001000100100010010011110101100011000101,133245516,0,0.025000,0.500000
133260419,84,011001000100111110011110010100100000100100111110010001001001100100111011011000111111,133228736,0,0.120000,0.600000
133260420,82,0100100001010010101110011110110000100100111110010001001000100100101111110000111101,133232171,0,0.024000,0.600000
133260421,80,00000000011111011111000010100000100100111110010001001000100100101110110001101001,133259019,0,0.100000,1.000000
133260422,80,01111001110011111000010001110000100100111110011001001000101100101111011000101111,133228736,0,0.120000,0.600000
133260423,84,110001101001111100111101101001010001001001101100100010010001001001111110010001111010,133228736,0,0.100000,0.500000
133260424,84,110001101001111100111101101001010001001001101100100010010001001001111110010001111010,133259019,0,0.100000,1.000000
133260425,82,1000001010110000011101101101000001001001111100100010010001001001111010111001000011,133259019,0,0.100000,1.000000
133260426,77,00000101111111111100001011110001001001111100100010010001001001010100100011001,133245516,0,0.050000,0.500000
133260427,84,110001101001111100111101101001010001001001101100100010010001001001111110010001111010,133228736,0,0.100000,0.500000
133260428,76,0000001011101111110101011000010010011111101000100100110000011101111100011101,133228736,0,0.100000,0.500000
133260429,80,00000000011111011111000010100000100100111110010001001000100100101110110001101001,133259019,0,0.100000,1.000000
133260431,83,11001000001110011101010010110100000100100111110010001001000100100111111011001110101,133259019,0,0.060000,0.500000
133260432,75,000100011010111100101000001001000001111100100010010001001001111110110001101,133249271,0,0.100000,0.600000
133260433,84,110001101001111100111101101001010001001001101100100010010001001001111110010001111010,133228736,0,0.100000,0.500000
133260434,83,11100000001110011101010010110100000100100111110010001001000100100111111011001110101,133259019,0,0.100000,1.000000
133260435,75,000100011101111100101000001001001001111100100010010000001001111110110001101,133259019,0,0.100000,1.000000
133260436,83,01000010011110111011100100001100000001001111100100010000011001001010100110101100011,133259019,0,0.100000,1.000000
133260437,83,00100000001111101111110101001000101001001111100110010010011001001110111110001111001,133228736,0,0.160000,0.800000
133260466,85,0010000010011100111011100100101000001001001111100100010010001001001111110010011101011,133251028,0,0.080000,0.800000
133260468,75,000100011100111100101000001001001001111100100010010001001001111110110001101,133266906,0,0.080000,0.800000
133260469,83,00000000001110000101111000110101000100100011110010001001001100110111111101001101011,133251028,0,0.060000,0.600000
133260485,86,11100000011011011111110000110100000100100111110010001001000100100101111010010110001111,133260442,0,0.050000,0.500000
133260486,75,000001111011110110101010010001001001111100100010010010001001011111110001001,133260452,0,0.070000,0.700000
133260492,82,1000000010111110111110010100101100100100111110010001001000100100111011011000111001,133260452,0,0.060000,0.600000
133260493,77,10010001101110111001100010110100100111110010001001001100100111111011001111111,133260442,0,0.060000,0.600000
133260494,85,0010000010011100111011100100101000001001001110100100010010001001001111110010011101011,133260452,0,0.050000,0.500000
133260495,82,1000001110100001111101100101000001001001111100100010010001001001111010111001100011,133260442,0,0.050000,0.500000
133260517,76,0000000011101111110101011000010010011111101000100100110010011101101100011101,133243644,0,0.060000,0.600000
133260520,83,00000000000111101111101100001000001011001011100100010010001001001111111011101111010,133243644,0,0.050000,0.500000
133260521,86,01100110010001111001011001010010000010010011111001100100100110010011100101100011111110,133243644,0,0.070000,0.700000
133260522,82,0010110000111101010101001011110010010010011111001000100100000010010111010000110101,133222210,0,0.100000,1.000000
133260523,84,111001001110111110011110011100100000100101111111010001001001000100011011111100111111,133222210,0,0.100000,1.000000
133260524,84,111010001000111010101110010110100000110100111110010001001000100100101011010000110101,133266890,0,0.030000,0.600000
133260525,75,000100011010111100101000001001000001111100100010010001001001111111110000101,133245508,0,0.030000,0.600000
133260528,85,0010000010011100111011100100101000001001001111100100010010001001001111110010011111011,133240476,0,0.060000,0.600000
133260532,82,1101001100011100101011100101101001001011001111100100010010001001001011110110001010,133265302,0,0.033333,0.500000
133260535,82,1101000100011100101011100101001001011001000111100100010010001001001011110110001010,133262179,0,0.100000,0.500000
133260537,76,0000101111111111100001011010101001001111100100010010001001001010100100111001,133262179,0,0.120000,0.600000
133260538,83,11100001010100001111101100101000001001001111100100010010001001101111010011001100011,133241975,0,0.033333,0.500000
133260542,84,011101000100011100101011100101101000010010011111001000100100010010010111001100011010,133223823,0,0.066667,1.000000
133260543,83,11001001100111110011110010100100010100100111010010001001001100100111011011100111111,133263561,0,0.020000,0.500000
133260544,85,1101000000011100001011100101101010001001001111000100010010001001001011110110001101010,133263575,0,0.028000,0.700000
133260549,85,1110100000001110010101110010110111000100100111110010001001000100100100111011001110101,133223829,0,0.050000,1.000000
133260550,81,001000000111110111110000100100100100101111110010001001000100100110011011000111111,133262181,0,0.120000,0.600000
133260551,84,100010000001001110011101010000000010010011111001000100100010010011101110010011110010,133262181,0,0.140000,0.700000
133260552,83,10100000001100010101110010110100000100100111110010001001001100100101110011010110101,133262181,0,0.120000,0.600000
133260553,84,100110000001100101010100101000000001101011111100100010010001001001110100111001101001,133262181,0,0.120000,0.600000
133260554,85,1111001000100111110111110110100100000100100111110010001001001100100111011011000111111,133262181,0,0.120000,0.600000
133260555,76,0000111111111111100001011010101001001111100100010010001001001010100100111001,133223829,0,0.040000,0.800000
133260556,84,110101010001110110101110010110100000100100101110010001001001100100111111000000100101,133262181,0,0.120000,0.600000
133260557,82,1010000001111101111100001000001001101001111100100010010001001001100110110001111110,133223829,0,0.050000,1.000000
133260558,82,0100000000111010111110000010100000100100111110010001001000100000111110110000001001,133223829,0,0.050000,1.000000
133260559,77,00000101111111111100001011010101001001111100100010010001001001010100100111001,133223829,0,0.050000,1.000000
133260560,82,1010000001111101111100001000001001101001111100100010010001001001100110110001111110,133247254,0,0.035000,0.700000
133260561,81,100000101010000111110110010100000100100111110010001001000100100111101011100110001,133223829,0,0.050000,1.000000
133260562,83,11001000100111110111110010100100000100100110110010001001001100100111011011000101111,133262181,0,0.120000,0.600000
133260563,84,110101010001110110101110010110100000100100101110010001001001100100111111000000100101,133262181,0,0.120000,0.600000
133260564,87,011101000100011100101011100101101000001001001111100100010010001001001011110110001101010,133262181,0,0.140000,0.700000
133260565,79,0000000011111011010010100000000100100111110010001001000100100111011011000111110,133223829,0,0.050000,1.000000
133260566,79,0000000011111011010010100000000100100111110010001001000100100111011011000111110,133232166,0,0.053333,0.800000
133260567,75,000100011010111100101000001001000001111100100010010001001001111110110001101,133223829,0,0.050000,1.000000
133260568,85,0010000010011100111011100100101000001001001111100100010010001001001111110010011101011,133223829,0,0.050000,1.000000
133260569,85,0010000010011100111011100100101000001001001111100100010010001001001111110010011101011,133223829,0,0.050000,1.000000
133260570,76,0000000011101111010001011000010010011111001000000100110010011101101100010101,133225402,0,0.040000,0.600000
133260571,79,0000000011111011010010100000000100100111110010001001000100100111011011000111110,133232166,0,0.053333,0.800000
133260572,83,10000010101000011111011011010000010010011111001000100100010010011110101110011100100,133245507,0,0.025000,0.500000
133260573,85,1101000000011100001011100101101010001001001111000100010010001001001011110010001101010,133225394,0,0.100000,1.000000
133260574,82,1000001010110000011101101101000001001001111100100010010101001001111010111001000011,133245507,0,0.025000,0.500000
133260575,83,11001000100111110111110010100100000100100110110010001001001100100111011011000111111,133225394,0,0.100000,1.000000
133260576,82,1000000010111110111110010100101100100101111100010001001000100100111011011000111001,133251032,0,0.100000,0.500000
133260577,81,000000011110111111010100100000100100111110010001001000100100111011111000111100111,133270352,0,0.120000,0.600000
133260578,83,00100000101010000111110110010100000100100111110000001001000010100111101011100110001,133225394,0,0.100000,1.000000
133260579,77,00000101111111111100001011010001001001111100100010010001001001010100110011001,133225394,0,0.100000,1.000000
133260580,82,0000000000111001000111000011010100010010011111001000100100110011011111010100110101,133255838,0,0.030000,0.600000
133260581,84,011001010100111110011110010100100000100100111110010001001001100101101011011000111111,133265298,0,0.030000,0.600000
133260585,84,111010001000111001010111001011010000010010011111001000100100010010001101011000110101,133255838,0,0.030000,0.600000
133260590,84,011001010100111110011110010100100000100100111110010001001001100101101011011000111111,133255825,0,0.060000,0.600000
133260591,81,000010101110010101110010110100000100100111110010001001000100100111111011000110000,133263572,0,0.120000,0.600000
133260592,85,1101000000011100001011100101101010001001001111000100010010001001001011110110101101010,133225396,0,0.100000,1.000000
133260593,80,00000000011111011111000010100000100100111110010001001000100100101110110001101001,133225396,0,0.100000,1.000000
133260594,83,11101010000011100101010101011010000010010011111001000100100010010010111101100011010,133225398,0,0.100000,1.000000
133260598,82,1000000010101110111100010101100100100100111110010001001000100100111011011000111101,133232166,0,0.066667,0.800000
133260599,84,111001000100111110111110010100100000100100111110010001001001100100111011011000111111,133225402,0,0.066667,1.000000
133260603,77,10000000011101111010001111000010010011111001000100100110010011101101100011101,133263558,0,0.120000,0.600000
133260609,78,000100011010101110010100101110100100111110010011001000100100111110011000111111,133225409,0,0.050000,1.000000
133260610,81,100000001110101111101001001000001001001111101100010010001001001101110010001111001,133240467,0,0.030000,0.600000
133260611,85,0000000010010100101011111111100110101001001111100100011010001001001111010110001011011,133225411,0,0.100000,1.000000
133260621,82,1110000011100111101100100000100001001001111100100010010001001001011110111101101000,133223823,0,0.040000,0.600000
133260625,84,111000001101111001111100111001001001001001111100100010010001001001100110110010011010,133223823,0,0.040000,0.600000
133260626,83,00000001001010010101111111110011010100100111110010001101000100100111100110001011011,133240472,0,0.040000,0.600000
133260628,83,01000001010100101011101101101000001001001110100100010010011001001111010110001100010,133240472,0,0.053333,0.800000
133260630,83,11100000001110011101010010110100000100100111111010001001000100100111111011001110101,133252596,0,0.050000,0.500000
133260637,83,01000001010100101011101101101000001001001110100100010010011001001111010110001100010,133270351,0,0.025000,0.500000
133260638,82,1000000010111110111110011100000100101100111110010001001001100100111011011000101101,133228727,0,0.050000,1.000000
133260639,83,00100000001111101111110101001000101001001111100110010010011001001110111110000111001,133228727,0,0.040000,0.800000
133260640,83,00010100000111001010101001011011000010010011111001000100100000010010111000000110101,133228727,0,0.050000,1.000000
133260641,86,00010000000011100111011100100101000001001001111100100010010001001001111110010011101011,133228730,0,0.040000,1.000000
133260642,81,110100000010111011111000010010010000100111110010001001000100100110011011000111110,133238709,0,0.050000,0.500000
133260643,84,011010001000111001010111001011010010010010011111001000100100010010010111101100010100,133228730,0,0.040000,1.000000
133260644,83,10001001100111110011110010100100010100100111010010001001001100100111011011000111111,133228730,0,0.040000,1.000000
133260645,79,0000001011111011010010100000000100100111110010001001000100100111011011000111110,133238700,0,0.046667,0.700000
133260646,84,111010001000111001010111001011010000010010011111001000100100010010001101011000110101,133260443,0,0.050000,0.800000
133260647,84,111001000100111110111110010100100000100100111110010001001001100100111011011000111111,133238709,0,0.060000,0.600000
133260648,80,10000000111101111110100001000001001001111100100010000001001011101111100011110011,133268589,0,0.028000,0.700000
133260649,83,11100000001110011101010010110100000100100111110011001001000100100111111001001010101,133268589,0,0.028000,0.700000
133260650,84,011001000100111110011110010100100000100100111110010001001001100100111011011000111111,133254158,0,0.070000,0.700000
133260651,78,000001001111101111100000100000100100111110010001001000100100001110110001101001,133238700,0,0.046667,0.700000
133260652,83,11001000100111110111110010100100000100100110110010001001001100100111011011000101111,133270339,0,0.200000,0.600000
133260653,82,1000000010111010111110011100000100101100111111010001001001100100111011011000101101,133270339,0,0.200000,0.600000
133260654,83,10111000001110010101010010100100000100100111110010001001000100110111010111001101001,133265290,0,0.060000,0.600000
133260655,83,10100000001111010101110010110100000100100111110010001001000100101101010011010110101,133225411,0,0.080000,0.800000
133260656,80,00001001000011011111001010010010010010011111001000100100010010011001011100011100,133243659,0,0.198413,1.000000
133260657,80,00001001000011011111001010010010010010011111001000100100010010011001011100011100,133266899,0,0.100000,1.000000
133260658,86,10010000010101000011111011011010000010010011111001000100100010010011110101110011000110,133228734,0,0.200000,1.000000
133260659,83,11100000001110011101010010110100000100100111110010001001000100100111111011001110111,133243659,0,0.198413,1.000000
133260660,84,110101010001111010101110010110100000100100111110010001001001100100101111001001100101,133243659,0,0.158730,0.800000
133260661,83,11001000100111110111110010100100000100100110110010001001001100100111011011000101111,133255829,0,0.035000,0.700000
133260662,83,01000010010111110111110110100100000100100111110010001001000100100111111101110110101,133263563,0,0.070000,0.700000
133260663,73,0010001110011110010100000100100100111110010001001000000100111111011000110,133228737,0,0.024000,0.600000
133260664,83,11101010000011100101010101011010000010010011111001000100100010010010111101100011010,133230482,0,0.050000,1.000000
133260665,87,011001000100111110010110010100100000100110111110010001001001100100110011011000111111101,133230482,0,0.050000,1.000000
133260666,81,100000001011111011110110100100000100100111110010001001000100100111111101110110101,133230487,0,0.200000,1.000000
133260667,78,000100011010101110010100101110100100111110010011001000100100111110011000111111,133230487,0,0.200000,1.000000
133260668,81,010000000111001010111001011010000010010011111001000100100010010010111001101011001,133230487,0,0.200000,1.000000
133260669,83,10000000101011101101100101011001001001001111100100010010001001001110110100001111110,133254156,0,0.024000,0.600000
133260670,74,00001010101011111000000100010010110011111001000100100110011011000011000101,133270337,0,0.033333,0.500000
133260671,84,011001000100111110011110010100100000100100111110010001001001100100111011011000111110,133254156,0,0.028000,0.700000
133260672,74,00001010101011111000000100010010110011111001000100100110011011000011000101,133230492,0,0.033333,1.000000
133260673,80,00000000011111011111000010100000100100111110010001001000100100101110110011101001,133252601,0,0.040000,0.600000
133260674,83,01000010011111110111110010100101100100100111110000001001000100110111011011000111001,133268607,0,0.120000,0.600000
133260676,87,011001000100111110010110010100100000100110111110010001011001100100110011011000111111101,133252601,0,0.033333,0.500000
133260679,84,110000000101011101111100101011001001001001111100100010010001001001110110100001111110,133230497,0,0.066667,1.000000
133260680,79,0100100111101111110001000111000010010011111001000100111010010010111101100010101,133235544,0,0.025000,0.500000
133260681,84,111101010000111110101010101011010000010010011111001000100100010010010111111100011010,133230497,0,0.066667,1.000000
133260682,83,11100000001110011101010010110100000100100111110010001001000100100111101011001110101,133230497,0,0.066667,1.000000
133260683,83,10000101010000101110110010100000100100111110010001001000100100111101011110100001111,133230497,0,0.066667,1.000000
133260684,83,10100000001110000101110010110100000100100111110010001001000100100101110111010110101,133230497,0,0.066667,1.000000
133260685,81,001000000111110111110000100100100100101111110010001001000100100110011011000111111,133257463,0,0.070000,0.700000
133260686,78,000100100001101111100101001001001001001111100100010010001001001110101110001110,133259004,0,0.100000,1.000000
133260690,81,100000101011000111110110010100000100100111010010001001000100100111101010100110001,133265291,0,0.100000,0.500000
133260691,76,0000011001010111110000100000100100100101100010001001000100100110000110001011,133254149,0,0.033333,0.500000
133260692,84,110000000111001110101001011010000010010011111001000100000010010011111100100101000111,133230500,0,0.066667,1.000000
133260693,82,1000001010100001011101101001000000001001111100100010010001001001111000101001100010,133265291,0,0.100000,0.500000
133260694,82,1110000011110111101100100000100001001011111100100010010001001001011110110001101000,133232157,0,0.066667,1.000000
133260695,84,001001010100111110011110010100100000100100111110010001001001100101101011011000111111,133232161,0,0.066667,1.000000
133260696,84,110101000001110010101010010110100000100100111110010001001000100100101111110000110101,133232161,0,0.066667,1.000000
133260698,81,100100010011101011111010100100000100100110110010001001001100100111011011000111111,133232166,0,0.066667,1.000000
133260699,83,10000000101111101111100111001001001001001101100100010010001001001110110110001011010,133225402,0,0.066667,0.500000
133260700,81,100000101011000001110110110100000100100111110010001001000100100111101011100100001,133232166,0,0.040000,0.800000
133260701,84,011001000100111110011110010100100000100100111110010001001001100100111011011000110111,133225402,0,0.066667,0.600000
133260702,77,11000000011101111010001011000010010011111001000100100110010011101101100011101,133238702,0,0.060000,0.600000
133260703,81,110000000101001110111001010101000100100111110010000001000100100011111001001100101,133232167,0,0.080000,0.800000
133260704,81,000000101110010101110010110100000100100111110010001001000100100111111011000110000,133238702,0,0.060000,0.600000
133260705,83,11001000100111110111110010100100000100100110110010001001001100100111011011000101111,133232169,0,0.066667,1.000000
133260706,77,00000000111110111110001010000010010011111001000100100010010010111011000111100,133233871,0,0.066667,1.000000
133260707,77,00000000011101111010001011000010010011111001001100100110010011101101100011101,133233871,0,0.040000,0.600000
133260708,80,00000000011111011111000010100000100100111110010001001000100100101110110011101001,133259013,0,0.040000,0.600000
133260711,81,110100000011101011111000010010010000100111110110001001100100100100011011000111110,133265297,0,0.040000,0.600000
133260713,84,010000000001111101011000101001001001001001111100100010010010001111101001100001110101,133233871,0,0.066667,1.000000
133260714,86,11100000011011111111110000110100000100100111110010001001000100100101111010010110001111,133259013,0,0.040000,0.600000
133260734,83,01001000000111110110110010111100000100100111111011001001000100100111011011000011111,133270344,0,0.060000,0.600000
133260735,75,000100011100111110101000001001001001111100100010010010001001111110110001101,133245518,0,0.060000,0.600000
133260744,83,10111000001110010101010010100100000100100111110010001001000100100101010111001101001,133245518,0,0.080000,0.800000
133260746,83,10111000001110010101010010100100000100100111110010001001000100110111010111001101001,133262180,0,0.070000,0.700000
133260753,77,00000010111011110100010110000100100111110010001001001100100111011011000111011,133245514,0,0.040000,0.600000
133260776,83,00100000001111101111110101001000101001001111101110010010011001001110111110001111001,133237113,0,0.060000,0.600000
133260777,82,1110000010100111101100100000100001001001111100100010010001001001011110111101101000,133233888,0,0.200000,1.000000
133260778,84,110101010001110110101110010110100000100100101110010001001001100100111111000000100101,133262184,0,0.050000,0.500000
133260779,73,0000011110111011101010100100100100111110010001001001100100001111111000110,133266899,0,0.060000,0.800000
133260782,83,10100000001110010101110010110100000100100111110010101001000100100101110011010110101,133252598,0,0.140000,0.800000
133260783,81,100000101010000111110110010100000100100111110010001001000100100111101011100110001,133235531,0,0.050000,1.000000
133260784,87,101100000011011011111110000110100100100100111110010001001000101100101111010000110001111,133259005,0,0.140000,0.700000
133260785,83,10100000001100010101110010110100000100100111110010001001001100100101110011010110101,133235531,0,0.050000,1.000000
133260786,74,00000000111011111101010110000100100111111010001001001100000111010110001110,133252608,0,0.033333,0.500000
133260787,82,1000000001110011101010010110100010100100111110010001001000000100111111001001110101,133235531,0,0.050000,1.000000
133260788,86,11100000011011011111110000110100000100100111110010001001000100100101111010000110001111,133235531,0,0.050000,1.000000
133260789,81,100010100011101111110001000111000010010011111001000100100010010010111101100010111,133235531,0,0.050000,1.000000
133260790,89,01011100000110110111111100001101001001001101111100100010010001001001011010100001100011101,133235531,0,0.050000,1.000000
133260791,81,100000101011000001110110110100000100100111110010001001000100100111101011100100001,133252608,0,0.040000,0.600000
133260792,83,11100000010011110001110101100100000100100110110010001000000100100111111001000111101,133259005,0,0.120000,0.600000
133260793,86,11100000011011011111110000110100000100100111110010001001000100100101111010000110001111,133259005,0,0.160000,0.800000
133260794,82,1000000001110011101010010110100010100100111110010001001000000100111111001001110101,133235531,0,0.050000,1.000000
133260795,83,11101010000111100101010101011010000010010011011001000100100010010010111111100011010,133235533,0,0.066667,1.000000
133260796,76,0000010101010111110000001000100001100111110010001001001100100110000110001011,133235533,0,0.066667,1.000000
133260797,83,11101010000111100101010101011010000010010011011001000100100010010010111111100011010,133235533,0,0.066667,1.000000
133260798,86,01100110010001111001011001010010000010010011111001100100100110010011100101100011111110,133235533,0,0.066667,1.000000
133260799,86,01110100010001110010101110010110100000100100111110010001001000100100101111011000110101,133235533,0,0.066667,1.000000
133260800,83,11001000100111110111110010100000000100100100110010001001001100100111011010000111111,133235533,0,0.066667,1.000000
133260801,82,0111000001111011110110000000010000100100111100010001001000100100111111111010101000,133235533,0,0.066667,1.000000
133260802,75,000110011101111100101000001001001001111100100010010000001001111110110001101,133270343,0,0.040000,0.600000
133260803,83,11001001100111110011110000100100010100100111010010001001001100100111011011100111111,133270343,0,0.040000,0.600000
133260804,83,01000010011110111011100100001100000001001111100100010000011001001010100110101100011,133235533,0,0.066667,1.000000
133260805,83,10100000001110010101110010110100000100100111110010001001000100100101110011000110101,133235534,0,0.200000,1.000000
133260806,84,101010001000111010101110010110100000100100111110010001001000100100101011011000110101,133235534,0,0.200000,1.000000
133260807,82,1000000011111101111100010010000100100111110010001001001100101111011011000110011011,133262186,0,0.046667,0.700000
133260809,84,011000000001111011101000110110100010101100111110010001001000100101111111001001110101,133262186,0,0.053333,0.800000
133260811,81,100000101010000111110110010100000100100111010010001001000100100111101011100110001,133262186,0,0.046667,0.700000
133260812,81,100000101010000111110110010100000100100111110010001001000100100111101011100110001,133238705,0,0.024000,0.600000
133260813,83,11001000100111110111110010100100000100100110110010001001001100100111011011000101111,133235541,0,0.100000,1.000000
133260814,82,0110000001111011111110000110100100100100111110010001001000100100100111010000110001,133235541,0,0.100000,1.000000
133260815,86,11100000011011010111110000110100000100100111110010001001000100100101111010010110001111,133235541,0,0.100000,1.000000
133260816,84,110110000011100101010100101001000001001001111101100010010001001001110100111001101000,133235541,0,0.100000,1.000000
133260817,76,0000010101010111110000001000100101100111110010001001001100100110000110001011,133235541,0,0.100000,1.000000
133260818,85,0010000010011100111011100100101000001001001110100100010010001001001111110010011101011,133235541,0,0.100000,1.000000
133260819,83,11101010000111100101010101011010000010010011011001000100100010010010111111100011010,133245493,0,0.140000,0.700000
133260820,81,100000101010000111110110010100000100100111110010001001000100100111101011100110001,133235541,0,0.100000,1.000000
133260821,83,10000000001110000101110000110101000100100111110010001001001100110111110101001101011,133251039,0,0.040000,0.600000
133260822,75,000100011100111110101000001001001001111100100010010000001001111110110001101,133235544,0,0.050000,1.000000
133260823,83,10100000001110010101110010110100000100100111110010001001000100100101010011010110101,133266894,0,0.030000,0.600000
133260824,81,100000101010000111110110010100000100100011110010101001000100100111101011100110001,133235546,0,0.160000,0.800000
133260825,84,111000000101111001111100111001001001001001111100100010110101001001100110110000011010,133235546,0,0.200000,1.000000
133260826,83,11001000100111110111110010100100000100100110110010001001001100100111011011000111111,133235546,0,0.200000,1.000000
133260827,79,0000001011100101011100101101000001001001111100100010010001000011111101100011000,133235546,0,0.000000,0.000000
133260828,82,1010000001111101111100001001001001001001111100100010010001001001100110110001110110,133235546,0,0.200000,1.000000
133260829,80,00000000011111011111000010100000100100111110010001001000100100101110110011101001,133235546,0,0.200000,1.000000
133260830,84,110001101001111100111101101001010001001001101100100010010001001001111110010001111010,133235546,0,0.200000,1.000000
133260831,82,1101000100011100101011100101001001011001000111100100010010001001001011110110001010,133235546,0,0.200000,1.000000
133260832,83,00100000001111101111110101001000101001001111100110010010011001001110111110001111001,133235546,0,0.200000,1.000000
133260833,83,10000000101001101111100101011001001001001111100100010010001001001110110100001111110,133235546,0,0.200000,1.000000
133260834,84,110101010001111010101110010110100000100100111110010001001001100100101111001001100101,133235546,0,0.200000,1.000000
133260835,84,110101010001111010101110010110100000100100111110010001001001100100101111001001100101,133235546,0,0.200000,1.000000
133260836,84,110001101001111100111101101001010001001001101100100010010001001001111110010001111010,133235546,0,0.200000,1.000000
133260837,83,01000000010111110111110110100100000100100111110010001001000100100111111101110110101,133235546,0,0.200000,1.000000
133260838,84,111011000100111110011110010100000000100100111110010001001001100100111011110001111111,133235547,0,0.100000,1.000000
133260839,82,1110000011110111101100100000100001001011111100100010010001001001011010110111101000,133235547,0,0.100000,1.000000
133260840,84,110000000111001110101001011010000010010011111001000100000010010011111100100101000111,133235547,0,0.100000,1.000000
133260841,84,111001010100111100010110010101100000100100111110010001001000100100111011111000111111,133232165,0,0.060000,0.600000
133260842,79,0100100111101111110001010111000010010011111001000100100010010010111101000010101,133232165,0,0.060000,0.600000
133260843,76,0001000111001111001010010010010010011111001000100100000010011111101100011011,133270340,0,0.100000,0.600000
133260844,74,00000011101101010111011000010010011101001000100100110010011101101100011101,133270340,0,0.100000,0.600000
133260845,82,1000000010111110111110011100000100100100111110010001001001100100011011011000101101,133232165,0,0.060000,0.600000
133260846,83,10000000101111101111100111001001001001001101100100010010001001001110110110001011010,133232165,0,0.050000,0.500000
133260847,83,11101000100011100101011100101001001001001001111100100010010001001001011110110001010,133270340,0,0.100000,0.500000
133260848,84,110000011101101111111000011010000010010111110010001001000100100101111010000110001111,133232165,0,0.040000,0.400000
133260849,83,11000000010111110111110010100101100100100111110010001001000100100111011011000111001,133270340,0,0.100000,0.500000
133260850,84,110000001101101111111000011010000010010111110010001001000100100001111010000110001111,133232165,0,0.040000,0.400000
133260851,82,1101001100011100101011100101101001001011001111100100010010001001001011110110001010,133235547,0,0.100000,1.000000
133260852,84,101000000101111001111100101011101001001001111100100010010001011001100010110100001010,133235547,0,0.100000,1.000000
133260853,84,111011000100111110011110010100000000100100111110010001001001100100111011110001111111,133232165,0,0.060000,0.600000
133260854,82,1110000011100111111100100000100001001001111100100010010001001001011110110101101000,133260438,0,0.050000,0.500000
133260861,85,0110010001001111101111100101001000001001001111100100000010011001001110110110001111111,133260438,0,0.050000,0.500000
133260864,84,111100000001110011101010010110100000100100111110010001001000100100111101011001110101,133260444,0,0.100000,0.500000
133260867,84,111011000100111110011110010100000000100100111110010001001001100100111011110001111111,133260446,0,0.040000,0.600000
133260869,84,111011000100111110011110010101000000100100111110010001001001100100111011110001111111,133260446,0,0.040000,0.600000
133260872,79,0000000011011011110000000100000100100111110010001001000100100101110110001101001,133260446,0,0.033333,0.500000
133260874,84,111011000100111110011110010100000000100100111110010001001001100100111011110001111111,133263571,0,0.120000,0.600000
133260875,83,11001000100111110111110010100000000100100100110010001001001100100111011011000111111,133263571,0,0.100000,0.500000
133260878,83,11100000111001111011001000001000010010011111001000100100010010010111101111011010000,133257459,0,0.040000,0.800000
133260879,82,1000000010111110111110010100101100100100111110010001001000100100111011011000111001,133237113,0,0.100000,1.000000
133260880,81,000000101110010001110010110100000100100111110010001001000100100111111011000110000,133233888,0,0.160000,0.800000
133260883,82,1110000010100111101100100000100001001001111100100010010001001001011110111101101000,133270351,0,0.025000,0.600000
133260884,83,10100000001110010101110010110100000100100111110010001001000100101101110011010110101,133268591,0,0.040000,0.600000
133260887,87,011001000100111110010110010100100000100110111110010001011001100100110011011000111111101,133237119,0,0.040000,1.000000
133260888,86,11100000011011011111110000110100000100100111110010001001000100100101111010000110001111,133237119,0,0.040000,1.000000
133260889,84,110000001101011110110000110100000100100111110010001001000100100101111010000110001011,133237119,0,0.040000,1.000000
133260890,83,10100000001100000101110010110100000100100111110010001001001100100101110011010110101,133237119,0,0.040000,1.000000
133260891,74,00000011101101010101011000010010011101001000100100110010011101101100011101,133237119,0,0.040000,1.000000
133260892,85,0010000010011100111011100100101000001001001111100100010010001001001111110010011101010,133237119,0,0.040000,1.000000
133260893,85,1101000000011100001011100101101010001001001111000100010010001001001011110110001101010,133237119,0,0.040000,1.000000
133260894,79,0000010101000111111011001010000000100111110010001001000100100111100011100110001,133237119,0,0.000000,0.000000
133260895,83,00010100000111001010101001011011000010010011111001001100100000010010111000000110101,133237119,0,0.040000,1.000000
133260896,84,110010001001111101111100101000000001001001101100100010010011001001110110110001111110,133237119,0,0.040000,1.000000
133260897,82,1000001010100001111101101101000001001001111100100010010001001001111010111001110010,133237119,0,0.040000,1.000000
133260898,80,00000000011111011111000010100000100100111110010001001000100100101110110011101001,133237119,0,0.040000,1.000000
133260899,81,110101000011110010101010101101000001001001101100100010010010010010111111100011010,133237119,0,0.040000,1.000000
133260900,80,01111001110011111000010001110000100100111110011001001000101100101111011000101111,133237119,0,0.040000,1.000000
133260901,83,11101010000111100101010101011010000010010011011001000100100010010010111111100011010,133237119,0,0.040000,1.000000
133260903,85,0010000010011100111011100100101000001001001111100100010010001001001111110010011111011,133263566,0,0.033333,0.500000
133260904,81,110000000111001110101001011010000010010011111000001001000100100111111011001110101,133268597,0,0.013333,0.400000
133260905,87,101110000011011011111110011110100100100111011110010001001000100100101111010000110000110,133237121,0,0.100000,1.000000
133260906,72,001011111111110000101101000100100111100100010010001001001010100100011001,133251044,0,0.050000,0.500000
133260907,75,000100011010111100101000001001000001011100100010010001001001111111110000101,133237121,0,0.100000,1.000000
133260909,84,110101000001110010101010010110100000100100111110010001001000100100101111110000110101,133263567,0,0.060000,0.600000
133260910,83,10100000001110010101110010110100000100100111110010001001000100100101110011010110101,133245509,0,0.046667,0.700000
133260913,84,011100000001110011101010010110100000100100111110010001001000100100111111011000100101,133238693,0,0.040000,1.000000
133260914,82,1000001010110000011101101101000001001001111100100010010001001001111010110001000011,133238696,0,0.050000,1.000000
133260915,85,1110001101001111100111101101001010001001001101100100010010001001001111111010001111010,133257464,0,0.026667,0.800000
133260916,76,0000101111111111100001011010001001001111100100010010001001001010100100011001,133238696,0,0.050000,1.000000
133260917,79,0100100111100111110001010111000010010011101001000100101010010010111111100010111,133238696,0,0.025000,0.500000
133260918,84,100110000001100101010100101000000001101011111100100010010001001001110100111001101001,133257464,0,0.023333,0.700000
133260919,82,1010000001011101111100001001001001001001111100100010010001001001100110110001111110,133238696,0,0.050000,1.000000
133260920,82,1101000100011100101011100101001001001001001111100100010010001001001011110110001010,133238696,0,0.030000,0.600000
133260921,84,110001000100111110111110010100100000100100111110010001001001100100111011011000111111,133238696,0,0.050000,1.000000
133260922,83,11100000001110011101010010110100000100100111110010001001000100100111111011001110101,133257464,0,0.033333,1.000000
133260923,86,10011000000111101010111001010010000010010011111001000000101010010011100001110111010000,133257464,0,0.023333,0.700000
133260924,82,1110000010110111101100100000100001001011111100100010010001001001011010110111101000,133238696,0,0.050000,1.000000
133260925,84,011001000100111110011110010100100000100100111110010001001001100100111011011000111110,133238696,0,0.050000,1.000000
133260926,81,101000000011100111010100011010000010010011111001000100100010010011110100100111010,133257464,0,0.033333,1.000000
133260927,83,01100100001110011001010010110100000100000111110110001001000100100111111001001110101,133238696,0,0.050000,1.000000
133260928,79,0100100111100111110001010111000010010011101001000100101010010010111101100010111,133238696,0,0.050000,1.000000
133260929,79,0100100111101111110001010111000010010011111001000100100010010010111101000010101,133238696,0,0.050000,1.000000
133260930,82,1010000001111101111100011001001001001001111100100010010001001001100110110001111110,133238696,0,0.050000,1.000000
133260931,83,10100000001110011101010000110100000100100111110010001001000100100111101001001110101,133238696,0,0.030000,0.600000
133260932,84,011000000011110011111100001101001101001001111100100010010001001001011110100001100011,133238696,0,0.030000,0.600000
133260933,82,0100100001010010101110011110100000100100111110010001001000100100101111110000111101,133257464,0,0.033333,1.000000
133260940,85,0110101010001110010101010010110100100100100111110010001011000100100011101001100110101,133270341,0,0.100000,0.500000
133260941,76,0000100011110111100101000001001001001111100100010010001000001111110110001101,133270341,0,0.100000,0.500000
133260942,83,11101000000011100101011100101101110001001001111100100000110001001101001110110011010,133238699,0,0.100000,1.000000
133260943,79,0000001011111011010010100000000100100111110010001001000100100111011011000111110,133225411,0,0.080000,0.800000
133260944,85,0001100000001110011001110010110100010100100111110110001001100100110111111001001110101,133245499,0,0.025000,0.500000
133260945,76,0000010101010111110000001000100101100111110010001001001100100110000110001011,133238700,0,0.066667,1.000000
133260946,79,0000010011110111110001001111000010010010111001000100100010010010111101100010111,133238700,0,0.066667,1.000000
133260948,83,11011001100111110111110010100100000100100111110010001001001100100111011011000111011,133251031,0,0.024000,0.600000
133260953,83,11011001100111110111110010100100000100100111110010001001001100100111011011000111011,133251031,0,0.024000,0.600000
133260954,82,1000000001110111101010010110100010100100111110010001001000100100111111001000110101,133254147,0,0.066667,1.000000
133260955,84,110010001001111101111100101000000001001001101100100010010011001001110110110001111110,133238706,0,0.040000,1.000000
133260956,81,100000101010000111110110010100000100100111110010001001000100100111101011100110001,133238706,0,0.040000,1.000000
133260957,86,01000000000111110101100010100100100100100111110010001001001000101111010011000111101011,133243640,0,0.040000,0.600000
133260958,84,110000001101101111111000011010000010010111110010001001000100100101111010000110001111,133243640,0,0.040000,0.500000
133260959,84,110001101001111100111101101001010001001001101100100010010001001001111111010001111010,133243640,0,0.040000,0.700000
133260961,76,0000101111111111100001011010101001001111100100010010001001001010100100111001,133251031,0,0.024000,0.600000
133260962,84,111100000001110001101010010110100000100100111110010001001000100100111101011001110101,133238706,0,0.040000,1.000000
133260963,81,100000001010000111110110110100000100100111010010001001000100100111101011100111001,133238706,0,0.040000,1.000000
133260965,83,11100000001110011101010010110100000100100111110010001001000100100111111011001110101,133238706,0,0.040000,1.000000
133260966,86,11100000011011011110110000110100000100100111110010001001000100100101111010000110001111,133243640,0,0.040000,0.800000
133260967,81,000000011110111111010100100000100100111110010001001000100100111011111000111100111,133238706,0,0.040000,1.000000
133260969,86,11100000011011011111110000110100000100100111110010001001000100100101111010010110001111,133238709,0,0.100000,1.000000
133260970,83,11001000100111110111110010100100000100100110110010001001001100100111011011000101111,133238709,0,0.100000,1.000000
133260971,86,01100110010001111001011001010010000010010011111001100100100110010011100101100011111110,133240459,0,0.100000,1.000000
133260972,79,0100000110010101111100001000001001001001011100100010010001001001100001100010110,133240459,0,0.100000,1.000000
133260973,77,00000011111011111010010100000100100111110010011001000100100101110110101101001,133240459,0,0.100000,1.000000
133260974,84,110000001101011110110000110100000100100111110010001001000100100101111010000110001011,133240459,0,0.100000,1.000000
133260975,83,11001000100111110111110010100100000100100110110010001001001100100111011011000101111,133240459,0,0.100000,1.000000
133260976,82,1000000010111110111110011100100100100100111110010001001000100100111011011000101101,133265295,0,0.066667,1.000000
133260977,84,111001000110111110011110011100100000100101111110010001001001000100011011111100111111,133259013,0,0.033333,0.500000
133260978,76,0000001111111111000010110101010000011111001000100100010010010101001000110011,133265295,0,0.046667,0.700000
133260979,83,11100000001110011101010010110100000100100111110010001001000100100111111011001110101,133265295,0,0.066667,1.000000
133260980,86,01110100010001110010101110010110100000100100111110010001001000100100101111001000110101,133240461,0,0.050000,1.000000
133260981,80,00001001000011011111001010010010010010011111001000100100010010011001011100011100,133240461,0,0.050000,1.000000
133260983,87,110010000000011100111011100100101000001001001111100100010010001001001111110010011101011,133265294,0,0.060000,0.600000
133260984,82,1100000001011111011110110100100000100100111110010001001000100100111111101110110101,133240461,0,0.050000,1.000000
133260985,80,00000000011100101010100000101010010010011111001000100100110011011111010100110100,133247266,0,0.030000,0.600000
133260986,80,10100010001110010101110010110100100100100111110010001001000100100101110110001010,133240462,0,0.100000,1.000000
133260987,80,10100010001110010101110010110100100100100111110010001001000100100101110110001010,133240462,0,0.100000,1.000000
133260988,77,00000000011101111010001011000010010011111001001100100110010011101101100011101,133240462,0,0.100000,1.000000
133260989,87,011001000100111110010110010100100000100110111110010001001001100100110011011000111111101,133240463,0,0.100000,1.000000
133260990,84,110100010001110010101010010110100100100100111110010001001000100100011101001000110101,133243655,0,0.100000,0.500000
133260991,81,100001001111011101110010010110000100100111110010001001000100100101011011010110101,133240464,0,0.100000,1.000000
133260992,85,1111010110000111000010101010110100000100100111110010001001000100100101111011000110101,133240464,0,0.100000,1.000000
133260993,86,11100000011011010111110000110100000100100111110010001001000100100101111010010110001111,133240464,0,0.100000,1.000000
133260995,84,100010000011101110011101010000000010010011111001000100100010010011101110010011110010,133240466,0,0.028571,1.000000
133260996,76,0010001101110111001100010110100100111110010001001001100100111111011000111111,133254146,0,0.028571,0.700000
133260997,84,100010000011101110011101010000000010010011111001000100100010010011101110010011110010,133240466,0,0.032000,0.600000
133260998,82,1101100010011111011111001010000000010010011110010001001001100100111011011000111111,133240466,0,0.028571,1.000000
133260999,82,1110000011110111101100100000100001001011111100100010010001001001011010110111101000,133254146,0,0.020000,0.500000
133261000,76,0000101111111111100001011010001001001111100100010010001001001010100100011001,133240467,0,0.050000,1.000000
133261001,86,01110100010001110010101110010110100000100100111110010001001000100100101111011000110101,133240467,0,0.050000,1.000000
133261002,83,10000000101111101111100111001001001001001101100100010010001001001110110110001011010,133240467,0,0.050000,1.000000
133261003,87,011101000100011100101011100101101000001001001111100100010010001001001011110110001101010,133240467,0,0.050000,1.000000
133261004,84,101110000011100101010100101101000001001001111100100010010001001001110101110011010011,133240467,0,0.050000,1.000000
133261005,86,01110100010001110010101110010110100000100100111110010001001000100100101111011000110101,133240467,0,0.050000,1.000000
133261006,83,01000010011110111011100100001100000001001111100100010000011001001010100110101100011,133240467,0,0.050000,1.000000
133261007,86,01110100010001110010101110010110100000100100111110010001001100100100101111011000110101,133225410,0,0.140000,0.700000
133261008,83,01100100001110011001010010110100000100000111110110001001000100100111111001001110101,133240467,0,0.050000,1.000000
133261009,86,01110100010001110010101110010110100000100100111110010001001000100100101111011000110101,133240467,0,0.050000,1.000000
133261010,83,01000010011110111011100100001100000001001111100100010000011001001010100110101100011,133240466,0,0.120000,0.600000
133261011,86,01110100010001110010101110010110100000100100111110010001001000100100101111011000110101,133240467,0,0.050000,1.000000
133261012,83,10000110011110111111110100010000100100110110010001001000100100111011111000111100110,133240467,0,0.050000,1.000000
133261013,81,110100000011101011111000010010010000100111110110001001000100100100011011000111110,133240467,0,0.050000,1.000000
133261014,86,11100000011011010111110000110100000100100111110010001001000100100101111010010110001111,133266896,0,0.066667,1.000000
133261017,84,010000000011111001111101010011000010010011111001000100100110010011101111100011110011,133228738,0,0.030000,0.600000
133261018,81,110100000011101011111000010010010000100111110110001001000100100100011011000111110,133263567,0,0.060000,0.600000
133261019,76,0000000011101111010001011000010010011111001000100100110010011101101100111101,133252607,0,0.028000,0.700000
133261021,80,00000000011111011111000010100000100100111110010001001000100100101110010011101001,133249262,0,0.060000,0.600000
133261025,84,001001010100111110011110010100100000100100111110010001001001100101101011011000111111,133240472,0,0.066667,1.000000
133261026,81,100000101010000111110110010100000100100111110010001001000100100111101011100110001,133254155,0,0.053333,0.800000
133261028,86,11100000011011011111110000110100000100100111110010001001000100100101111010010110001111,133240472,0,0.066667,1.000000
133261029,83,11101010000111100101010101011010000010010011011001000100100010010010111111100011010,133254155,0,0.046667,0.700000
133261031,83,11101010000111100101010101011010000010010011011001000100100010010010111111100011010,133254155,0,0.046667,0.700000
133261032,75,000001111011111110101010010001001001111100100010010011001001011111110001001,133240472,0,0.066667,1.000000
133261033,84,110101010001110110101110010110100000100100111110010001001001110100101111000000100101,133240472,0,0.066667,1.000000
133261043,77,00000001111101111010001011000010010011111001000100100110010011101101100011101,133241963,0,0.050000,1.000000
133261044,83,10110000001110010101010010000100000100110111110010001001000100100111010111001101001,133241963,0,0.050000,1.000000
133261045,81,100000101011000000110110100100000100100111110010001001000000100111101011100100001,133241963,0,0.050000,1.000000
133261046,82,1110000011100111101100100000100001001001111100100010010001001001011110111101101000,133268593,0,0.026667,0.800000
133261047,83,11100000001110011101010010110100000100100111110010001001001100100111111011001110101,133268593,0,0.023333,0.700000
133261048,84,011010001000111001010111001011010010010010011111001000100100010010010111101100010100,133262179,0,0.120000,0.600000
133261049,75,000101011110111100101000001001001001111100100010010001001001111110100001101,133241964,0,0.100000,1.000000
133261050,80,01111001110011111000010001110000100100111110011001001000101100101111011000101111,133241965,0,0.066667,1.000000
133261051,76,0000001011101111110101011000010010011111101000100100110000011101111100011101,133241965,0,0.066667,1.000000
133261052,83,01000001010100101011101101101000001001001110100100010010011001001111010110001100010,133241965,0,0.066667,1.000000
133261053,77,00000010111011110100010110000100100111110010001001001100100111011011000111011,133241965,0,0.066667,1.000000
133261054,83,11001000001110011101010010110100000100100111110010001001000100100111111011001110101,133241965,0,0.066667,1.000000
133261055,75,000001111011111110101010010001001001111100100010010001001001011111110001001,133241965,0,0.066667,1.000000
133261056,80,00001001000011011111001010010010010010011111001000100100010010011001011100011100,133241965,0,0.066667,1.000000
133261058,80,01111001110011101000010001110000100100111110011001001000100100101111011000101111,133263570,0,0.100000,0.500000
133261060,82,1000000010111110111110011100000100100100111110010001001001100100011011011000101101,133241967,0,0.050000,1.000000
133261061,80,00000100111110111110000101000001001001111100100010010001001000011101100011010010,133243655,0,0.100000,0.500000
133261065,79,0000000110101011100101001011001001001111100100010010011001001111110110001110111,133241971,0,0.050000,1.000000
133261066,76,0000001111111111000010110101010000011111001000100100010010010101001000110011,133241971,0,0.050000,1.000000
133261067,81,000000101110010001110010110100000100100111110010001001000100100111111011000110000,133241971,0,0.050000,1.000000
133261068,84,011010000000111001010111001011010010010010011111001000100100010010010111101100010100,133241971,0,0.050000,1.000000
133261069,83,01100100010011111001111001010010000010010011111001000100100110010011011011000111111,133241971,0,0.000000,0.000000
133261070,86,11100000011011011110110000110100000100100111110010101001000100100101111010000110001111,133257456,0,0.050000,0.500000
133261071,84,010000000011111001111101010011000010010011111001000100100110010011101111100011110011,133241971,0,0.050000,1.000000
133261072,83,11101010000111100101010101011010000010010011011001000100100010010010111111100011010,133270351,0,0.030000,0.700000
133261073,83,11101010000111100101010101011010000010010011011001000100100010010010111111100011010,133241972,0,0.100000,1.000000
133261074,84,110011001000111100101100101001000001001101111100110010010011001001100101100011111110,133241973,0,0.100000,1.000000
133261075,83,01000010010111110111110010100101100100100111110010001001000100110111011011000111001,133255839,0,0.040000,0.600000
133261076,83,00100000001111101111110101001000101001001111100110010010011001001110111110001111001,133238693,0,0.028000,0.700000
133261077,83,10100000001110010101110010110100000100100111110000001001000100100101110011010110101,133268588,0,0.066667,0.500000
133261078,83,00000000000111101111101100001000001011001011100110010010001001001111111011101111010,133241975,0,0.066667,1.000000
133261079,83,00100000001111101111110101001000101001001111100110010010011001001110111110001111001,133243640,0,0.040000,1.000000
133261082,82,1000000010111110111110010100101100100100111110010001001000100100111011011000111001,133243640,0,0.040000,1.000000
133261084,83,01000010011110111011100100001100000001001111100100010000011001001010100110101100011,133230488,0,0.120000,0.600000
133261085,85,0010000010011100111011100100101000001001001111100100010010001001001111110010011101010,133247259,0,0.060000,0.600000
133261087,86,11100000011011011111110000110100100100100111110010001001000100100101111010000110001111,133230488,0,0.160000,0.800000
133261088,81,100001001111011101110010010110000100100111110010001001000100100101011011010110101,133252600,0,0.060000,0.600000
133261089,84,110010001001111101111100101001000001001001111100100010010011001001110110110001111111,133243643,0,0.100000,1.000000
133261090,83,10000000101111101111100101001011001001001111100100010010001001001110110110001110010,133243643,0,0.100000,1.000000
133261091,82,1110000011110111101100100000100001001011111100100010010001001001011110110101101000,133243643,0,0.100000,1.000000
133261092,77,00000000011101111010001011000010010011111001001100100110010011101101100011101,133243644,0,0.100000,1.000000
133261095,76,0000010101010111110000001000100001100111110010001001001100100110000110001011,133243644,0,0.100000,1.000000
133261096,87,001110100010001110010101110010010100000100100111110010001001000100100101111011000110101,133243644,0,0.100000,1.000000
133261097,85,1110101010001110110111110010110100000100100111110010001001001100100101111000000100101,133243644,0,0.080000,0.800000
133261098,82,1000000011111101110100010010000100100111110010001001001100101111011011000110011010,133243644,0,0.100000,1.000000
133261099,84,111000000110110111011000011010000010011011111001000100100010010010111101000011000111,133243644,0,0.100000,1.000000
133261103,80,01000010101000011111011001010100010010011111001000100100001011011110101110011000,133243653,0,0.100000,1.000000
133261104,82,1110000011100111111100100000100001000011111100100010010001001001011110110101101000,133243653,0,0.100000,1.000000
133261105,85,0010000010011100111011100100101000001001001111100100010010001001001111110010011111011,133243653,0,0.100000,1.000000
133261106,84,010000000011101001111101010011000010010011111001000100100110010011101111100011110011,133243654,0,0.050000,1.000000
133261107,83,10000000001110000101110000110001000100100111110010001001001100110111110101001101011,133240463,0,0.200000,0.600000
133261108,86,10010000010101000010111011011010000010010011111001000100100010010011110101100011000111,133240463,0,0.200000,0.600000
133261109,86,10010000010101000010111011011010000010010011111001000100100010010011110101100011000111,133240463,0,0.200000,0.600000
133261110,81,100000101010000111110110010100000100100111110010001001000100100111101011100110000,133243655,0,0.200000,1.000000
133261112,83,10000000001110000101110000110001000100100111110010001001001100110111110101001101011,133243655,0,0.200000,1.000000
133261113,82,1000000010111110111110011100000100100100111110010001001001100100111011011000101101,133240463,0,0.200000,0.700000
133261114,82,1101001100011100101011100101101001001011001111100100010010001001001011110110001010,133240463,0,0.200000,0.600000
133261116,85,1100000101010000101110110110100000101100111110010101001000100100111101011010110001010,133240463,0,0.200000,0.500000
133261117,83,10000000001110000101110000110001000100100111110010001001001100110111110101001101011,133243655,0,0.200000,1.000000
133261118,82,1000001000100001111101100101000001001001111100100010010001001001111010111001100011,133240463,0,0.200000,0.600000
133261119,83,11100000001110011101010010110100000100100111110010001001000100100111111011001110101,133240463,0,0.200000,0.600000
133261120,82,1000001000100001111101100101000001001001111100100010010001001001111010111001100011,133243655,0,0.200000,1.000000
133261122,84,101000000101111001111100101011101001001001111100100010010001011001100010110100001010,133243655,0,0.200000,1.000000
133261123,82,1000001000100001111101100101000001001001111100100010010001001001111010111001100011,133243655,0,0.200000,1.000000
133261125,78,100100011011101110011000101101001001111100100010010011001001111110110001111111,133240463,0,0.200000,0.700000
133261126,81,100000001010000111110110110100000100100111010010001001000100100111101011100111001,133243657,0,0.100000,1.000000
133261127,84,111000000001111011101000110010100010101100111110010001001000100100111011001001110101,133243657,0,0.100000,1.000000
133261128,84,001000001010100101011101101101000001001001110100100010010011001001111010110001100010,133243657,0,0.100000,1.000000
133261129,84,100010000011001110011101010000000010010011111001000100100010010011101110010011110010,133243658,0,0.100000,1.000000
133261130,73,0010001100111100101000001001000001111100100010010001001001111110110001101,133243660,0,0.000000,0.000000
133261131,75,000001111011111110101010010001001001111100100010010011001001011111110001001,133228738,0,0.030000,0.600000
133261132,83,00100000001111101111110101001000101001001111100110010010011001001110111110001111001,133245494,0,0.066667,1.000000
133261133,84,111000000011100111010100101101000001001001111100100010010001001001111010110011101010,133245494,0,0.066667,1.000000
133261134,81,100000001011111011111011010010000000110111110010001001000100100111111101110110101,133245494,0,0.066667,1.000000
133261136,83,11001000100111110111110010100100000100100110110010001001001100100111011011000101111,133245494,0,0.066667,1.000000
133261137,78,000100100001101111100101001001001001001111100100010010001001001110101110001110,133245494,0,0.066667,1.000000
133261138,82,1101000000101110111110000100100100001001111100100010010001001001100110110001111101,133245495,0,0.028571,1.000000
133261139,84,111110000011100101010100101001000001001001111100100010010001000001110100111001101000,133245495,0,0.028571,1.000000
133261140,75,000100011100101101101000001001001001111100100010010000001001111110110001101,133245495,0,0.028571,1.000000
133261141,81,000000011110111111010100100000100100111110010001001000100100111011111000111100110,133245496,0,0.200000,1.000000
133261142,84,110110000011100101010100101001000001001001111101100010010001001001110100111001101000,133233871,0,0.046667,0.700000
133261143,82,1010000001111101111100001001001001101001111100100010010001001001100110110001111110,133245498,0,0.066667,1.000000
133261144,84,111001010100111100010110010101100000100100111110010001001000100100111011111000111111,133268600,0,0.066667,0.700000
133261145,84,011010001000111001010111001011010010010010011111001000100100010010010111101100010100,133245498,0,0.066667,1.000000
133261146,82,0000000000111001010101000001010100010010011111001000100100110011011111010100110100,133245498,0,0.066667,1.000000
133261147,85,0010000000011100111011100100101000001001001111100100010010001001001111110010011101011,133245498,0,0.066667,1.000000
133261148,79,0000010011111011010010100000000100100111110010000001000100100111011011001111110,133245498,0,0.066667,1.000000
133261149,84,011000000011110011111100001101001101001001111100100010010001001001011110100001100011,133245498,0,0.066667,1.000000
133261150,87,010010000010101000010111011011010000010010011111001000100100010010011110101100011000101,133245499,0,0.050000,1.000000
133261151,82,1000000001110111101010010110100010100100111110010001001000100100111111001000110101,133255838,0,0.040000,0.600000
133261152,84,111110000011100101010100101001001001001001111100100010010001001001110100111001101000,133245499,0,0.050000,1.000000
133261153,82,1001001000100001011111101101000001001000111100100010010001011001101010111001100011,133245499,0,0.050000,1.000000
133261154,76,0001000111001111001010010010010010011111001000100100000010011111101100011011,133262196,0,0.120000,0.600000
133261155,80,00000000011100101010100000101010010010011111001000100100110011011111010100110100,133245501,0,0.050000,1.000000
133261156,83,10000001101111101111100101001011001001001111100100010010001001001110110110001110011,133245501,0,0.050000,1.000000
133261157,80,01101001110011111100010001110000101100111110011001001000100100101111011000101111,133260440,0,0.030000,0.600000
133261158,80,01111001110011111100010001110000100100111110011001001000100100101111011000101111,133245502,0,0.200000,1.000000
133261159,85,1100010001001111100110101101001000001001001101100100010010011011001110100110001111111,133245502,0,0.200000,1.000000
133261160,80,01111001110011111100010001110000100100111110011001001000100100101111011000101111,133245502,0,0.200000,1.000000
133261161,86,11110010001001111101111100101001000001001001111100100010010011001001110110110001111110,133245502,0,0.200000,1.000000
133261162,81,000000000111110111110000101000001001001101100100010010001001001011101100011010010,133245502,0,0.200000,1.000000
133261163,84,110000001101101111111000011010000010010111110010001001000100100101111010000110001111,133245502,0,0.200000,1.000000
133261164,82,1000000011100111111010100100000100100111110010001001000100100111011111000111100110,133245502,0,0.200000,1.000000
133261165,80,01111001110011111100010001110000100100111110011001001000100100101111011000101111,133245502,0,0.200000,1.000000
133261166,85,1011001000100111110011100010100100000100100111110010001001001100100111011011000111111,133245502,0,0.200000,1.000000
133261167,84,110101010001110110101110010110100000100100111110010001001001110100101111000000100101,133245502,0,0.200000,1.000000
133261168,83,10000000111101111110101001000001001011111100100010010101001001110111110001111001100,133245502,0,0.200000,1.000000
133261169,81,100000101010000111110110110100000100100111110010001001000100100110101111100111001,133245502,0,0.200000,1.000000
133261170,83,10111000001111010101010010100100000100100111110010001001000100100111010111001101001,133245502,0,0.200000,1.000000
133261171,84,110101010001110110101110010110100000100100111110010001001001110100101111000100100101,133245502,0,0.160000,0.800000
133261172,85,1001000001010100001011000100101000000001001111100100010010001001101111010111001100010,133245502,0,0.200000,1.000000
133261173,81,100000101010000111110110110100000100100111110010001001000100100110101111100111001,133245502,0,0.200000,1.000000
133261174,82,1000000010111110111110011100000100100100111110010001001001100100111011011000101101,133245502,0,0.200000,1.000000
133261175,83,10100000001110010101110010110100000100100111110010001001100100100101110011010110101,133262188,0,0.035000,0.700000
133261176,77,10010001101110111001100010110100100111110000001001001100100111111011000111111,133259007,0,0.140000,0.700000
133261177,81,100000001011111011111011010011000000100111110010001001000100100111111101110110101,133241976,0,0.040000,0.600000
133261178,81,100000001011111011111011010011000000100111110010001001000100100111111101110110101,133241976,0,0.040000,0.600000
133261179,83,11010000001111101111100001001001001001001111100101010010001001001100110110001110110,133266901,0,0.033333,0.500000
133261180,81,110100000010111011111000010010010000100111110010001001000100100110011011000111110,133245504,0,0.066667,1.000000
133261181,81,110100000010111011111000010010010000100111110010001001000100100110011011000111110,133241976,0,0.040000,0.600000
133261182,76,0000001011101111110101011000010010011111101000100100110000011101111100011101,133266901,0,0.033333,0.500000
133261183,83,11001000100111110111110010100100000100100111110010001001001100100111011011010111111,133245504,0,0.066667,1.000000
133261184,85,0010000010011100111011100100101000001001001111100100010010001001001111110010011101010,133247252,0,0.025000,0.500000
133261185,82,1000001010110000011101101101000001001001111100100010010001001001111010111001000011,133266892,0,0.025000,0.800000
133261188,82,1101000100011100101011100101001001001001001111100100010010001001001011110110001010,133268603,0,0.033333,0.500000
133261189,83,10000000000111110011111010000110000100100111110010001001001100100111010110001111001,133266892,0,0.030000,0.700000
133261190,83,11101010000111100101010101011010000010010011011001000100100010010010111111100011010,133255842,0,0.120000,0.600000
133261193,82,1000000001110111101010010110100010100100111110010001001000100100111111001000110101,133255842,0,0.100000,0.500000
133261195,82,1000001010110000011101101101000001001001111100100010010001001001111010111001001011,133255842,0,0.100000,0.500000
133261196,82,0000000000111001000111000011010100010010011111001000100100110011011111010100110101,133255842,0,0.100000,0.500000
133261203,80,00000100111110111110000101001001001001111100100010010001001000011101100011010010,133255842,0,0.100000,0.500000
133261204,78,000100011010101110010100101110100100111110010011001000100100111111001000111111,133255842,0,0.100000,0.500000
133261205,83,10000000000111110011111010000110000100100111110010001001001100100111011110001111001,133268597,0,0.023333,0.700000
133261206,85,1111110000011100100010100101001000001001001111100100010010001001001110100111001101000,133251038,0,0.020000,0.500000
133261207,84,100010000001001110011101010000000010010011111001000100100010010011101110010011110010,133249263,0,0.028000,0.700000
133261208,76,0000010101010111110000001000100101100111110010001001001100100110000110001011,133251038,0,0.020000,0.500000
133261209,79,0000010011110111110001001111000010010010111001000100100010010010111101100010111,133268598,0,0.050000,0.500000
133261210,83,11100000001110011101010010110100000100100111110010001001000100100111111011001110111,133268598,0,0.025000,0.500000
133261211,86,01100110010001111001011001010010000010010011111001100100100110010011100101100011111110,133268609,0,0.050000,0.600000
133261213,83,11100000001110011101010010110100000100100111110010001001000100100111111011001110101,133245509,0,0.066667,1.000000
133261214,85,0000000000010100001011111111100110001001001111100100010010001001001111010110001011011,133245509,0,0.066667,1.000000
133261215,83,11100000001110011101010010110100000100100111110010001001000100100111111011001110101,133245509,0,0.066667,1.000000
133261217,83,10100000001110000101110010110100000100100111110010001001000100100101110111010110111,133245513,0,0.050000,1.000000
133261218,83,11001000100111110111110010100000000100100100110010001001001100100111011011000111111,133268601,0,0.024000,0.600000
133261219,76,0000000011101111010001011000010010011111001000100100111010011101101100011101,133245515,0,0.040000,1.000000
133261222,80,00000000011111011111000010100000100100111110010001001000100100101110110011101001,133245518,0,0.100000,1.000000
133261223,83,10000000101011101111100101011001001001001111100100010010001001001110110100001111110,133270344,0,0.100000,0.800000
133261224,77,00000000111110111110001010000010010011111001000100100010010010111011000110100,133268595,0,0.100000,0.500000
133261227,84,111000001101111001111100111001001001001001111100100010010001001001100110110010011010,133245520,0,0.200000,1.000000
133261228,81,100010100111101111110001000111000010010011111001000100100010010010111101100011111,133245520,0,0.200000,1.000000
133261229,84,110110000011100101010100101001000001001001111101100010010001001001110100111001101000,133245520,0,0.200000,1.000000
133261230,85,0010000010011100111011100100101000001001001110100100010010001001001111110010011101011,133266902,0,0.020000,0.500000
133261231,77,00100000111110111110001010000010010011111001000100100010010010111011000110100,133245520,0,0.200000,1.000000
133261232,81,000000000011110111110110000100000101100101110010001001000100100111111101110111101,133245520,0,0.000000,0.000000
133261233,85,0010000010011100111011100100101000001001001110100100010010001001001111110010011101011,133245520,0,0.200000,1.000000
133261234,83,10000001101111101111100101001011001001001111100100010010001001001110110110001110011,133245520,0,0.200000,1.000000
133261235,81,100010100111101111110001000111000010010011111001000100100010010010111101100011111,133245520,0,0.200000,1.000000
133261236,84,110101010001110010101010010110100100100100111110010001001000100100011101001000110101,133245521,0,0.100000,1.000000
133261237,77,00100011011101110011000101101001001111100100010010011001001111110110001111110,133268602,0,0.100000,0.700000
133261238,84,110101010001110110101110010110100000100100111110010001001101100100101111000000100101,133245521,0,0.100000,1.000000
133261239,83,10000000000111110011111010000110000100100111110010001001001100100111011110001111001,133266892,0,0.050000,0.700000
133261240,83,10000001101111101111100101001011001001001111100100010010001001001110110110001110011,133247252,0,0.050000,1.000000
133261241,79,0000000110101011100101001011001001001111100100010010011001001111110110001111111,133247252,0,0.050000,1.000000
133261242,80,10100010001110010101110010110100100100100111110010001001000100100101110110001010,133266892,0,0.050000,0.800000
133261244,78,000100011010101110010100101110100100111110010011001000100100111111001000111111,133255842,0,0.100000,0.500000
133261245,84,011010001000111001010111001011010010010010011111001000100100010010010111101100010100,133266892,0,0.050000,0.800000
133261246,83,01000000010111110111110110100100000100100111110010001001000100100111111101110110101,133268603,0,0.033333,0.500000
133261247,82,1101000100011100101011100101001001001001001111100100010010001001001011110110001010,133257455,0,0.050000,0.800000
133261248,84,011101000100011100101011100101101000010010011111001000100100010010010111001100011010,133268603,0,0.033333,0.500000
133261249,85,1001000001010100001011000100101000000001001111100100010010001001101111010111001100010,133247252,0,0.050000,1.000000
133261250,82,1000000010111110111110011100100100100100111110010001001100100100111011011000101101,133247255,0,0.040000,1.000000
133261251,84,100010000011101110011101010000000010010011111001000100100010010011101110010011110010,133268604,0,0.050000,1.000000
133261252,87,011101000100011100101011100101101000001001001111100100010010001001001011110110001101000,133247255,0,0.040000,1.000000
133261253,84,110101010001110110101110010110100000100100111110010001001001110100101111000000100101,133247257,0,0.100000,1.000000
133261254,86,11100000011011011111110000110100000100100111110010001001000100100101111010010110001111,133252602,0,0.100000,0.500000
133261255,84,010000000011111001111101010011000010010011111001000100100110010011101111100011110011,133247258,0,0.100000,1.000000
133261256,82,1010000001111101111100001001001001001001111100100010010001001001100110110001111110,133252602,0,0.100000,0.500000
133261257,84,011001010100111110011110010100100000100100111110010001001001100101101011011000111111,133227178,0,0.100000,0.600000
133261258,82,1000000010111110111110011100100100100100111110010001001100100100111011011000111101,133227178,0,0.100000,0.500000
133261259,82,1000000010111110111110010100101100100100111110010001001000100100111011011000111011,133247258,0,0.100000,1.000000
133261260,82,1000000010111110111110011100100100100100111110010001001100100100111011011000111101,133252602,0,0.100000,0.500000
133261261,82,1010000001111101111100001001001001001001111100100010010001001001100110110001111110,133227178,0,0.100000,0.600000
133261262,82,0000000000111001000111000011010100010010011111001000100100110011011111010100110101,133247258,0,0.100000,1.000000
133261263,84,010000000011111001111011010011000010010111111001000100100110010011101111100011110011,133230488,0,0.120000,0.600000
133261264,84,010000000011111001111101010011000010010011111001000100100110010011101111100011110011,133247260,0,0.066667,1.000000
133261265,82,1000000001110111101010010010100010100100111110010001001000100100111111001000110101,133265301,0,0.080000,0.800000
133261266,84,010000000011111001111101010011000010010011111001000100100110010011101111100011110011,133247260,0,0.053333,0.800000
133261267,84,111010001000111010101110110110100000100100111110010001001000100100101011011000110101,133247260,0,0.066667,1.000000
133261268,84,111100000001110011101010010110100010100100111110010001001000100100111111011001110111,133247261,0,0.040000,0.800000
133261269,83,11100000001110011101010010110100000100100111110010001001000100100111111011001111101,133251029,0,0.066667,1.000000
133261270,83,01110000001110011000110010110100000100100111110010001001000100100011111001001110101,133247261,0,0.050000,1.000000
133261271,81,000000011110111111010100100000100100101110110001001000100100111011111000111100110,133247261,0,0.050000,1.000000
133261272,86,11100000011011011111110000110100000100100111010010001001000100100101111010000110001111,133266894,0,0.030000,0.600000
133261273,83,11100000001110011101010010110000000100100111111010001001000100100111111011001110101,133247264,0,0.100000,1.000000
133261274,77,00000000111110111110001010000010010011111101000100110010010010111011000110100,133247264,0,0.100000,1.000000
133261275,85,0010000000011100111001100100101000001001001111100100010010001001001111110010011101011,133268606,0,0.080000,0.800000
133261276,82,0000000000111001010101000001010100010010011111001000100100110011011111010100110100,133268606,0,0.070000,0.700000
133261277,82,0010110000111001010101001011010010010010011111001000100100000010010111010000110101,133252606,0,0.050000,0.500000
133261278,85,1101010000011100101010101101111000001001001111100100010010001001001011110110001101011,133252606,0,0.060000,0.600000
133261279,82,0010110000111001010101001011010010010010011111001000100100000010010111010000110101,133255837,0,0.060000,0.600000
133261280,78,010000101010000111110110010100001001001111100100010010000101101111010111001100,133247265,0,0.066667,1.000000
133261281,77,00100011011101110011000101101001001111100100010010011001001111110110001111110,133247265,0,0.066667,1.000000
133261282,80,00000000011111111111000010100000100100111110010001001000100100101110110011101001,133247265,0,0.066667,1.000000
133261283,83,11001000100111110111110010100100000100100110110010001001001100100111011011000111111,133268594,0,0.035000,0.700000
133261284,84,100001010100001011101100101000001001001111100100010010001001001111010111001000011111,133247266,0,0.050000,1.000000
133261285,80,00001001000011011111001010010010010010011111001000100100010010011001011100011100,133268594,0,0.030000,0.600000
133261286,82,1000000011111101111100010010000100100111110010001001001100101111011011000110011011,133249268,0,0.024000,0.600000
133261288,79,0000000001110111110100010010100100100111100010001001001100100111011011000111011,133247269,0,0.066667,0.600000
133261289,85,1101000000011100001011100111101010001001001111000100010010001001001011110110101101010,133247270,0,0.100000,1.000000
133261290,86,01100110010001111001011001010010000010010011111001100100100110010011100101100011111110,133257453,0,0.040000,0.600000
133261291,86,01000000100011111001111101000011000010010011111001000100100110010011101110100011110011,133247271,0,0.033333,1.000000
133261292,81,100000101010001111110110010100000100100111110010001001000100100111100011100110001,133247271,0,0.033333,1.000000
133261293,88,0010101000100011100111011100101101000001001001111100100010010001001001011110110001101010,133247271,0,0.033333,1.000000
133261294,87,011100000011011011111110000110100000100100111110010001001000100100101110010000110001111,133247271,0,0.033333,1.000000
133261295,83,10001001100111110011110010100100010100100111010010001001001100100111011011000111111,133247271,0,0.033333,1.000000
133261296,85,1011001010100111110011110010100100000100100111110010001001001100101101011011000111111,133247271,0,0.033333,1.000000
133261297,87,011100000011011011111110000110100000100100111110010001001000100100101110010000110001111,133247271,0,0.033333,1.000000
133261298,82,1000000010111010111110011100000100101100111111010001001001100100111011011000101101,133247271,0,0.033333,1.000000
133261299,85,0010000010011100111011100100101000001001001111100100010010001001001111110010011110011,133247271,0,0.033333,1.000000
133261303,81,000000011110111111010100100000100100111110010001001000100100111011111100111100110,133232163,0,0.025000,0.500000
133261304,80,01000010101000011111011001010000010010011111001000100100001111011110101110011000,133254155,0,0.066667,0.600000
133261305,75,100000001110111101000101100001001001111100100010010011001011101101100011101,133257468,0,0.080000,0.800000
133261309,81,100000101010000111110110010100000100100111110010101001000100100111001011100110001,133230488,0,0.140000,0.700000
133261311,85,0000000010010100101011111111100110101001001111100100011010001001001111010110001011011,133230488,0,0.160000,0.800000
133261312,83,01100000001110011001110010110100000100101111110010001001000100100111111001001110101,133230500,0,0.033333,0.500000
133261313,80,01111001110011111000010001110000100100111110011001001000101100101111011000101111,133230488,0,0.120000,0.600000
133261314,76,0000000011101111010001011000010000011111001000100100110010011101101100011101,133249259,0,0.066667,1.000000
133261315,83,01100000001110011001110010110100000100101111110010001001000100100111111001001110101,133249259,0,0.066667,1.000000
133261316,83,01100000001110011001110010110100000100101111110010001001000100100111111001001110101,133270349,0,0.066667,0.500000
133261317,78,001100001100111110011100111110100101111110010001001000100100111010011000111101,133270349,0,0.066667,0.500000
133261318,82,0100000001011111011110110100100000100100111110110001001001100100111111101110110101,133249259,0,0.000000,0.000000
133261319,84,111001000100111110011110010100100000010100111110010001001001100100111011010001111111,133243650,0,0.040000,0.600000
133261320,83,01100100010011111001110001010010000000100111110010001001001100100111011011000111111,133249259,0,0.066667,1.000000
133261321,84,111000000101111001111100101011001001001001111100100010010001011001100010110000011010,133249260,0,0.100000,1.000000
133261322,76,0001000111011111001010000010010010011111001000101100000010011111101100011011,133249260,0,0.100000,1.000000
133261323,84,110001001100111110011110010100100010100100111010010001001001100100111011011000111111,133257466,0,0.050000,0.500000
133261324,83,11100000001110011101010010110100000100100111110010001001000100100111111011001110101,133251038,0,0.020000,0.500000
133261325,82,1010000001111101111100001001001001101001111100100010010001001001100110110001111110,133249263,0,0.040000,1.000000
133261326,82,1010000001111101111100001001001001101001111100100010010001001001100110110001111110,133249264,0,0.066667,1.000000
133261327,80,00000000111110111110100101010001001001111100100010010001001001011101100011010011,133263574,0,0.066667,0.500000
133261328,85,1001000001010110001011101101101000001001001111100000010010101001001111010111101100011,133262191,0,0.040000,0.500000
133261329,82,1000000010111110111110010100101100100100111110010001001000100100111011011000111011,133254154,0,0.100000,0.600000
133261330,82,1101000100011100101011100101001001001001001111100100010010001001001011110110001010,133249265,0,0.100000,1.000000
133261331,78,100000101010101111100000010001001011001111100100010010001001001100001110010110,133249265,0,0.100000,1.000000
133261333,83,11001000100111110111110000100100000100100111110010001001001100100111011011000111011,133249268,0,0.040000,1.000000
133261334,79,0000000011111011010010100000000100100111110010001001000100100111011011000110110,133259016,0,0.100000,1.000000
133261335,86,10010000010101000010111011011010000010010011111001000100100010010011110101100011000101,133268609,0,0.080000,0.800000
133261336,77,00000010101010111110000001000100101100110110010001001001100100110000110001011,133249269,0,0.050000,1.000000
133261337,82,0010110000111001010101001011010010010010011111001000100100000010010111010000110101,133268609,0,0.070000,0.700000
133261338,75,000100011101111100101000001001001001111100100010010000001001111110110001101,133249269,0,0.050000,1.000000
133261339,76,1000010101010111110000001000100101100111110010001001001100100110000110001011,133268599,0,0.033333,0.500000
133261340,82,1000000011100111111010100100000100100111110010001001000100100111011111000111100110,133268609,0,0.080000,0.800000
133261341,81,100010100111101111110001000111000010010011111001000100100010010010111101100011111,133249269,0,0.050000,1.000000
133261342,85,1001000001010110001011101101101000001001001111100100010010001001000111010111001100011,133249269,0,0.050000,1.000000
133261343,81,100000001111110111010001001000010010011111001000100100110010111101101100011001101,133249269,0,0.050000,1.000000
133261344,82,1001001000100001011111101101000001001001111100100010010001011001101010111001100011,133249269,0,0.050000,1.000000
133261345,81,100010001111110111010001001000010010011111001000100100110000111101101100011001101,133268599,0,0.033333,0.500000
133261346,76,0000010101010111110000001000100101100111110010001001001100100110000110001011,133249269,0,0.050000,1.000000
133261347,85,0100000001011111011111011010010000010010011111001000100100010010011111110111001010111,133245508,0,0.080000,0.500000
133261348,86,11100000011011011110110000110100000100100111110010001001000100100101111010000110001111,133249269,0,0.050000,1.000000
133261349,85,1101000000011110001011100101101010001001001111000100010010001001001011110110001100010,133232171,0,0.020000,0.500000
133261350,82,1100100010011110011110010100000000100100111110010001001001100100111011110001111111,133245516,0,0.030000,0.600000
133261357,86,11100000010011011111110000110100100100100111100010001001100100100101111010000110001111,133240464,0,0.040000,0.400000
133261361,81,000000000111001010101000001010100100100111110010001001001100110111110101001101001,133262182,0,0.050000,0.500000
133261362,84,010000000001111101011000101001001001001001111100100010010010001111101001000011110101,133249271,0,0.050000,0.600000
133261364,79,0000000110101011100101001011001001001111100100010010011001001111110110001111111,133251029,0,0.066667,1.000000
133261365,85,1100010001001111100110101101001000001001001101100100010010011011001110100110001111111,133251030,0,0.040000,1.000000
133261366,84,110011001000111100101100101001000001001101111100110010010011001001100101100011111110,133228730,0,0.024000,0.600000
133261367,83,11100000010011110001110101100100000100100110110000001000000100100111111001000111101,133251030,0,0.040000,1.000000
133261368,82,0010110000111001010101001011010010010010011111001000100100000010010111010000110101,133238706,0,0.028000,0.700000
133261369,85,1101000000011100001011100101101010001001001111000100010010001001001010110010001101010,133251032,0,0.200000,1.000000
133261370,86,01100110010001111001011001010010000010010011111001100100100110010011100101100011111110,133225394,0,0.060000,0.600000
133261371,84,100000101010000101110110110100000100100111110010001001000100100111101011010110001010,133245507,0,0.025000,0.500000
133261372,84,100000101010000101110110110100000100100111110010001001000100100111101011010110001010,133251032,0,0.200000,1.000000
133261373,82,1010000001111101111100001000001001101001111100100010010001001001100110110001111110,133251033,0,0.100000,1.000000
133261374,85,0001100000001110011001110010110100010100100111110010001001100100110111111001001110101,133238709,0,0.160000,0.500000
133261375,81,100000101010000111110110010100000100100111110010001001000100100111101011100110001,133266891,0,0.100000,0.500000
133261376,81,000000101110010001110010110100000100100111110010001001000100100111111011000110000,133251033,0,0.100000,1.000000
133261377,83,11101010000011100101010101011010000010010011111001000100100010010010111101100011010,133251034,0,0.066667,1.000000
133261378,81,110100000011101011111000010010010000100111110110001001000100100100011011000111110,133251034,0,0.066667,1.000000
133261379,75,000101011110111100101000001001001001111100100010010001001001111110100001101,133251034,0,0.066667,1.000000
133261380,84,111100100001110010101110010110111000100100111110010001001000100100101111011000110101,133251034,0,0.066667,1.000000
133261381,80,00000000011100101010100000101010010010011111001001100100110011011111010100110100,133251034,0,0.066667,1.000000
133261382,84,011101010000011100101010101011010000010010011111001000100100010010010111101100011010,133251034,0,0.066667,1.000000
133261383,84,110101010001110110101110010110100000100100101110010001001001100100111111000000100101,133251034,0,0.066667,1.000000
133261384,88,1101110000011011011111100000110100101100110111110010001001000100100101101010000110001110,133251034,0,0.066667,1.000000
133261385,75,000100011010111100101000001001000001111100100010010001001001111110110001101,133251036,0,0.066667,1.000000
133261386,80,01111001110011101000010001110000100100111110011001001000100100101111011000101011,133251037,0,0.066667,1.000000
133261387,80,10000000111101111110100001000001001001111100100010000001001011101111100011110011,133263573,0,0.033333,0.500000
133261388,83,00000000001110010101110000110101000110100111110010001001001100110111110101001101011,133251038,0,0.040000,1.000000
133261389,80,01001001010100001111101100101000011001011111001000100100001010011110101110011000,133251039,0,0.066667,1.000000
133261390,82,1010000001111101111100000001011001001001111100100010010001001001100110110001111110,133265305,0,0.040000,0.600000
133261391,83,10111000001111010101010010100100000100100111110010001001000100100111010111001101001,133270353,0,0.200000,0.600000
133261392,82,0000000000111001000111000011010100010010011111001000100100110011011111010100110101,133251041,0,0.050000,1.000000
133261393,82,0110010001001111100111100101001000001001001111100100010010011001011101101100011111,133251041,0,0.050000,1.000000
133261394,81,100000001010000111110110110100000100100111110010001001000100100111101011100111001,133251042,0,0.200000,1.000000
133261395,83,11000000010111110111110010100101100100100111110010001001000100100111011011000111011,133251042,0,0.200000,1.000000
133261396,86,11100000011011011110110000110100000100100111110010001001000100100101111010000110001111,133251043,0,0.100000,1.000000
133261397,85,1101000100011100101011100101101000001001001111100100010010000001001010110110001101011,133251043,0,0.070000,0.700000
133261398,86,11100000011011111111110000110100000100100111110010001001000100100101111010010110001111,133251043,0,0.100000,1.000000
133261399,86,11100000011011011110110000110100000100100111110010001001000100100101111010000110001111,133268611,0,0.160000,0.800000
133261400,75,000100011010111100101000001001000001111100100010010001001001111110110001101,133251044,0,0.100000,1.000000
133261401,81,000000101110010001110010110100000100100111110010001001000100100111111011000110000,133251044,0,0.100000,1.000000
133261402,85,1011001000100111110011100010100100000100100111110010001001001100100111011011000111111,133251044,0,0.100000,1.000000
133261403,83,10100000001110010101110010110100000100100111110010001001001100100101110011010110101,133251044,0,0.100000,1.000000
133261404,83,10100000001110010101110010110000000100100111110010001001000100100101010011010110101,133252599,0,0.100000,1.000000
133261405,87,010101000100011100101011100101101000001001001111100100010010001001001011110110001101010,133252599,0,0.100000,1.000000
133261406,82,0000000111101111110100001000001001001111100100010010001001001010111110001111001101,133235542,0,0.040000,0.600000
133261407,84,011101000100011100101011100101101000010010011111001000100100010010010111001100011010,133252599,0,0.100000,1.000000
133261408,85,1001000001010100001011000100101000000001001111100100010010001001111111010111001100010,133252599,0,0.100000,1.000000
133261409,82,1000001010100001111101101101000001001001111100100010010001001001111010111001110010,133260449,0,0.120000,0.600000
133261410,84,011001000100111110111110010100100000100100111110010001001001100100111011011000111111,133260449,0,0.120000,0.600000
133261411,78,001100001100111110011100111010100101111110010001001000100100111010011000111111,133252603,0,0.100000,1.000000
133261412,77,00010001101010111001010000111010010011111001000100100110010011001011000111111,133252603,0,0.100000,1.000000
133261413,84,011001000100111110011110010100100000100100111110010001001001100100111011011000111111,133252603,0,0.100000,1.000000
133261414,86,01000000000111110101100010100100100100100111110010001001001000101111010011000111101011,133252603,0,0.100000,1.000000
133261415,84,011001000100111110011110010100100000100100111110010001001001100100111011011000111111,133252603,0,0.100000,1.000000
133261416,83,10100000001110000101110010110100000100100111110010001001000100100101110111010110111,133252603,0,0.100000,1.000000
133261417,82,1001001000100001011111101101000001001001111100100010010001011001101010111001100011,133252603,0,0.100000,1.000000
133261418,74,00001010101011111000000100010010110011111001000100100110011011000011000101,133255829,0,0.025000,0.500000
133261419,84,000000000011111001111101010011000010010011111001000100100110010011101111100011110011,133252604,0,0.050000,1.000000
133261420,86,01001000001010111001011101101101000001001001111100100010010001001001111010111001100011,133252604,0,0.050000,1.000000
133261421,82,1000000010111110111110010100101100100100111110010001001000100100111011011000111001,133252606,0,0.100000,1.000000
133261422,82,1000000010111110111110010100101100100100111110010001001000100100111011011000111001,133247265,0,0.040000,0.600000
133261423,83,01000001010100101011101101101000001001001110100100010010011001001111010110001100010,133247265,0,0.046667,0.700000
133261424,84,111001000100111110111110010100100000100100111110010001001001100100111011011000111111,133255837,0,0.060000,0.600000
133261425,82,1000000110111110111110010100101100101100111110010001001000100100111011011000111001,133252606,0,0.100000,1.000000
133261426,83,10000000001110000101110000110101000100100111110010001001001100110111110101001101011,133252606,0,0.060000,0.600000
133261427,82,1000000010111110111110010100101100100100111110010001001000100100111011011000111001,133252606,0,0.060000,0.600000
133261428,84,101110000011100101010100101001000001001001111100100010010001001001110101110011010011,133255837,0,0.060000,0.600000
133261429,82,0111000001111011110110000000010000100100111100010001001000100100111111111010101000,133266907,0,0.020000,0.500000
133261430,82,1101000100011100101011100101001001001001001111100100010010001001001011110110001010,133262191,0,0.100000,0.600000
133261431,86,01110100010001110010101110010110100000100100111110010001001000100100101111001000110101,133252609,0,0.100000,1.000000
133261432,86,01001000001110100001011000100101000000001001111100100010010001001101111010111001100010,133268612,0,0.060000,0.600000
133261433,78,000100011010101110010100101110100100111110010011001000100100111110011000111111,133252611,0,0.066667,1.000000
133261434,83,11001001100111110011110010100100010100100111010010001001001100100011011011100111111,133252611,0,0.066667,1.000000
133261435,86,01001000001010100001011000100101000000001001111100100010010001001101111010111001100010,133268612,0,0.060000,0.600000
133261437,82,1110000011110111101100100000100001001011111100100010010001001001011110110101101000,133252612,0,0.140000,0.700000
133261438,75,000001111011111110101010010001001001111100100010000011001001011111110001001,133252612,0,0.120000,0.600000
133261439,87,011001000100111110010110010100100000100110111110010001011001100100110011011000111111101,133252612,0,0.200000,1.000000
133261442,82,1100000001011111011110110100100000100100111110010001001000100100111111101110110101,133262186,0,0.053333,0.800000
133261443,84,011010001000111001010111001011010010010010011111001000100100010010010111101100010100,133262186,0,0.053333,0.800000
133261445,85,1011001000100111110011100010100100000100100111110010001001001100100111011011000111111,133252612,0,0.200000,1.000000
133261447,83,00000000000111101111101100001000001011001011100100010010001001001111111011101111010,133257454,0,0.020000,0.500000
133261448,83,10100000001110010101110010110100000100100111110010001001000100100101110011010110101,133257454,0,0.024000,0.600000
133261449,83,00000000001110010101110000110101000110100111110010001001001100110111110101001101011,133254146,0,0.040000,1.000000
133261450,84,110101010001110110101110010110100000100100101110010001001001100100111111000000100101,133254146,0,0.040000,1.000000
133261451,80,00000000011111011111000010100000100100111110010001001000100100101110110011101001,133257454,0,0.024000,0.600000
133261452,81,100000101010000111110110110100100100100111110010001001000100100111101011100111001,133254146,0,0.017143,0.600000
133261453,82,1010000001111101111100001001001001101001111100100010010001001001100110110001111110,133254146,0,0.017143,0.500000
133261454,84,110101010001110110101110010110100000100100101110010001001001100100111111000000100101,133254146,0,0.040000,1.000000
133261455,83,11001001100111110011110010100100010100100111010010001001001100100011011011100111111,133254148,0,0.200000,1.000000
133261456,80,01111001110011101000010001110000100100111110011001001000100100101111011000101011,133255840,0,0.070000,0.700000
133261457,76,0000001111111111000010110101010000011111001000100100010010010101001000110011,133230500,0,0.040000,0.600000
133261459,86,01110100010001110010101110010110100000000100111110010001001000100100101111001000110101,133230500,0,0.033333,0.500000
133261460,84,011000000011110011111100001101001101001001111100100010010001001001011110100001100011,133254149,0,0.066667,1.000000
133261461,77,00010001101010111001010000111010010011111001000100100110010011001011000111111,133254151,0,0.100000,1.000000
133261462,83,10111000001111010101010010100100000100100111110010001001000100100111010111001101001,133251031,0,0.024000,0.600000
133261463,80,10000101010000011101101001000000001001110100100010010001101001111000101001100010,133254151,0,0.100000,1.000000
133261464,83,10110000001110010101010010000100000100110111110010001001000100100111010111001101001,133254152,0,0.040000,1.000000
133261465,84,111110000011100101010100101001001001001001111100100010010001001001110100111000101000,133254152,0,0.040000,1.000000
133261466,83,10100000001110010101110010110100000100100111110010001001000100101101010011010110101,133254152,0,0.040000,1.000000
133261467,80,01001001010100001111101100101000011001011111001000100100001010011110101110011000,133254152,0,0.040000,1.000000
133261468,83,10110000001110010101010010000100000100110111110010001001000100100111010111001101001,133254152,0,0.040000,1.000000
133261469,86,11100000011011011110110000110100000100100111110010001001000100100101111010000110001111,133254152,0,0.040000,1.000000
133261470,84,111001000100111110111110010100100000100100111110010001001001100100111011011000111111,133254153,0,0.066667,1.000000
133261471,81,100000101010000111110110010100000100100011110010001001000100100111101011100110001,133254153,0,0.066667,1.000000
133261472,81,110100000011101011111000010010010000100111110110001001000100100100011011000111110,133254153,0,0.033333,0.500000
133261473,81,100000101010000111110110010100000100100011110010001001000100100111101011100110001,133262195,0,0.035000,0.700000
133261474,83,11000000011100111111000100100000100100111110010001001000100100111011111000111100110,133254155,0,0.028571,1.000000
133261475,83,11001000100111110111110010100100000100100111110010001001001100100111011011010111111,133254157,0,0.100000,1.000000
133261476,77,00100000111110111110001010000010010011111001000100100010010010111011000110100,133268613,0,0.100000,0.600000
133261477,84,000000000011111001111101010011000010010011111001000100100110010011101111100011111011,133230486,0,0.100000,0.600000
133261478,84,011000000011110011111100001101001101001001111100100010010001001001011110100001100011,133230486,0,0.100000,0.500000
133261479,84,111001000110111110011110011100100000100101111110010001001001000100011011111100111101,133254158,0,0.100000,1.000000
133261480,81,100001001111011101110010010110000100100111110010001001000100100101011011010110101,133254158,0,0.100000,1.000000
133261481,84,011000000011110011111100001101001101001001111100100010010001001001011110100001100011,133254158,0,0.100000,1.000000
133261482,82,1000001010110000011101101101000001001001111100100010010001001001111010110001000011,133270344,0,0.080000,0.800000
133261483,81,100000101010000111110110010100000100100111110010001001000100100111101011100110001,133254158,0,0.100000,1.000000
133261484,84,011001000100111110011110010100100000100100111110010001001001100100111011011000111111,133243654,0,0.030000,0.600000
133261485,87,011101000100011100101011100101101000001001001111100100010010001001001011110110001101010,133243654,0,0.025000,0.500000
133261486,86,00110010001001111100111100101001000101001001111100100010000011001001110110110001111101,133268589,0,0.028000,0.700000
133261487,83,11101010100011100101010101011010000010010011111001000100100010010010101111100011010,133266898,0,0.050000,0.500000
133261488,86,00110010001001111100111100101001000101001001111100100010000011001001110110110001111101,133243654,0,0.025000,0.500000
133261489,82,1000000001110111101010010110100010100100111110010001001000100100111111001000110101,133254159,0,0.100000,1.000000
133261490,82,1101001100011100101011100101101001001011001111100100010010001001001011110110001010,133254159,0,0.100000,1.000000
133261491,82,1000000010111010111110010100101100100100111110010001001000100100111011011000111001,133254159,0,0.100000,1.000000
133261492,83,11100000001110011101010010110100000100100111110010001001000100100111111011001110101,133254159,0,0.100000,1.000000
133261493,86,01110100010001110010101110010110100000100100111110010001001000100101101111011000110101,133255824,0,0.200000,1.000000
133261494,81,100000001011111011111011010011000000100111110010001001000100100111111101110110101,133255824,0,0.200000,1.000000
133261495,78,000100100001101111100101001001001001001111100100010010001001001110101110001110,133255824,0,0.200000,1.000000
133261496,84,111110000001100101010100101001000001001001111100100010010001000001110100111001101000,133255824,0,0.200000,1.000000
133261497,78,000100100001101111100101001001001001001111100100010010001001001110101110001110,133255824,0,0.200000,1.000000
133261498,82,1000001010100001111101101101000001001001111100100010010001001001111010111001110010,133255824,0,0.200000,1.000000
133261499,81,100000001011111011111011010011000000100111110010001001000100100111111101110110101,133255824,0,0.200000,1.000000
133261500,83,11010000001111101111100001001001001001001111100100010010001001001100110110001110110,133255824,0,0.200000,1.000000
133261501,85,1001000001010100001011101101101000001001001111100100000010001001001111010110001100011,133255824,0,0.200000,1.000000
133261502,82,1000001010110000011101101101000001001001111100100010010001001001111010110001000011,133255824,0,0.200000,1.000000
133261503,83,00010100000111001010101001011011000010010011111001001100100000010010111000000110101,133255824,0,0.200000,1.000000
133261504,83,11010000001111101111100001001001001001001111100100010010001001001100110110001110110,133255824,0,0.200000,1.000000
133261505,78,000100100001101111100101001001001001001111100100010010001001001110101110001110,133255824,0,0.200000,1.000000
133261506,82,1000000010111110111110010100101100100100111110010001001000100100111011011000111001,133255824,0,0.200000,1.000000
133261507,84,010000000011111001111111010011000010010011111001000100100110010011101111100011110011,133255824,0,0.200000,1.000000
133261508,81,100000001011111011111011010011000000100111110010001001000100100111111101110110101,133255824,0,0.200000,1.000000
133261509,82,1000000010111110111110010100101100100100111110010001001000100100111111011000111001,133255824,0,0.200000,1.000000
133261510,86,01110100010001110010101110010110100000100100111110010001001000100100101111001000110101,133225396,0,0.050000,0.500000
133261511,80,00000000011100101010100000101010010010011111001000100100110011011111010100110100,133225396,0,0.050000,0.500000
133261512,84,111011000100111110011110010100000000100100111110010001001001100100111011110001111111,133225396,0,0.060000,0.600000
133261513,83,00000110011110111111110100000000100100110110010001001000100100111011111000111100110,133255825,0,0.100000,1.000000
133261514,84,000011000011101110111101010010000010010011111001000100100010010011101111101011110010,133225396,0,0.050000,0.500000
133261515,80,00001001000011011111001010010010010010011111001000100100010010011001011100011100,133225396,0,0.050000,0.500000
133261516,84,010000000101111101111101101001000001001001111101100010010011001001111111011101101011,133255826,0,0.200000,1.000000
133261517,84,010000000101111101111101101001000001001001111101100010010011001001111111011101101011,133255826,0,0.200000,1.000000
133261518,84,010001100001110010101010000110100000100100111110010001001000100100101111110010101011,133255826,0,0.200000,1.000000
133261519,82,1000000010111110111010011100000100100100111110010000001000100100111011010000101101,133263571,0,0.100000,0.500000
133261520,83,11100000001110011101010010110100000100100111110010001001000100100111111011001110101,133243647,0,0.033333,0.500000
133261521,85,0010000000011100111011100000101000001001001111100100010010001001001111110010011101011,133255828,0,0.066667,1.000000
133261522,82,1110000011100111111100100000100001001001111100100010010001001001011110110101101000,133255828,0,0.066667,1.000000
133261523,82,1110000011100111111100100000100001001001111100100010010001001001011110110101101000,133255828,0,0.066667,1.000000
133261524,85,1000011000011101110111101010010000010010011111001000000100010010011101111101011110000,133263571,0,0.100000,0.500000
133261525,84,011001010100111110011110010100100000100100111110010001001001100101101011011000111111,133263571,0,0.120000,0.600000
133261526,83,10100000001110010101110010110100000100100111110010101001000100100101110011010110101,133255829,0,0.050000,1.000000
133261527,79,0100100111101111110001000111000010010011111001000100111010010010111101110010101,133252604,0,0.035000,0.700000
133261528,79,0100100111101111110001000111000010010011111001000100111010010010111101100010101,133252604,0,0.035000,0.700000
133261529,83,10100000001110010101110010110100000100100111110010001001000100101101110011010110101,133262193,0,0.100000,0.500000
133261530,84,010001100000110010101010000010100000100100111110010001001000100100101111000010101011,133255830,0,0.066667,1.000000
133261531,83,10000000000111110011111010000110000100100111110010001001001100100111011110001111001,133262193,0,0.120000,0.600000
133261532,82,1000000010101110111100010101100100100100111110010001001000101100111010011100111101,133262193,0,0.100000,0.500000
133261533,84,011000000011110011111100001101101101001001111100100010010001001001011110100001100011,133255831,0,0.200000,1.000000
133261534,84,110110000011100101010100101001000001001001111101100010010001001001110100111001101000,133262189,0,0.020000,0.500000
133261535,83,00000001001010010101111111110011010100100111110010001101000100100111100110001011011,133255832,0,0.040000,1.000000
133261536,82,1000000010111110111110010100101100100100111110010001001000100100111011011000111001,133255834,0,0.100000,1.000000
133261537,83,11100000001110011101010010110100000100100111110010001001000100100111111011001110101,133265301,0,0.100000,1.000000
133261538,83,11100010001110011101010010110100000100100111110010001001000100100111111011001110101,133265301,0,0.100000,1.000000
133261539,84,011001000100111110011110010100100000100100111110010001001001100100111011011000111111,133255834,0,0.100000,1.000000
133261540,83,01000000010111110111110110100100000100100111110010001001010100100111111101110110101,133255834,0,0.100000,1.000000
133261541,83,11100000001110011101010010110100000100100111110010001001000100100111111011001110101,133255835,0,0.100000,1.000000
133261542,86,11100000011011011110110000110100000100100111110010001001000100100101111010000110001111,133255835,0,0.100000,1.000000
133261543,83,11100000001110011101010010110100000100100111110010001001000100100111111011001110101,133255837,0,0.060000,0.600000
133261544,83,01000010010111110111110110100100000100100111110010001001000100100111111101110110100,133255837,0,0.060000,0.600000
133261545,84,111010100000111001010101010110100000100100111110010001001000100100101111011000110101,133255835,0,0.100000,1.000000
133261546,83,01000010010111110111110110100100000100100111110010001001000100100111111101110110100,133255837,0,0.060000,0.600000
133261547,78,001100011010101010010100001100100100111110011001001001100100111101011000111111,133255835,0,0.100000,1.000000
133261548,84,111001000100111110011110010100100000010100111110010001001001100100111011010001111111,133255835,0,0.100000,1.000000
133261549,84,101010001000111010101110010110100000100100111110010001001000100100101011011000110101,133255837,0,0.060000,0.600000
133261550,83,01000010010111110111110110100100000100100111110010001001000100100111111101110110100,133255835,0,0.100000,1.000000
133261551,83,01000010010111110111110110100100000100100111110010001001000100100111111101110110100,133255835,0,0.100000,1.000000
133261552,84,111010100000111001010101010110100000100100111110010001001000100100101111011000110101,133255835,0,0.100000,1.000000
133261553,76,0011000110101010100101000011001001011111001100100100110010011010101100011111,133255837,0,0.050000,0.500000
133261554,86,11100000011011011110110000110100000100100111110010001001000100100101111010000110001111,133252606,0,0.060000,0.600000
133261555,83,11100000001110011101010010110100000100100111110010001001000100100111111011001110101,133255835,0,0.100000,1.000000
133261556,85,0110010001001111101111100101001000001001001111100100010010011001001110110110001111111,133252606,0,0.060000,0.600000
133261557,85,0110010001001111101111100101001000001001001111100100010010011001001110110110001111111,133255835,0,0.100000,1.000000
133261558,86,01100110010001111001011001010010000010010011111001100100100110010111100101100011111110,133255835,0,0.100000,1.000000
133261559,78,001100011010101010010100001100100100111110011001001001100100111101011000101111,133255835,0,0.080000,0.800000
133261560,83,11100000001110011101010010110100000100100111110010001001000100100111111011001110101,133255835,0,0.100000,1.000000
133261561,84,111010100000111001010101010110100000100100111110010001001000100100101111011000110101,133255835,0,0.100000,1.000000
133261562,84,111010100000111001010101010110100000100100111110010001001000100100101111011000110101,133255835,0,0.100000,1.000000
133261563,86,11110010001001111101111100101001000001001001111100100010010011001001110110110001111110,133255836,0,0.100000,1.000000
133261564,85,1001000001010100001011101101101000001001001111100100000010001001001111010110001100011,133255835,0,0.080000,0.800000
133261565,84,111001000100111110011110010100000000100100111110010001001001100100101011011000111111,133255835,0,0.080000,0.800000
133261566,80,00000000011111111111000010100000100100111110010001001000100100101110110011101001,133255837,0,0.100000,1.000000
133261567,83,11100000001100011101010010110100000100100111110010001001000100100111101011001110101,133255835,0,0.100000,1.000000
133261568,83,00000000001110000101111000110101000100100011110010001001001100110111111101001101011,133252606,0,0.060000,0.600000
133261569,82,1000000010111110111110010100101100100101111110010001001000100100111011011000111001,133255835,0,0.080000,0.800000
133261570,86,01100110010001111001011001010010000010010011111001100100100110010011100101100011111110,133255837,0,0.100000,1.000000
133261571,83,11001000100111110111110010100100000100100110110010001001001100100111001011000101111,133255835,0,0.070000,0.700000
133261572,87,011101000100011100101011100101101000001001001111100100010010001001001011110110001101010,133247265,0,0.040000,0.600000
133261573,83,01000010011111110111110010100101100100100111110010001001000100110111011011000111001,133255837,0,0.100000,1.000000
133261574,86,11100000011011011111110000110100100100100111110010001001000100100101111010000110001111,133255837,0,0.100000,1.000000
133261575,85,0000000000010100101011111111100110001001001111100100010010001001001111010110001011011,133255837,0,0.100000,1.000000
133261576,86,01001000001010100001111101101101000001001001111100100000010001001001111010110001100011,133247265,0,0.033333,0.500000
133261577,82,1110000011110111101100100000100001001011111100100010010001001001011110110101101000,133255835,0,0.080000,0.800000
133261578,83,11100000001110011101010010110100000100100111110010001001000100100111111011001110101,133252606,0,0.060000,0.600000
133261579,85,1001000001010100001011101101101000001001001111100100000010001001001111010110001100011,133252606,0,0.050000,0.500000
133261580,83,00101000001110010101010010110100000000100111110010001001000100100101110100001100011,133255837,0,0.100000,1.000000
133261581,83,10000000000111110011111010000110000100100111110010001001001100100111011110001111001,133255837,0,0.100000,1.000000
133261582,85,1101000000011100001011100101101010001001001111000100010010001001001011110110001101010,133255837,0,0.100000,1.000000
133261583,83,10000000101011101111101101011001001001001111100100010010001001001110110100001111110,133255838,0,0.050000,1.000000
133261584,88,1101110000011011011111110000110100101100110111110010001001000100100101101010000110001110,133255838,0,0.050000,1.000000
133261586,75,000001111011111110101010010001001001111100100010010010001001011111110001001,133255838,0,0.050000,1.000000
133261587,81,101000000011100111000100011010000010010011111001000100100010010011110100100111010,133255838,0,0.050000,1.000000
133261588,78,001100011010101010010100001100100100111110011001001001100100111101011000111111,133255838,0,0.050000,1.000000
133261589,85,0111110000011100101010100101001000001001001111100110010010001001001110100111001101000,133255839,0,0.100000,1.000000
133261590,77,00000000111110111110001010000010010011111001000100100010010010111011000111100,133255840,0,0.100000,1.000000
133261591,82,1000000010111010111110011100000100101100111111010001001001100100111011011000101101,133254148,0,0.120000,0.600000
133261592,83,11110000000111001110101001011100000100100111110010001001000100100111111011001110111,133255840,0,0.100000,1.000000
133261593,81,100000101010000111110110010100000100100111110010001001000100100111101011100110001,133254148,0,0.160000,0.800000
133261594,84,111000000011100111010100101101000001001001111100100010010001001001111010110011101010,133243651,0,0.100000,0.600000
133261595,88,0111010011000111001010111001011010000010010011111001000100100010010010111101100011010100,133243651,0,0.100000,0.600000
133261596,80,00000000011111011111000010100000100100111110010001001000100100101110110011101001,133243651,0,0.100000,0.600000
133261597,86,10010000010101000010111011011010000010010011111001000100100010010011110101100011000101,133243651,0,0.100000,0.600000
133261598,81,100000001111110111010001001000010010011111001000100100110010111101101100011001101,133255840,0,0.100000,1.000000
133261599,84,110001101001111100111101101001010001001001101100100010010001001001111111010001111010,133255840,0,0.100000,1.000000
133261600,76,0001010101010111110000001000100101100111110010001001001100100110010110001011,133255840,0,0.100000,1.000000
133261601,84,111011000100111110011110010100000000110100111110010001001001100100111011110001111111,133255840,0,0.080000,0.800000
133261602,83,11001000100111110111110010100100000100100110110010001001001100100111011011000111111,133255840,0,0.100000,1.000000
133261603,76,0000101111111111100001011010101001001111100100010010001001001010100100111001,133260440,0,0.040000,0.800000
133261604,77,00000000111110111110001010000010010011111001000100100010010010111011000110100,133263560,0,0.200000,1.000000
133261605,83,11100000001110011101000010110100000100100111110010001001000100100111111011001110101,133260440,0,0.035000,0.700000
133261606,80,00000000011111011111000010100000100100111110010001001000100100101110110011101001,133263560,0,0.200000,1.000000
133261607,86,01100100011011011111110000100100100100100111110010001001000100100101111010000110001111,133255841,0,0.050000,1.000000
133261608,76,0010011101010111001010010110000010011111001000100100110010011111101100011101,133262187,0,0.060000,0.600000
133261609,87,111100000011011011111110000110100100100100111110010001001000100100101111010000110001111,133255843,0,0.200000,1.000000
133261610,75,000100011010111100101000001001000001111100100010010001001001111110110001101,133265289,0,0.035000,0.700000
133261611,84,110101010001110110111110010110100000100100101110010001001001100100111111010000100101,133257450,0,0.100000,1.000000
133261612,83,10111001001110010101011010100100000100100111110010001001000100110111010111000101001,133257450,0,0.100000,1.000000
133261613,86,11100000011011011111110000110100000100100111110010001001000100100101111010000110001011,133257450,0,0.100000,1.000000
133261614,79,0000001011111011010010100000000100100111110010001001000100100111011011000111110,133257450,0,0.100000,1.000000
133261615,86,01100110010001111001011001010010000010010011111001100100100110010011100101100011111110,133257450,0,0.100000,1.000000
133261616,76,0000010101010111110000001000100101100111110010001001001100100110000100001011,133265289,0,0.030000,0.600000
133261617,76,0011001111101111111101001100010010011111001000100110010010011100101000110110,133257450,0,0.100000,1.000000
133261618,84,110101010001110110111110010110100000100100101110010001001001100100111111000000100101,133257450,0,0.100000,1.000000
133261619,83,11001010101111110111110010100100100100100111110010001001001100100111011011000111011,133257450,0,0.100000,1.000000
133261620,75,000100011100111110101000001001001001111100100010010010001001111110110001101,133257450,0,0.100000,1.000000
133261621,85,1110100010001110110111110010110100000100100101110010001001001100100111111000000100101,133265289,0,0.030000,0.600000
133261622,79,0000001011111011010010100000000100100111110010001001000100100111011011000111110,133257450,0,0.100000,1.000000
133261623,77,00000100111110111110000101000010010011111001000100100010010000111011000110100,133257450,0,0.100000,1.000000
133261629,83,10000000000111110011111010000110000100100111110010001001001100100111011110001111001,133243657,0,0.070000,0.700000
133261630,83,10111000001110010101010010100100000100100111110010001001000100110111010111001101001,133243657,0,0.080000,0.800000
133261631,81,100000001111110111110001001000010010011111001000110100110010111101101100011001101,133255843,0,0.040000,0.500000
133261632,82,1000000010100001111101101101000001001001111100100010010001001001111010111001110010,133257451,0,0.040000,1.000000
133261633,81,100000101011000000110110100100000100100111110010001001000000100111101011100100001,133243657,0,0.070000,0.700000
133261635,83,10000000101111101111100111001001001001001101100100010010001001001110110110001011010,133243657,0,0.070000,0.700000
133261636,83,11001000100111110111110010100100000100100110110010001001001100100111011011000111111,133243657,0,0.060000,0.600000
133261637,82,1000001010100101011101101101000001001001111100100010010111001001111010110001101010,133257451,0,0.040000,1.000000
133261638,82,1000001010100101011101101101000001001001111100100010010111001001111010110001101010,133245514,0,0.040000,0.600000
133261639,81,000000101110010101110010110100000100100111110010001001000100100111111011000110000,133257451,0,0.040000,1.000000
133261641,80,00001001000011011111001010010010010010011111001000100100010010011001011100011100,133257451,0,0.040000,1.000000
133261642,83,11001010101111110111110010100100100100100111110010001001001100100111011011000111011,133255843,0,0.040000,0.600000
133261644,82,1000000010111110111110011100000100101100111110010001001001100100111011011000101101,133257451,0,0.040000,1.000000
133261645,77,00000000111110101110001010000010010011111001000100100010010010111011000110100,133257451,0,0.040000,1.000000
133261646,84,100110000001100101010100101001000001101011111100100010010001001001110100111001101001,133257452,0,0.066667,1.000000
133261647,84,010000000101111101111101101001000001001001111100100010010011001001111111011101101011,133263567,0,0.060000,0.600000
133261648,84,111001000100111110111110010100100000100100111110010001001001100100111011011000111111,133263567,0,0.060000,0.600000
133261649,81,110100000010111011111000010010010000100111110010001001000100100110011011000111110,133260451,0,0.060000,0.600000
133261650,84,111001000100111110011110010100100000110100111110010001001001100100111011010001111111,133257452,0,0.066667,1.000000
133261651,75,000100011010111100101000001001000001111100100010010001001001111110110001101,133260451,0,0.050000,0.500000
133261652,83,00100000001111101111110101001000101001001111100110010010011001001110111110001111001,133257452,0,0.066667,1.000000
133261653,75,000100011010111100101000001001000001111100100010010001001001111110110001101,133257452,0,0.066667,1.000000
133261654,87,010101000100011100101011100101101000001001001111100100010010001001001011110110001101010,133257452,0,0.066667,1.000000
133261655,83,11101000100111100001011100101101001101001001111100100010010101001001011110110001010,133257453,0,0.066667,1.000000
133261656,82,1101000100011100111011100101101001001001001111100100010010001001001011110110001010,133257453,0,0.066667,1.000000
133261657,83,11000000001111011101000110010100010101100111110010001001000100100111011001001110101,133257453,0,0.066667,1.000000
133261658,86,11110010001001111101111100101001000001001001111100100010010011001001110110110001111110,133257453,0,0.066667,1.000000
133261659,81,100000101010000111110110010100000100100111110010001001000100100111101011100110001,133254146,0,0.024000,0.600000
133261661,83,10111001001110010101011010100100000100100111110010001001000100110111010111001101001,133257454,0,0.040000,1.000000
133261662,84,110110000011100101010100101001000001001001111101100010010001001001110100111001101000,133257454,0,0.040000,1.000000
133261663,88,0111010011000111001010111001011010000010010011111001000100100010010010111101100111010100,133257454,0,0.040000,1.000000
133261664,80,00000000011111011111000010100000100100111110010001001000100100101110110011101001,133257454,0,0.040000,1.000000
133261665,82,1101000100011100101011100101001001001001001111100100010010001001001011110110001010,133254146,0,0.024000,0.600000
133261666,81,100000001011111011111011010010000000100111110010001001000100100111111101110110101,133254146,0,0.020000,0.500000
133261668,83,11001000100111110111110010100100000100100111110010001001001100110111011011010111111,133257454,0,0.032000,0.800000
133261669,83,11100000111001111011001000001000010010011111001000100100010010010111101111011010000,133249268,0,0.024000,0.600000
133261670,82,1010000001111101111100001001001001001001111100100010010001001001100110110001111110,133249268,0,0.024000,0.600000
133261671,81,100000001111110111010001001000010010011111001000100100110010111101101100011001101,133247266,0,0.030000,0.600000
133261672,82,0100000001010111011111011010010001000100111110010001001000100100011111101110110101,133266892,0,0.066667,0.600000
133261673,85,0111110000011100101010100101001000001001001111100110010010001001001110100111001101000,133249268,0,0.024000,0.600000
133261674,82,1001001000100001011111101101000001001001111100100010010001011001101010111001100011,133257455,0,0.066667,1.000000
133261675,83,11100000111001111011001000001000010010011111001000100100010010010111101111011010000,133249268,0,0.024000,0.600000
133261676,80,00000100111110111110000101000001001001111100000010010001001000011101100011010010,133247266,0,0.025000,0.500000
133261677,87,011101000100011100101011100101101000001001001111100100010010001001001011110110001101010,133257455,0,0.066667,1.000000
133261678,80,00000100111110111110000101000001001001111100100010010001001000011101100011010010,133259016,0,0.100000,1.000000
133261679,81,000000101110010001110010110100000100100111110010001001000100100111111011000110000,133249268,0,0.024000,0.600000
133261680,81,100000101010000111110110110100000100100111110010001001000100100111101011100111001,133249268,0,0.024000,0.600000
133261681,85,0100000000111110011111010100110000100100111110010001001001100100111011111000111100110,133257455,0,0.066667,1.000000
133261682,84,111100000001110011101010010110100000100100111110010001001000100100111111011001110111,133249268,0,0.024000,0.600000
133261683,79,0100100111101111110001010111000010010011111001000100100010010010111100100010101,133249268,0,0.024000,0.600000
133261684,81,100100010010101011111010100100000100100110110010001001001100100101011011000111111,133247266,0,0.030000,0.600000
133261685,84,011000000011110011111100001101001101001001111100100010010001001001011110100001100011,133259016,0,0.080000,0.800000
133261686,85,0111110000011100101010100101001000001001001111100110010010001001001110100111001101000,133257455,0,0.066667,1.000000
133261687,88,0101110000011011011111110000110100100100110111110010001001000100100101101010000110001110,133257455,0,0.066667,1.000000
133261688,75,000100011011111100101000001001000001111100100010010000001001111110110001101,133257457,0,0.050000,1.000000
133261689,83,11010000001111101111100001001001001001001111100100010010001001001100110110001110110,133257457,0,0.050000,1.000000
133261690,82,1001001000100001011111101101000001001001111100100010010001011001101010111001100011,133257457,0,0.050000,1.000000
133261691,82,0100000000111110011111010100110000100100111110010001001001100100111011111000111101,133257457,0,0.050000,1.000000
133261692,82,0100000000111110011111010100110000100100111110010001001001100100111011111000111101,133257457,0,0.050000,1.000000
133261693,82,1001001000100001011111101101000001001001111100100010010001011001101010111001100011,133257457,0,0.050000,1.000000
133261694,84,111100000001110011101010010110100000100100111110110001001000100100111111011001110111,133257457,0,0.050000,1.000000
133261695,83,10100000001110000101110010110100000100100111110010001001000100100101110111010110111,133257457,0,0.050000,1.000000
133261696,85,0111110000011100101010100101001000001001001111100110010010001001001110100111001101000,133257457,0,0.050000,1.000000
133261697,81,010000011110111111010100100000100100111110010001001000100100111011111100111100110,133257457,0,0.050000,1.000000
133261698,80,10000101010000011101101001000000001001110100100010010001101001111000101001100010,133257457,0,0.050000,1.000000
133261699,83,11001000001110011101010010110100000100100111110010001001000100100111111011001110101,133257457,0,0.050000,1.000000
133261700,81,000000101110010001110010110100000100100111110010001001000100100111111011000110000,133257457,0,0.050000,1.000000
133261701,83,10100000001110000101110010110100000100100111110010001001000100100101110111010110111,133257457,0,0.050000,1.000000
133261702,84,110001101001111100111101101001010001001001101100100010110001001001111111010001111010,133237113,0,0.060000,0.600000
133261703,82,1000000010111110111110010100101100100100111110010001001000100100111011011000111001,133257459,0,0.050000,1.000000
133261704,76,0000011110111111101010100100010010011111001000100100110010010111111100011010,133235545,0,0.050000,0.600000
133261705,82,1100001010100001111101100101000001001001111100100010010001001101111010011001100011,133270338,0,0.160000,0.800000
133261706,82,1100001010011101001111011010101000100100110110010001001000000100111111001000111101,133257459,0,0.040000,0.800000
133261707,84,100010000011101110011101010000000010010011111001000100100010010011101110010011110010,133238705,0,0.040000,0.600000
133261708,82,1100001010100001111101100101000001001001111100100010010001001101111010011001100011,133257459,0,0.050000,1.000000
133261709,80,01111001110011111100010001110000100100111110011001001000100100101111011000101111,133238705,0,0.033333,0.600000
133261710,80,01111001110011111100010001110000100100111110011001001000100100101111011000101111,133237113,0,0.070000,0.700000
133261711,83,10100000001110010101110010110000001100100111110010001001000100100101110011010110101,133235545,0,0.050000,0.600000
133261712,79,0000001011111011010010100000100100100111110010001001000100100111011011000111110,133237113,0,0.080000,0.800000
133261713,84,011001010100111110011110010100100000100100111110010001001001100101101011011000111111,133238705,0,0.040000,0.600000
133261714,83,11100010001110011101010010110100000100100111110010001001000100100111111011001110101,133235545,0,0.050000,0.600000
133261715,83,10100000001110000101110010110100000100100111110010001000000100100101110111010110111,133257459,0,0.050000,1.000000
133261716,83,11100000001110011101010010110100000100100111110010001001000100100111111011001110101,133270338,0,0.160000,0.800000
133261717,75,000100011110101100101000001001001001111100100010010001001001111110110001101,133257459,0,0.050000,1.000000
133261718,84,011100000001110011101010010110100000100100111110010001001000100100111111011000100101,133265303,0,0.100000,0.600000
133261719,83,01000010011111110111110010100101100100100111111010001001000100110111011011000111001,133257460,0,0.100000,1.000000
133261720,83,11000000001111011101000110010100010101100111110010001001000100100111011001001110101,133257460,0,0.100000,1.000000
133261721,75,000001111011111110101010010001001001111100100010010011001001011111110001101,133265303,0,0.100000,0.600000
133261722,83,11000000001111011101000110010100010101100111110010001001000100100111011001001110101,133257460,0,0.100000,1.000000
133261723,83,11000000001111011101000110010100010101100111110010001001000100100111011001001110101,133265303,0,0.100000,0.600000
133261724,76,0000101111111111100001011010101001001111100100010010001001001010100100111001,133257460,0,0.100000,1.000000
133261725,87,011101000100011100101011100101101000001001001111100100010010001001001011110110001101010,133257460,0,0.100000,1.000000
133261726,84,111001001110111110011110011100100000100101111110010001001001000100011011111100111111,133257460,0,0.100000,1.000000
133261727,83,11000000001111011101000110010100010101100111110010001001000100100111011001001110101,133257460,0,0.100000,1.000000
133261728,76,0000101111111111100001011010101001001111100100010010001001001010100100111001,133257460,0,0.100000,1.000000
133261729,83,11000000001111011101000110010100010101100111110010001001000100100101011001001110101,133257460,0,0.100000,1.000000
133261730,76,0000010101010111110000001000100101100111110010001001001100100110000100001011,133265303,0,0.100000,0.600000
133261731,76,0000010101010111110000001000100101100111110010001001001100100110000100001011,133257460,0,0.100000,1.000000
133261732,83,11100000001110011101010010110100000100100111110010001001000100100111111011001110101,133257461,0,0.200000,1.000000
133261733,83,11100000001110011101010010110100000100100111110010001001000100100111111011001110101,133257461,0,0.200000,1.000000
133261734,83,11100000001110011101010010110100000100100111110010001001000100100111111011001110101,133257461,0,0.200000,1.000000
133261735,83,11100000001110011101010010110100000100100111110010001001000100100111111011001110101,133257461,0,0.200000,1.000000
133261736,82,1000000011110111101010010110100010100100111110010001001000100100111111001000110101,133257461,0,0.200000,1.000000
133261737,87,101110000011011011111110011110100000100111011110010001001000100100101111010000110000110,133257461,0,0.200000,1.000000
133261738,75,000100011010111100101000001001000001111100100010010001001001111111110000101,133257461,0,0.200000,1.000000
133261739,80,10100010001110010101110010110100100100100111110010001001000100100101110110001010,133257462,0,0.100000,1.000000
133261740,82,1000001000100001111101100101000001001001111100100010010001001001111010111001100011,133257462,0,0.100000,1.000000
133261741,78,001001001111101111100001010000010010011111001000100100010011000110011000110100,133257462,0,0.100000,1.000000
133261742,80,10100010001110010101110010110100100100100111110010001001000100100101110110001010,133257462,0,0.100000,1.000000
133261743,82,0000110000110011101111010100100000100100111100100010010001001001110111110101111001,133257462,0,0.100000,1.000000
133261744,85,0010000000011100111011100100101000001001001111100100010010001001000111110010011101011,133257462,0,0.100000,1.000000
133261745,78,001001001111101111100001010000010010011111001000100100110011000110011000110100,133257462,0,0.080000,0.800000
133261746,82,1100001010011101001111011010101000100100110110010001001000100100111111001000111101,133257462,0,0.100000,1.000000
133261747,82,1100001010011101001111011010101000100100110110010001001000100100111111001000111101,133257462,0,0.100000,1.000000
133261748,86,11110010001001111101111100101001000001001001111100100010010011001001110110110001111110,133247256,0,0.046667,0.700000
133261749,79,0001000011111011111000010100000100100111110010001001000100100101110110001101000,133247256,0,0.053333,0.800000
133261750,82,1000000010111110111110011100000100101100111110010001001001100100111011011000101101,133235544,0,0.100000,0.500000
133261751,83,11101010000111110101010101111010000010010011111001000100100010010010111111100011010,133235544,0,0.100000,0.600000
133261752,83,11100000001110011101010010110100000100100111110010001001000100100111101011001110101,133257463,0,0.100000,1.000000
133261753,79,0000000011111011111000010100000100100111110010001001000100100101110110001101001,133230497,0,0.040000,0.600000
133261754,75,000100011100111110101000001001001001111100100010010010001001111110110001101,133235544,0,0.100000,0.600000
133261755,87,011001000100111110010110010100100000100110111110010001011001100100110011011000111111101,133257463,0,0.100000,1.000000
133261756,82,1000000010111110111110011100000100101100111110010001001001100100111011011000101101,133257463,0,0.100000,1.000000
133261757,85,1110100000001110010101100010110111000100100111110010001001000100100100111011001110101,133247256,0,0.053333,0.800000
133261758,85,1011001000100111110011100010100100000100100111110010001001001100100111011011000111111,133257463,0,0.100000,1.000000
133261759,76,0000010101010111110000001000100101100111110010001001001100100110000110001011,133257464,0,0.033333,1.000000
133261760,76,0000010101010111110000001000100101100111110010001001001100100110000110001011,133257464,0,0.033333,1.000000
133261761,84,111001000100111110011110010100100000100100111110010001001001100100011011111100111111,133238696,0,0.030000,0.600000
133261762,82,1000000001110111101010010110100010100100111110010001001000100100111111001000110101,133238696,0,0.030000,0.600000
133261763,82,1000000001110111101010010110100010100100111110010001001000100100111111001000110101,133257464,0,0.026667,0.800000
133261764,84,111010001000111010101110010110100000110100111110010001001000100100101011011000110101,133257464,0,0.026667,0.800000
133261765,84,111100000001110011101110010110100000100100111110010001001000100100111101011001110101,133257464,0,0.033333,1.000000
133261766,84,111010001000111010101110010110100000110100111110010001001000100100101011011000110101,133238696,0,0.025000,0.500000
133261767,84,111001000100111110011110010100100000100100111110010001001001100100011011111100111111,133257464,0,0.033333,1.000000
133261768,85,1101000000011100001011100101101010001001001111000100010010001001001011110110101101010,133257464,0,0.033333,1.000000
133261769,84,111010001000111001010111001011010000010010011111001000100100010010001101011000110101,133238696,0,0.030000,0.600000
133261770,75,000101011110111100101000001001001001111100100010010000001001111110100001101,133238696,0,0.025000,0.500000
133261771,85,1101000000011100001011100101101010001001001111000100010010001001001011110110101101010,133238696,0,0.025000,0.500000
133261772,75,000101011110111100101000001001001001111100100010010000001001111110100001101,133257464,0,0.033333,1.000000
133261773,84,111010001000111001010111001011010000010010011111001000100100010010001101011000110101,133257464,0,0.033333,1.000000
133261774,85,1101000000011100001011100101101010001001001111000100010010001001001011110110101101010,133257464,0,0.026667,0.800000
133261775,84,111100000001110011101110010110100000100100111110010001001000100100111101011001110101,133257464,0,0.033333,1.000000
133261776,84,110101010001111010101010010110100000100100111110010001001001100100101111001001100101,133257465,0,0.066667,1.000000
133261777,86,10010000000011100111011100100101000001001001111100100010010001001001111110010011101011,133257465,0,0.066667,1.000000
133261778,82,1010000001011101111100001001001001001001111100100010010001001001100110110001111110,133257465,0,0.066667,1.000000
133261779,76,0000011001010111110000100000100100100101100010001001000100100110000110001011,133257465,0,0.066667,1.000000
133261780,84,011001000100111110011110010100100000100100111110010001001001100100111011011000011111,133257465,0,0.066667,1.000000
133261781,76,0000011001010111110000100000100100100101100010001001000100100110000110001011,133257465,0,0.066667,1.000000
133261782,83,01000000010111110111110110100100000100100111110010001001100100110111111101110110101,133257465,0,0.066667,1.000000
133261783,84,011101000100011100101011100101101000010010011111001000100100010010010111001100011010,133259013,0,0.040000,0.600000
133261784,84,101000000011000001011100101101000001001001111100100010010011001001011100110101101011,133257465,0,0.066667,1.000000
133261785,84,110101010001111010101110010110100000100100111110010001001001100100101111001001100101,133257465,0,0.066667,1.000000
133261786,82,1000000010111110111110010100101100100100111110010001001000100100111011011000111001,133257465,0,0.066667,1.000000
133261787,83,10100000001100000101110010110100000100100111110010001001001100100101110011010110101,133259013,0,0.046667,0.700000
133261788,75,000101011110111100101000001001001001111100100010010000001001111110100001101,133257466,0,0.100000,1.000000
133261789,75,000000111111111100001011010101000001111100100010010001001001010101100011001,133257466,0,0.100000,1.000000
133261790,85,1001001001010100001011101101101000001001001111100100010010001001001111010111001100011,133257466,0,0.100000,1.000000
133261791,83,01000010010111110101110011100100100100100111110110001001001100100111011011000111101,133257467,0,0.070000,0.700000
133261792,84,100000010011111001111101000011000010010011111001000100100110010011101110100011110011,133257467,0,0.100000,1.000000
133261793,76,0000000011101111010001011000010010011111001000100100110010011101101100010101,133257467,0,0.100000,1.000000
133261794,84,011001010100111110011110010100100000100100111110010001001001100101101011011000111111,133257467,0,0.100000,1.000000
133261795,76,0000010001010111110000000000110100000111110010001001000100100110000110001011,133257467,0,0.100000,1.000000
133261796,86,11000000011011011111110000110100000100100111110010001001000100100101111010000110001111,133257467,0,0.100000,1.000000
133261797,87,011001000100111110010110010100100000100110111110010001001001100100110011011000111111101,133257467,0,0.100000,1.000000
133261798,83,10100000001110010101110010110100000100100111110010001001000100100101110011010110101,133257467,0,0.100000,1.000000
133261799,79,0000001011111011010010100000000100100111110010001001000100100111011011000111110,133257468,0,0.100000,1.000000
133261800,86,01000000000111110101100010100100100100100111110010001001001000101111010011000111101011,133262191,0,0.100000,0.600000
133261801,82,1000010011110111010100110001100000001001111100100010000011001001010100110101100011,133257468,0,0.080000,0.800000
133261802,83,10100000001110000101110010110100000100100111110010001001000100100101110111010110101,133257468,0,0.100000,1.000000
133261803,86,11100000011011011110110000110100000100100111110010001001000100100101111010000110001111,133257468,0,0.100000,1.000000
133261804,79,0000001011111011010010100000000100100111110010001001000100100111011011000111110,133254155,0,0.053333,0.800000
133261805,79,0000001011111011000010100000000100100111110010001001000100100111011011000111110,133257468,0,0.100000,1.000000
133261806,86,11110010001001111101111100101001000001001001111100100010010011001001110110110001111110,133240472,0,0.046667,0.700000
133261807,83,10100000001110000101110010110100000100100111110010001001000100100101110111010110101,133254155,0,0.053333,0.800000
133261808,86,11100000011011011110110000110100000100100111110010001001000100100101111010000110001111,133254155,0,0.053333,0.800000
133261809,79,0100100111101111110001000111000010010011111001000100111010010010111101100010101,133247273,0,0.040000,0.600000
133261810,86,01000000000111110101100010100100100100100111110010001001001000101111010011000111101011,133240472,0,0.040000,0.600000
133261811,79,0000001011111011010010100000000100100111110010001001000100100111011011000111110,133247273,0,0.053333,0.800000
133261812,86,01100110010001111001011001010010000010010011111001100100100110010011100101100011111110,133247273,0,0.040000,0.600000
133261813,86,01100110010001111001011001010010000010010011111001100100100110010011100101100011111110,133247273,0,0.040000,0.600000
133261814,86,11110010001001111101111100101001000001001001111100100010010011001001110110110001111110,133257468,0,0.100000,1.000000
133261815,79,0100100111101111110001000111000010010011111001000100111010010010111101100010101,133262191,0,0.100000,0.500000
133261816,79,0000001011111011010010100000000100100111110010001001000100100111011011000111110,133259003,0,0.100000,1.000000
133261817,76,0010011101010111001010010110000010011111001000100100110010011111101100011101,133259003,0,0.100000,1.000000
133261818,83,00100000001111101111110101001000101001001111100110010010011001001110111110001111001,133259003,0,0.100000,1.000000
133261819,83,00100000000111101111110101001000101001011111100110010010011001001110111110001111001,133259003,0,0.100000,1.000000
133261820,83,00010100000111001010101001011011000010010011111001001100100000010010111000000110101,133259003,0,0.100000,1.000000
133261821,84,110010001001111101111100101001000001001001111100100010010011001001110110110001111111,133259003,0,0.100000,1.000000
133261822,86,10010000010101000010111011011010000010010011111001000100100010010011110101100011000101,133259003,0,0.100000,1.000000
133261823,84,110011001000111100101100101001000001001101111100110010010011001001100101100011111110,133259003,0,0.100000,1.000000
133261824,84,111001000100111110111110010100100000100100111110010001001001100100111011011000111111,133259003,0,0.100000,1.000000
133261825,81,100000001111110111010001001000010010011111001000100100110010111101101100011001101,133259003,0,0.100000,1.000000
133261826,86,01110100010001110010101110010110100000100100111110010001001000100100101111011000110101,133259003,0,0.100000,1.000000
133261827,86,10100000011011011111110000110100000100100111110010001001000100100101111010010110001111,133259003,0,0.100000,1.000000
133261828,79,0000001011111011010010100000000100100111110010001001000100100111011011000111110,133259003,0,0.100000,1.000000
133261829,73,0010001110011100010100000100100100111110010001011000000100111111011000110,133259003,0,0.100000,1.000000
133261830,84,101110000011100101010100101001000001001001111100100010010001001001110101110011010011,133259003,0,0.100000,1.000000
133261831,82,1000000010111110111110010100101100100100111110010001001000100100111011011000111001,133259003,0,0.100000,1.000000
133261832,83,10100000001110010101110010110100000100100111110010001001000100100101010011010110101,133259003,0,0.100000,1.000000
133261833,82,1000000110111110111110010100101100101100111110010001001000100100111011011000111001,133259003,0,0.100000,1.000000
133261834,84,101110000011100101010100101001000001001001111100100010010001001001110101110011010011,133259003,0,0.100000,1.000000
133261835,82,1000000010111010111110011100000100101100111111010001001001100100111011011000101101,133230497,0,0.033333,0.500000
133261836,82,0100100010011111001111011100100000100100110110010011001001100100011010110001111111,133259004,0,0.100000,1.000000
133261838,75,000100011100111100101000001001001001111100100010010001001001111110110001101,133230497,0,0.040000,0.600000
133261839,85,1101000100011100101011100101101000001001001111100100010010000001001010110110001101011,133235544,0,0.035000,0.700000
133261840,84,111001000110111110011110011100100000100101111110010001001001000100011011111100111101,133259004,0,0.060000,0.600000
133261841,84,110101010001111010101110010110100000100100111110010000001001100100101111001001100101,133235531,0,0.025000,0.500000
133261842,83,10000000000111110011111010000110000100100111110010001000001100100111011110001111001,133259006,0,0.100000,1.000000
133261843,75,000100011011111100101000001001000001111100100010010001001001111110110001101,133259006,0,0.100000,1.000000
133261845,75,000001111011111110101010010001001001111100100010010011001001011111110001001,133259006,0,0.100000,1.000000
133261846,84,011001000100111110011110010100100000100100111110010001001001100100111011011000011111,133268610,0,0.100000,0.700000
133261847,75,000001111011111110101010010001001001111100100010010011001001011111110001001,133259006,0,0.100000,1.000000
133261848,75,000100011011111100101000001001000001111100100010010001001001111110110001101,133259006,0,0.100000,1.000000
133261849,83,10000000101111101111100111001001001001001101100100010010001001001110110110001011010,133268610,0,0.100000,0.700000
133261850,83,01000001010100001001101101101000001001001111100100010010001001001111000101001100010,133247270,0,0.070000,0.700000
133261852,83,11100000001110011101010010110100000100100111110010001001000100100111111011001110101,133259006,0,0.100000,1.000000
133261853,81,100000101010000111110110010100000100100111110010001001000100100111101011100110001,133247270,0,0.070000,0.700000
133261854,75,000001111011111110101010010001001001111100100010010011001001011111110001001,133268607,0,0.120000,0.600000
133261855,81,100000101010000111110110010100000100100111010010001001000100100111101010100110001,133262188,0,0.035000,0.700000
133261856,85,1111100000111001010101001010010010010010011111001000100100010010011101001110011010001,133259007,0,0.200000,1.000000
133261857,83,10100000001110000101010010110100000100100111110010001001000101100101110011010110101,133259007,0,0.200000,1.000000
133261858,83,01100100001110011001010010110100000100000111110110001001000100100111111001001110101,133259007,0,0.200000,1.000000
133261859,83,01100100001110011001010010110100000100000111110110001001000100100111111001001110101,133259007,0,0.200000,1.000000
133261860,83,10100000001110000101010010110100000100100111110010001001000101100101110011010110101,133259007,0,0.200000,1.000000
133261861,84,111000000101111001111100101011001001001001111100100010010001011001100010110000011010,133259007,0,0.200000,1.000000
133261862,82,0100000101011000001110110100100000100100111110010001001000000100111101011000100001,133245503,0,0.040000,0.600000
133261863,85,0000000010010100101011111111100110101001001111100100011010001001001111010111001011011,133259007,0,0.200000,1.000000
133261864,85,0110010001001111101111100101001000001001001111100100000010011001001110110110001111111,133259007,0,0.200000,1.000000
133261865,83,10000001001101000111101100001000001001001101100100010010001001001111110010001111011,133259007,0,0.200000,1.000000
133261866,78,000000101111111111100001011010001001001111100100010010001001001010100100011001,133259008,0,0.100000,1.000000
133261867,76,0000100010100111100101001001001001001111100100010010000001001111110110001101,133255830,0,0.033333,0.500000
133261868,84,111000011111011110110010000110100100100111110010001001000100100101111011010110110000,133259008,0,0.100000,1.000000
133261869,77,00000000111110110100101000000001001001111001000100100010010011001101100011111,133259008,0,0.100000,1.000000
133261870,83,00000000000111101111101100001000001011001011100100010010001001001111111011101111010,133259008,0,0.100000,1.000000
133261871,78,000000101111111111100001011010001001001111100100010010001001001010100100011001,133255830,0,0.040000,0.600000
133261872,75,000101011110111100101000001001001001111100100010010001001001111110100001101,133259008,0,0.100000,1.000000
133261873,86,11001000001011100001111101101101000001001001111000110010010000001001111010111000100011,133259008,0,0.100000,1.000000
133261874,82,1001001000100001011111101101000001001001111100100010010001011001101010111001100011,133259008,0,0.100000,1.000000
133261875,82,1000000001110111101010010110100010100100111110010001001000100100111111001000110101,133262193,0,0.120000,0.600000
133261876,82,1000000001110111101010010110100010100100111110010001001000100100111111001000110101,133259008,0,0.100000,1.000000
133261877,81,101000000011100111000100011010000010010011111001000100100010010011110100100111010,133259008,0,0.100000,1.000000
133261878,82,1110000011110111101100100000100001001011111100100010010001001001011110110001101000,133262193,0,0.100000,0.500000
133261879,75,000101011110111100101000001001001001111100100010010001001001111110100001101,133262193,0,0.120000,0.600000
133261880,84,111000011111011110110010000110100100100111110010001001000100100101111011010110110000,133259008,0,0.100000,1.000000
133261881,82,0110000001111011111110000110100100100100111110010001001000100100100111010000110001,133259008,0,0.100000,1.000000
133261882,82,0110000001111011111110000110100100100100111110010001001000100100100111010000110001,133262193,0,0.120000,0.600000
133261883,84,111000011111011110110010000110100100100111110010001001000100100101111011010110110000,133259008,0,0.100000,1.000000
133261884,88,1101110000011001011111110000110100101100110111110010001001000100100101101010000110001110,133259008,0,0.100000,1.000000
133261885,83,00000000000111101111101100001000001011001011100100010010001001001111111011101111010,133259008,0,0.100000,1.000000
133261886,79,0000000011111011111000010100000100100111110010001001000100100101110110001101001,133262193,0,0.120000,0.600000
133261887,75,000001111011111110101010010001001001111100100010010011001001011111110001001,133225402,0,0.046667,0.600000
133261888,87,011101000100011100101011100101101100011001001111100100010010001001001011110110001101010,133225409,0,0.025000,0.500000
133261889,87,011101000100011100101011100101101100011001001111100100010010001001001011110110001101010,133259009,0,0.040000,1.000000
133261890,75,000101011110111100101000001001001001111100100010010000001001111110100001111,133259009,0,0.040000,1.000000
133261891,75,000101011110111100101000001001001001111100100010010000001001111110100001111,133259009,0,0.040000,1.000000
133261892,75,000101011110111100101000001001001001111100100010010000001001111110100001111,133259009,0,0.040000,1.000000
133261893,83,10100000001110010101110010110100000100100111110010001001000100101101110011010110101,133259010,0,0.040000,1.000000
133261894,83,00000000000111101111101100001000001011001011100100010010001001001111111011101111010,133237123,0,0.046667,0.700000
133261895,82,1000000010111110111110011100000100100100111110010001001001100100111011011000101101,133259010,0,0.040000,1.000000
133261896,77,00000000111110111110001010000010010011111001000100100010010010111011000110100,133259010,0,0.040000,1.000000
133261897,86,01000000000101110101100010100100100100100111110010001001001100101111010011000111101011,133259010,0,0.040000,1.000000
133261898,85,0000000000010100101011111111100110001001001111100100010010001001001111010110001011011,133259011,0,0.066667,1.000000
133261899,83,01001000100111110111110010100100000100100111110010001001001100100111011011000111011,133243647,0,0.040000,0.600000
133261900,85,1101000100011100101011100101101000001001001111100100010010000001001010110110001101011,133259011,0,0.066667,1.000000
133261901,76,0000010101010111110000001000100101100111110010001001001100100110000110001011,133259011,0,0.066667,1.000000
133261902,76,0000101111111111100001011010101001001111100100010010001001001010100100111001,133260446,0,0.066667,0.500000
133261903,84,110110000011100101010100101001010001001001111101100010010001001001110100111001101000,133259011,0,0.066667,1.000000
133261904,81,100001001111011101110010010110000100100111110010001001000100100101011011010110101,133259011,0,0.066667,1.000000
133261905,85,1101000100011100101011100101101000001001001111100100010010000001001010110110001101011,133260446,0,0.066667,0.600000
133261906,76,0000010101010111110000001000100101100111110010001001001100100110000110001011,133259011,0,0.066667,1.000000
133261907,75,000100011000111100101000001001000001111100100010010001001001111110110000101,133260446,0,0.066667,0.600000
133261908,75,000100011000111100101000001001000001111100100010010001001001111110110000101,133243647,0,0.033333,0.500000
133261909,82,1010101000111001010101001011010010000100111110010001001000100100011101001000110101,133260446,0,0.066667,0.500000
133261910,84,110110000011100101010100101001010001001001111101100010010001001001110100111001101000,133260446,0,0.066667,0.500000
133261911,83,01000010010111110111110110100100000100100111110010001001000100100111111101110110101,133259011,0,0.066667,1.000000
133261912,85,0000000000010100101011111111100110001001001111100100010010001001001101010110001011011,133259011,0,0.053333,0.800000
133261913,85,0000000000010100101011111111100110001001001111100100010010001001001111010110001011011,133259011,0,0.066667,1.000000
133261914,81,100001001111011101110010010110000100100111110010001001000100100101011011010110101,133243647,0,0.033333,0.500000
133261915,83,01001000100111110111110010100100000100100111110010001001001100100111011011000111011,133259011,0,0.066667,1.000000
133261916,83,01000010010111110111110110100100000100100111110010001001000000100111111101110110101,133260446,0,0.053333,0.600000
133261917,85,1101000100011100101011100101101000001001001111100100010010000001001010110110001101011,133243647,0,0.033333,0.500000
133261918,76,0000101111111111100001011010101001001111100100010010001001001010100100111001,133243647,0,0.040000,0.600000
133261919,82,1010101000111001010101001011010010000101111110010001001100100100011101001000110101,133259011,0,0.046667,0.700000
133261920,84,111010001000111010101110110110100000100100111110010001001000100100101011011000110101,133240463,0,0.060000,0.600000
133261921,76,0000101111111111100001011010001001001111100100010010001001001010100100011001,133259014,0,0.200000,1.000000
133261922,83,01000010011110111011100100001100000001001111100100010000011001001010100110101100011,133259014,0,0.200000,1.000000
133261923,76,0100100011110111100101000001001001001111100110010010001000001111110110001101,133259014,0,0.200000,1.000000
133261924,83,01100100001110011001010010110100000100000111110110001001000100100111111001001110101,133259014,0,0.200000,1.000000
133261925,83,01000010011110111011100100001100000001001111100100010000011001001010100110101100011,133259014,0,0.200000,1.000000
133261926,88,0111010001000111001010111001011010000010010011111001000100100010010010111101100011010100,133259014,0,0.200000,1.000000
133261927,77,00000000111110111110001010000010010011111101000100110010010010111011000110100,133235542,0,0.033333,0.500000
133261928,79,1000000011111101110100010010001100100111110010001101001100101110110110001100110,133259015,0,0.200000,1.000000
133261929,81,100001001111011101110010010110000100100111110010001001000100100101011011010110101,133235542,0,0.040000,0.600000
133261930,88,0101110000011011011111110000111100100100110111110010001001000100100101101010000110001110,133259015,0,0.200000,1.000000
133261931,83,11100000001110011101010010110100000100100111110010001001000100100111111011001110101,133235542,0,0.040000,0.600000
133261932,83,11001000100111110111110010100100000100100110110010001001001100100111011011000101111,133235542,0,0.046667,0.700000
133261933,76,0000100011110111100101000001001001001111100110010010001000001111110110001101,133259015,0,0.200000,1.000000
133261934,75,000101011110111100101000001001001001111100100010010001001001111110100001101,133259016,0,0.100000,1.000000
133261935,79,0000010011110111110001001111000010010010111001000100100010010010111101100010111,133257455,0,0.046667,0.700000
133261936,82,1101001100011100101011100101101001001011001111100100010010001001001011110110001010,133259016,0,0.100000,1.000000
133261937,80,01000010101000011111011001010000010010011111001000100100001011011110101110011000,133259016,0,0.100000,1.000000
133261938,77,00000000111110111110001010000010010011111001000100100010010010111011000111100,133247252,0,0.053333,0.500000
133261939,81,000000101110010101110010110100000100100111110010001001000100100111111011000110000,133257455,0,0.053333,0.800000
133261940,80,01000010101000011111011001010000010010011111001000100100001011011110101110011000,133266892,0,0.040000,0.600000
133261941,86,11001000001010110001011101101101000001001001111100000010010101001001111010111001100011,133259016,0,0.100000,1.000000
133261942,85,0110101010001110010101010010110100000100100111110010001011000100100011101001100110101,133266892,0,0.046667,0.700000
133261943,82,0010110000111001010101001011010010010010011111001000100100000010010111010000110101,133259016,0,0.100000,1.000000
133261944,76,0000010101010111110000001000100101100111110010001001001100100110000110001011,133257455,0,0.040000,0.600000
133261945,75,000100011010111100101001001001000001111100100010010001001001111110110000101,133259016,0,0.100000,1.000000
133261946,79,0000000110101011100101001011001001001111100100010010011001001111110110001111111,133259016,0,0.100000,1.000000
133261947,79,0000000110101011100101001011001001001111100100010010011001001111110110001111111,133266892,0,0.046667,0.700000
133261948,75,000100011010111100101001001001000001111100100010010001001001111110110000101,133266892,0,0.046667,0.700000
133261949,81,000000101110010101110010110100000100100111110010001001000100100111111011000110000,133259016,0,0.100000,1.000000
133261950,82,1000001010110000011101101101000001001001111100100010010101001001111010111001000011,133259016,0,0.100000,1.000000
133261951,83,10100000001110010101110010110100000100100111110010101001000100100101110011010110101,133245504,0,0.033333,0.500000
133261952,84,111100000001110011101010010110100000100100111110010001001000100100111111011001110111,133259018,0,0.100000,1.000000
133261953,75,000100011010111100101000001001000001111100100010010001001001111110110001101,133249271,0,0.100000,0.600000
133261954,75,000100011010111100101000001001000001111100100010010001001001111110110001101,133249271,0,0.100000,0.600000
133261955,77,10010001101110111001100010110100100111110010001001001100100111111011001111111,133260438,0,0.100000,1.000000
133261956,81,100000001111110111110001001000010010011111001000110100110010111101101100011001101,133260438,0,0.100000,1.000000
133261957,86,11110010001001111101111100101001000001001001111100100010010011001001110110110001111110,133260438,0,0.100000,1.000000
133261958,85,0010000010011100111011100100101000001001001110100100010010001001001111110010011101011,133260438,0,0.100000,1.000000
133261959,79,0000001011111011010010100000000100100111110010001001000100100111011011000111110,133260438,0,0.100000,1.000000
133261960,81,100000101010000111110110010100000100100111110010001001000100100111101011100110001,133260438,0,0.100000,1.000000
133261961,82,1000000010111110111110010100101100100100111110010001001000100100111011011000111001,133260438,0,0.100000,1.000000
133261962,80,00000000011111011111000010100000100100111110010001001000100100101110110011101001,133260438,0,0.100000,1.000000
133261963,84,010000000011101001111101010011000010010011111001000100100110010011101111100011110011,133260438,0,0.100000,1.000000
133261964,86,11100000011011011111110000110100000100100111110010001001000100100101111010010110001111,133260438,0,0.100000,1.000000
133261965,77,10010001101110111001100010110100100111110010001001001100100111111011001111111,133260438,0,0.100000,1.000000
133261966,85,1111001000100111110111110110100100000100100111110010001001001100100111011011000111111,133260439,0,0.066667,1.000000
133261967,82,0100000000111010111110000010100000100100111110010001001000100000111110110000001101,133260439,0,0.066667,1.000000
133261968,76,0010001001110111001100010010100100111110010001001001100100111111011000101111,133228738,0,0.066667,0.700000
133261969,83,11100000001110011101010010110100000100100111110011001001000100100111111011001110101,133228738,0,0.066667,0.600000
133261970,81,000000011110111111010100100000100100111110010001001000100100111011111000111100110,133260439,0,0.066667,1.000000
133261971,81,001000000111110111110000100100100100101111110010001001000100100110011011000111111,133260439,0,0.066667,1.000000
133261972,76,0011001111101111111101001100010010011111001000100110010010011100101000110110,133228738,0,0.066667,0.600000
133261973,76,0000101111111111100001011010101001001111100100010010001001001010100100111001,133243661,0,0.066667,0.600000
133261974,77,00100011011101110011000101101001001111100100010010011001001111110110001111110,133260439,0,0.066667,1.000000
133261975,82,1000001010100001101101100101000001001001111100100010010001000001111010111001100011,133260439,0,0.066667,1.000000
133261976,79,0000000011111011010010100000000100100111110010001001000100100111011011000111110,133260439,0,0.066667,1.000000
133261977,83,10000010101000010111011011010000010010011111001000100100010010011110101111011000101,133260439,0,0.066667,1.000000
133261978,83,11100000001110011101010010110100000100100111110010001001000100100111111011001110101,133260439,0,0.066667,1.000000
133261979,81,000000011110111111010100100000100100111110010001001000100100111011111000111100110,133228738,0,0.066667,0.700000
133261980,83,11001001100111110011110010100100010100100111010010001001001100100111011011100111111,133260439,0,0.066667,1.000000
133261981,84,100010000001001110011101010000000010010011111001000100100010010011101110010011110010,133260439,0,0.066667,1.000000
133261982,82,1000000001110111101010010110100010100100111110010001001000100100111111001000110101,133243661,0,0.066667,0.600000
133261983,81,000000011110111111010100100000100100111110010001001000100100111011111000111100111,133245501,0,0.025000,0.500000
133261984,84,110110000011100101010100101001000001001001111101100010010001001001110100111001101000,133260440,0,0.050000,1.000000
133261985,75,000100011000111100101000001001000001111100100010010001001001111110110000101,133245501,0,0.030000,0.600000
133261986,77,00000000111110111110001010000010010011111101000100110010010010111011000110100,133260440,0,0.050000,1.000000
133261987,83,10111000001111010101010010100100000100100111110010001001000100100111010111001101001,133260440,0,0.050000,1.000000
133261988,84,011001010100111110011110010100100000100100111110010001001001100101101011011000111111,133260441,0,0.050000,1.000000
133261989,78,001100011010101010010100001100100100111110011001001001100100111101011000111111,133268604,0,0.035000,0.700000
133261990,84,111010001000111010101110110110100000100100111110010001001000100100101011011000110101,133235531,0,0.025000,0.500000
133261991,81,100000001011111011110110100100000100100111110010001001000100100111111101110110101,133235531,0,0.025000,0.500000
133261992,79,0000010011110111110001001111000010010010111001000100100010010010111101100010111,133260441,0,0.050000,1.000000
133261993,81,100000001011111011110110100100000100100111110010001001000100100111111101110110101,133260441,0,0.050000,1.000000
133261994,86,10010000010101000010111011011010000010010011111001000100100010010011110101100011000111,133268604,0,0.050000,1.000000
133261995,75,000100011100101101101000001001001001111100100010010000001001111110110001101,133235531,0,0.030000,0.600000
133261996,79,0000010011110111110001001111000010010010111001000100100010010010111101100010111,133235531,0,0.025000,0.500000
133261997,84,111001000100111110111110010100100000100110111110010001001001100100111011011000111111,133260441,0,0.050000,1.000000
133261998,80,10100010001110010101110010110100100100100111110010001001000100100101110110001010,133260442,0,0.100000,1.000000
133261999,83,01000000010111110111110110100100000100100111110010001001000100100111111101110110101,133260442,0,0.100000,1.000000
133262001,88,0101110000011011011111110000110100100100110111110010001001000100100101101010000111001110,133260442,0,0.100000,1.000000
133262003,82,1000000010111110111110010100101100100100111110010001001000100100111011011000111001,133260442,0,0.100000,1.000000
133262004,82,1110000011110111101100100000100001001011111100100010010001001001011110110101101000,133260442,0,0.100000,1.000000
133262005,84,001001010100111110011110010100100000100100111110010001001001100101101011011000111111,133260442,0,0.100000,1.000000
133262006,82,1000000010111110111110010100101100100100111110010001001000100100111011011000111001,133260442,0,0.100000,1.000000
133262007,84,110110000011100101010100101001000001001001111101100010010001001001110100111001101000,133260442,0,0.100000,1.000000
133262008,86,00010000000011100111011100100101000001001001111100100010010001001001111110010011101011,133260452,0,0.060000,0.600000
133262009,75,000001111011111110101010010001001001111100100010010010001001011111110001001,133260443,0,0.200000,1.000000
133262010,82,0100000101010000111110110110100000100100111110010001001010100100111101011100110001,133270350,0,0.100000,0.500000
133262011,81,100000101010000111110110010100000100100111110010001001000100100111101011100110001,133266891,0,0.080000,0.500000
133262012,81,100000101010000111110110010100000100100111110010001001000100100111101011100110001,133260443,0,0.200000,1.000000
133262013,81,100000101010000111110110010100000100100111110010001001000100100111101011100110001,133238709,0,0.200000,0.500000
133262014,84,111000000101111001111100111001001001001000111100100010110101001001100110110000011010,133241964,0,0.200000,0.600000
133262015,75,000100011100111110101000001001001001111100100010010010001001111110110001101,133251033,0,0.060000,0.600000
133262016,76,0000001001010111110000100000100100100111110010001001000100100110000110001011,133249261,0,0.120000,0.600000
133262017,83,10111000001110010101010010100100000100100111110010001001000100100101010111001101001,133249261,0,0.120000,0.600000
133262018,82,1101000100011100101011100101001001001001001111100100010010001001001011110110001010,133238709,0,0.200000,0.500000
133262019,77,00001011111111111000010110101010010011111001000100100010010010101001001110010,133241964,0,0.200000,0.800000
133262020,82,1000000001110011101010010110100010100100111110010001001000000100111111001001110101,133260452,0,0.060000,0.600000
133262021,83,10100000001110010101110010110100000100100111110010101001000100100101110011010110101,133260446,0,0.033333,0.500000
133262022,76,0000000011101111110101011000010010011111101000100100110010011101101100011101,133260444,0,0.200000,1.000000
133262023,83,01000001010100101011101101101000001001001110100100010010011001001111010110001100010,133260452,0,0.060000,0.600000
133262025,83,10000000101011101111101101011001001001001111100100010010001001001110110100001111110,133260444,0,0.200000,1.000000
133262026,75,000100011011111100101000001001000001111100100010010001001001111110110001101,133260452,0,0.060000,0.600000
133262027,83,11100000010011110001110101100100000100100110110010001000000100100111111001000111101,133260444,0,0.200000,1.000000
133262029,82,1010000001011101111100001001001001001001111100100010010001001001100110110001111110,133238705,0,0.066667,0.600000
133262030,84,011001000100111110011110010100100000100100111110010001001001100100111011011000111111,133238705,0,0.040000,0.600000
133262031,84,110101010001111010101110010110100000100100111110010001001001100100101111001001100101,133257459,0,0.035000,0.700000
133262032,85,1001000001010110001011101101101000001001001111100100010010001001000111010111001100011,133257459,0,0.040000,0.800000
133262033,76,0001000111001111001010000010010010011111001000100100000010011111101100011011,133238705,0,0.066667,0.700000
133262034,84,110101010001111010101110010110100000100100111110010001001001100100101111001001100101,133257459,0,0.035000,0.700000
133262035,81,110100000011101011111000010010010000100111110110001001000100100100011011000111110,133238705,0,0.066667,0.500000
133262036,80,10100010001110010101110010100100111001001111100100010010001001001011110110001010,133257459,0,0.040000,0.800000
133262037,85,1110100000001110010101110010110011000100100111110010001001000100100100111011001110101,133257459,0,0.040000,0.800000
133262038,83,11101010000011100101010101011010000010010011111001000100100010010010111101100011010,133257459,0,0.040000,0.800000
133262039,76,0001000111001111001010000010010010011111001000100100000010011111101100011011,133260445,0,0.066667,1.000000
133262040,80,01101001110011111100010001110000101100111110011001001000100100101111011000101111,133238705,0,0.066667,0.500000
133262041,85,1100010001001111100110101101001000001001001101100100010010011011001110100110001111111,133260445,0,0.066667,1.000000
133262042,83,11101010000011100101010101011010000010010011111001000100100010010010111101100011010,133238705,0,0.066667,0.600000
133262043,83,00010100000111001010101001011011000010010011111001001100100000010010111000000110101,133257459,0,0.030000,0.600000
133262044,83,01000010010111110111110110100100000100100111110010001001000100100111111101110110101,133259011,0,0.066667,0.800000
133262045,83,01000010010111100111110010100101100100100111110010001001000100110111011011000111001,133263571,0,0.100000,0.500000
133262046,83,11001000100111110011110110100100000100100111110011001001000100100111010110001111111,133260446,0,0.066667,1.000000
133262048,83,11001000100111110111110010100000000100100100110010001001001100100111011011000111111,133263571,0,0.100000,0.500000
133262050,86,10100000011011011111110000110100000100100111110010001001000100100101011010010110001111,133260446,0,0.066667,1.000000
133262052,82,0000000111101111110101001000001001001111100100010010001001001010111110001111001101,133260447,0,0.200000,1.000000
133262053,75,000101010110111100101000001001001001111100100010010001001001111110100001101,133260447,0,0.200000,1.000000
133262054,76,0000010101010111110000001000100101100111110010001001001100100110000110001011,133260447,0,0.200000,1.000000
133262055,76,0000010101010111110000001000100101100111110010001001001100100110000110001011,133260447,0,0.200000,1.000000
133262056,80,00000000011111011111000010100000100100111110010001001000100100101110110011101001,133260447,0,0.200000,1.000000
133262057,82,1000001010100001111101101101000001001001111100100010010001001001111010111001110010,133260447,0,0.200000,1.000000
133262058,84,111001000110111110011110011100100000100101111110010001001001000100011011111100111111,133260447,0,0.200000,1.000000
133262059,85,1001000001010110001011101101101000001001001111100000010010101001001111010111001100011,133260447,0,0.200000,1.000000
133262060,84,111100000001110011101010010110100000100100111110010001001000100100111111011001110101,133260447,0,0.200000,1.000000
133262061,84,111110000011100101010100101001001001001001111100100010010001001001110100111001101000,133260447,0,0.200000,1.000000
133262062,80,00000000111110111110100101010001001001111100100010010001001001011101100011010011,133260447,0,0.200000,1.000000
133262063,80,00000000011111011111000010100000100100111110010001001000100100101110110011101001,133260447,0,0.200000,1.000000
133262064,79,0100100111100111110001010111000010010011101001000100101010010010111101100010111,133260448,0,0.066667,1.000000
133262065,83,10100000001110011101010000110100000100100111110010001001000100100111101001001110101,133260448,0,0.066667,1.000000
133262066,84,110101010001110110101110010110100000100100101110010001001001100100111111000000100101,133260448,0,0.066667,1.000000
133262067,87,010101100100011100101011100101101000001001001111100100010010001001001011110110001101010,133260448,0,0.066667,1.000000
133262068,79,0100100111100111110001010111000010010011101001000100101010010010111101100010111,133260448,0,0.066667,1.000000
133262069,85,1101000000011100001011100101101010001001001111000100010010001001001011110110101101010,133260448,0,0.066667,1.000000
133262070,82,0000000000111001000111000011010100010010011111001000100100110011011111010100110101,133260448,0,0.066667,1.000000
133262071,86,10010000010101000011111011011010000010010011111001000100100010010011110101110011000110,133260448,0,0.066667,1.000000
133262072,81,110100000010111011111000010010010000100111110010001001000100100110011011000111110,133260448,0,0.066667,1.000000
133262073,78,000001011111111111000010110100010010011111001000100100010010010101001000110011,133260448,0,0.066667,1.000000
133262074,76,0010011101010111001010010110000010011111001000100100110010011111101100111101,133260448,0,0.066667,1.000000
133262075,86,10010000010101000011111011011010000010010011111001000100100010010011110101110011000110,133260448,0,0.066667,1.000000
133262076,82,0110010001001111100111100101001000001001001111100100010010011001011101101100011111,133260448,0,0.066667,1.000000
133262077,84,011000000011110011111100001101001101001001111100100010010001001001011110100001100011,133260448,0,0.066667,1.000000
133262078,83,11010000001111101111100001001001001001001111100100010010001001001100110110001110110,133260448,0,0.066667,1.000000
133262079,79,0100100111100111110001010111000010010011101001000100101010010010111101100010111,133260448,0,0.066667,1.000000
133262080,85,1101000000011100001011100101101010001001001111000100010010001001001011110110101101010,133260448,0,0.066667,1.000000
133262081,85,0000000000010100101011111111100110001001001111100100010010001001001111010110001011011,133260448,0,0.066667,1.000000
133262082,82,1000001010100001101101100101000001001001111100100010010001000001111010111001100011,133260449,0,0.200000,1.000000
133262083,86,10010000010101000010111011011010000010010011111001000100100010010011110101100011000101,133260449,0,0.200000,1.000000
133262084,83,01000000001110101111100000101000001001001111100100010010001000001111101100000010011,133252601,0,0.033333,0.500000
133262085,84,011100000001110011101100010110100000100100111110011001001000100100111111001001010101,133252601,0,0.040000,0.600000
133262086,82,1010000001111101111100001001001001101001111100100010010001001001100110110001111110,133260449,0,0.200000,1.000000
133262087,80,00000000011111011111000010100000100100111110010001001000100100101110110011101001,133252601,0,0.040000,0.600000
133262088,80,00000000011111011111000010100000100100111110010001001000100100101110110011101001,133260449,0,0.200000,1.000000
133262089,78,000100011010101110010100101100100100111110010011001001100100111101011000111111,133257466,0,0.050000,0.500000
133262090,82,1101000100011100101011100101001001001001001111100100010010001001001001110110001010,133260449,0,0.200000,1.000000
133262092,76,0010001101110111001100010110100100111110010001001001100100111111011000111111,133260450,0,0.100000,1.000000
133262093,75,000100011100111100101000001001001001111100100010010001001001111110110001101,133260450,0,0.100000,1.000000
133262095,80,00000000111110111110100101010001001001111100100010010001001001011001100011010011,133260450,0,0.100000,1.000000
133262096,83,11101010000111100101010101011010000010010011011001000100100010010010111111100011010,133260450,0,0.100000,1.000000
133262097,84,111000000011100111010100101101000001001001111100100010010001001001111110110011101010,133260450,0,0.100000,1.000000
133262098,86,11100000011011011111110000110100000100100111110010001001000100100101111010010110001111,133260450,0,0.100000,1.000000
133262099,77,00000010101010111110000001000100101100111110010001001001100100110000110000011,133263567,0,0.060000,0.600000
133262100,83,11001001100111110011110010100100010100100111010010001001001100100111011011100111111,133260451,0,0.100000,1.000000
133262101,75,000100011010111100101000001001000001111100100010010001001001111110110001101,133260451,0,0.100000,1.000000
133262102,82,1000000001110111101010010110100010100100111110010001001000100100111110001000110101,133260451,0,0.100000,1.000000
133262103,85,0011000000001111001101000110110100010000100111110010001001000100100111111001001110101,133263567,0,0.060000,0.600000
133262104,82,0100010100111101111110001000111000010010011111001000100100010010010111101100010111,133260451,0,0.100000,1.000000
133262105,81,000000011110111111010100100000100100111110010001001000100100110011111000111100110,133260451,0,0.100000,1.000000
133262106,85,0011000000001111001101000110110100010000100111110010001001000100100111111001001110101,133260451,0,0.100000,1.000000
133262107,83,11001000100111110111110010100100000100100110110010001001001100100111011011000101111,133260452,0,0.100000,1.000000
133262108,85,0001100000001110011001110010110100010100100111110110001001100100110111111001001110101,133260452,0,0.100000,1.000000
133262111,83,11001000100111110111110010100100000100100111110010001001001100100111011011010111111,133260452,0,0.100000,1.000000
133262112,84,110101010001110110101110010110100000100100111110010001001001100100111111000000100101,133260452,0,0.100000,1.000000
133262115,83,01000000010101110111100010101100100100100111110010011001000100100111011011000111101,133260446,0,0.033333,0.500000
133262117,82,0100000000111010111110000010100000100100111110010001001000100000111110110000101001,133260452,0,0.100000,1.000000
133262118,83,10000000101111101111100111001001001001001101100100010010001001001110110110001011010,133260446,0,0.040000,0.600000
133262122,83,10000000101011101111100101011001001001001111100100010010001001001110110100001111110,133260452,0,0.100000,1.000000
133262123,81,011110011100111110000100011100001001001111100110010010001001001011110110001011110,133260452,0,0.100000,1.000000
133262124,83,10000000001110000101110000110001000100100111110010001001001100110111110101001101011,133260452,0,0.100000,1.000000
133262125,80,01111001110011111100010001110000100100111110011001001000100100101111011000101111,133260453,0,0.100000,1.000000
133262126,83,11101010000111100101010101011010000010010011011001000100100010010010111111100011010,133260453,0,0.100000,1.000000
133262127,86,01000000000111110101100010100100100100100111110010001001001000101111010011000111101011,133262191,0,0.040000,0.600000
133262128,80,01111001110011111100010001110000100100111110011001001000100100101111011000101111,133260453,0,0.100000,1.000000
133262129,85,1100010001001111100110101101001000001001001101100100010010011011001110100110001111111,133263574,0,0.060000,0.600000
133262130,84,000000000011111001111111010011000010010011111001000100100110010011101111100011110011,133263574,0,0.046667,0.600000
133262131,83,10111000001110010101010010100100000100100111110010001001000100100101010111001101001,133249264,0,0.053333,0.800000
133262132,83,10111000001111010101010010100100000100100111110010001001000100100111010111001101001,133262191,0,0.053333,0.600000
133262133,76,0000010101010111110000001000100101100111110010001001001100100110000110001011,133260453,0,0.100000,1.000000
133262134,79,0100100111101111110001000111000010010011111001000100111010010010111101101010101,133260453,0,0.100000,1.000000
133262135,82,0110000001111011111110000110100100100100111110010001001000100100100111010000110001,133263574,0,0.050000,0.500000
133262136,84,000000000011111001111111010011000010010011111001000100100110010011101111100011110011,133249264,0,0.046667,0.700000
133262137,76,0000010101010111110000001000100101100111110010001001001100100110000110001011,133249264,0,0.040000,0.600000
133262138,84,001001010100111110011110010100100000100100111110010001001001100101101011011000111111,133260453,0,0.100000,1.000000
133262139,86,11110010001001111101111100101001000001001001111100100010010011001001110110110001111110,133260453,0,0.100000,1.000000
133262140,76,0000010101010111110000001000100101100111110010001001001100100110000110001011,133260453,0,0.100000,1.000000
133262141,83,01000010010111110111110010100100100100100111110110001001001100100111011011000111101,133260454,0,0.066667,1.000000
133262142,83,10000000101111101111100111001001001001001101100100010010001001001110110110001011010,133260454,0,0.066667,1.000000
133262143,76,0000010101010111110000001000100101100111110010001001001100100110000110001011,133260454,0,0.066667,1.000000
133262144,84,011010001000111001010111001011010010010010011111001000100100010010010111101100010100,133260454,0,0.066667,1.000000
133262145,76,0000010101010111110000001000100101100111110010001001001100100110000110001011,133260454,0,0.066667,1.000000
133262146,83,10000000101111101111000111001001001001001101100100010010001001001111110110001011010,133222213,0,0.046667,0.600000
133262147,84,011101000100011100101011100101101000010010011111001000100100010010010111001100011010,133260454,0,0.066667,1.000000
133262148,83,11100000001110011101010010110100000100100111110000001001000100100111111011001110111,133222213,0,0.066667,0.500000
133262149,86,11100000011011011111110000110100000100100111110010001001000100100101111010010110001111,133260454,0,0.066667,1.000000
133262150,83,10000000000111110011111010000110000100100111110010001001001100100111010110001111001,133260454,0,0.066667,1.000000
133262151,84,011001000100111110111110010100100000100100111110010001001001100100111011011000111111,133260454,0,0.066667,1.000000
133262152,82,0010110000111001010101001011010010010010011111001000100100000010010111010000110101,133260454,0,0.066667,1.000000
133262153,81,000000001110111111010100100000100100111110010001001000100100111011111000111100111,133260454,0,0.053333,0.800000
133262154,83,00010100000111001010101001011011001010010011111001000100100000010010111000000110101,133260454,0,0.053333,0.800000
133262155,83,10000000000111110011111010000110000100100111110010001001001100100111011110001111001,133260454,0,0.066667,1.000000
133262156,85,1001000001010110001011101101101000001001001111100100010010001001000111010111001100011,133222213,0,0.066667,0.500000
133262157,85,1001000001010110001011101101101000001001001111100100010010001001000111010111001100011,133222213,0,0.066667,0.500000
133262158,80,00000000011100101010100000101010010010011111001000100100110011011111010100110100,133260454,0,0.066667,1.000000
133262159,79,0000001011111011010010101000000100100111110010001001000100100111011011000111110,133222213,0,0.066667,0.600000
133262160,82,1000001010110000011101101101000001001001111100100010010001001001111010111001001011,133222213,0,0.066667,0.600000
133262161,82,1101000100011100101011100101001001001001001111100100010010001001001011110110001010,133222213,0,0.066667,0.600000
133262162,82,1000000010111110111110010100101100100101111110010001001000100100111011011000111001,133260454,0,0.066667,0.600000
133262163,83,11100000001110011101010010110100000100100111110000001001000100100111111011001110111,133260454,0,0.066667,1.000000
133262164,76,0001000110111101001010000010010000011111001000100100010010011111101100011011,133260454,0,0.066667,1.000000
133262165,86,11100000011011011110110000110100000100100111110010001001000100100101111010000110001111,133243650,0,0.040000,0.600000
133262166,76,0000000011101111010001011000010000011111001000100100110010011101101100011101,133260455,0,0.066667,1.000000
133262167,83,00000110011110111111110100000000100100110110010001001000100100111011111000111100110,133249259,0,0.033333,0.500000
133262168,83,10100010001110010101110010110100000100100111110010001001000100100101110011010100101,133243650,0,0.040000,0.600000
133262169,76,0000000011101111010001011000010000011111001000100100110010011101101100011101,133249259,0,0.033333,0.500000
133262170,83,11001000100111110111110010000100000100100110110010001001001100100111011011000111111,133243650,0,0.046667,0.700000
133262171,87,011101000100011100101011100101101000001001001111100100010010011000001011010110001101010,133260455,0,0.066667,1.000000
133262172,76,0000101111111111100001010010001001001111100100010010001001001010100100011001,133260455,0,0.066667,1.000000
133262173,86,10100000000111110011111010100110000100100111110010001001001100100111011111000111100110,133249259,0,0.040000,0.600000
133262174,76,0000000011101111010001011000010000011111001000100100110010011101101100011101,133260455,0,0.066667,1.000000
133262175,83,10100000001110010101110010110100000100100111110010001001000100100101110011000110101,133243650,0,0.040000,0.600000
133262176,83,11101000000011100101011100101101110001001001111100100000110001001101001110110011010,133249259,0,0.026667,0.400000
133262202,83,11100000001110011101010010110100000100100111110010001001000100100111111011001110101,133263557,0,0.024000,0.600000
133262203,86,11100000011011011111110000110100100100100111110010001001000100100101111010000110001111,133243661,0,0.025000,0.500000
133262207,83,10100000001110010101110010110100000100100111110010001001100100100101110011010110101,133263557,0,0.020000,0.500000
133262212,86,11100000011011011111110000110100000100100111110010001001000100100101111010010110001111,133263558,0,0.120000,0.600000
133262213,84,101110000011100101010100101001000001001001111100100010010001001001110101110011010011,133263558,0,0.120000,0.600000
133262215,80,00000000011111011111000010100000100100111110010001001000100100101110110001101001,133263558,0,0.120000,0.600000
133262221,81,100001001111011101110010010110000100100111110010001001000100100101011011010110101,133260452,0,0.060000,0.600000
133262222,81,100001001111011101110010010110000100100111110010001001000100100101011011010110101,133260452,0,0.060000,0.600000
133262225,83,10000000000111110011111010000110000100100111110010001001001100100111011110001111001,133260452,0,0.060000,0.600000
133262242,82,1110000011100111111100100000100001001001111100100010010001001001011110110101101000,133222210,0,0.100000,1.000000
133262243,82,0010110000111101010101001011110010010010011111001000100100000010010111010000110101,133262196,0,0.120000,0.600000
133262244,80,00000000011111011111000010100000100100111110010001001000100100101110110011101001,133222210,0,0.100000,1.000000
133262245,77,00000000111110111110001010000010010011111001000100100010010010111011000111100,133262196,0,0.100000,0.500000
133262248,84,011000000001111011101000110110100010101100111110010001001000100101111111001001110101,133245508,0,0.025000,0.500000
133262249,82,1000000010111110111110010100101100100101111110010001001000100100111011011000111001,133249269,0,0.035000,0.700000
133262250,82,1000000001110111101010010110100010100100111110010001001000100100111111001100110101,133222213,0,0.053333,0.800000
133262251,84,011001010100111110011110010100100000100100111110010001001001100101101011011000111111,133260454,0,0.066667,0.600000
133262252,78,000100111010101110010100101101100100111110011001001001100100111111011000011111,133260454,0,0.066667,0.500000
133262253,82,1000001110100001111101100101000001001001111100100010010001001001111010111001100011,133222213,0,0.066667,1.000000
133262254,84,111001000100111110011110010100000000100100111110011001001001100100101011011000111111,133222213,0,0.066667,1.000000
133262257,79,0000000110101011100101001011001001001111100100010010011001001111110110001111111,133245495,0,0.020000,0.700000
133262259,75,000100011000111100101000001001000001111100100010010001001001111110110000101,133228737,0,0.024000,0.600000
133262261,83,10100000001110011101010000110110000100100111111010001001000100100111101000001110101,133247271,0,0.016667,0.500000
133262262,80,00000100111110111110000101000001001001111100100010010001001000011101100011010010,133223823,0,0.066667,1.000000
133262263,84,000000000011111001111101010011000010011011111001000100100110010011101111010011110011,133263561,0,0.020000,0.500000
133262264,82,1000000010101110111100010101100100100100111110010011001000101100111010011000111101,133223823,0,0.066667,1.000000
133262265,79,0000010101000011111010010100000000100111110010001001000100100111101011100110001,133223823,0,0.066667,1.000000
133262266,82,1010000001111101111100001001001001101001111100100010010001001001100110110001111110,133223823,0,0.066667,1.000000
133262267,82,1010000001111101111100001001001001101001111100100010010001001001100110110001111110,133263575,0,0.028000,0.700000
133262268,83,11100000001110011101010010110100000100100111110010001001000100100111111011001110101,133225402,0,0.053333,0.600000
133262269,78,000000000111011110100010110000100100111110010000001001100100111011011000101011,133223829,0,0.050000,1.000000
133262270,76,0000001001010111110000100000100100100111110010001001000100100110000110001011,133247254,0,0.040000,0.800000
133262271,83,11001001100111110011110010100100010100100111010010001001001100100111011011100111111,133223829,0,0.050000,1.000000
133262272,87,011001100100011110010110010100100000100100111110011001001001110100111001011000111111110,133223829,0,0.050000,1.000000
133262273,82,1100000001110011101010010110100000100100111110010001000000100001111110010010100011,133225394,0,0.060000,0.600000
133262274,80,01000010101000011111011001010000010010011111001000100100001011011110101110011000,133251032,0,0.100000,0.500000
133262275,83,10100000001100000101110010110100000100100111110010001001001100100101110011010110101,133255838,0,0.030000,0.600000
133262277,84,011100000001110011101010010110100000100100111110010001001000100100111111011001110101,133225398,0,0.100000,1.000000
133262278,84,111100000001110011101110010110100000100100111110010001001000100100111101011001110101,133225398,0,0.100000,1.000000
133262279,82,1110000011100111111100100000100001001001111100100010010001001001011110110101101000,133262183,0,0.100000,0.500000
133262280,81,100000101010000111110110010101000100100111110010101001000100100111101011100110001,133225398,0,0.100000,1.000000
133262281,81,101111001110011111000010001110000100100111110011001001000100100101111011000101111,133225398,0,0.100000,1.000000
133262282,83,10100000001110010101110010110100000100100111110010001001000100100101110011010110101,133225398,0,0.100000,1.000000
133262283,86,11010100010001110101011100101101000001001001111100100010010001001001010110100001001011,133225398,0,0.100000,1.000000
133262284,83,10100000001110010101110010110100000100100111110010001001000100100101110011000110101,133225398,0,0.100000,1.000000
133262285,83,11101010000011100101010101011010000010010011111001000100100010010010111101100011010,133225398,0,0.100000,1.000000
133262286,80,01111001110011111000010001110000100100111110011001001000100100101111011000101111,133225398,0,0.100000,1.000000
133262287,84,110101010001110110101110010110100000100100111110010001001001110100101011000000100101,133225398,0,0.100000,1.000000
133262288,74,00000011101101010111011000010010011101001000100100110010011101101100011101,133262183,0,0.100000,0.500000
133262289,84,110101010001110110101110010110100000100100111110010001001001110100101111000000100101,133225398,0,0.100000,1.000000
133262290,83,11010000001111101111100001001001001001001111100100010010001001001100110110001110110,133225398,0,0.100000,1.000000
133262291,83,00100000001111101111110101001000101001001111100110010010011001001110111110001111001,133225398,0,0.100000,1.000000
133262297,81,100000101010000111110110110100000100100111110010001001000100100111101011100111001,133225402,0,0.066667,1.000000
133262298,84,111001000100111110111110010100100000100110111110010101001001100100111011011000111111,133232166,0,0.040000,0.600000
133262299,84,000000000001111001111111010011000010010011111001000100100110010011101111100011110011,133225402,0,0.066667,1.000000
133262300,82,0111000001111011110110010000010000100100111110010001001000100100111111111010101001,133225409,0,0.030000,0.600000
133262301,82,1000000010111110111110010100101100100100111110010001001000100100111011011000111001,133225409,0,0.030000,0.600000
133262302,80,10100010001110010101110010110100100100100111110010001001000100100101110110001010,133225402,0,0.066667,1.000000
133262303,75,000001111011111110101010010001001001111100100010010011001001011111110001001,133225409,0,0.030000,0.600000
133262306,84,010000000011101001111101010011000010010011111001000100100110010011101111100011110011,133247253,0,0.120000,0.600000
133262309,80,10000000111101111110101001000001001001111100100010000001001011101111100011110011,133247253,0,0.080000,0.400000
133262311,87,010101000100011100101011100101101000001001001111100100010010001001001011110110001101010,133225409,0,0.050000,1.000000
133262312,83,10000000101011101111101101011001001001001111100100010010001001001110110100001111110,133225409,0,0.050000,1.000000
133262313,75,000100011100111100101000001001001001111100100010010001001001111111110001101,133225409,0,0.050000,1.000000
133262314,83,01101000100101100101011100101101001001001001111100100010010001001001011110110001010,133240467,0,0.030000,0.600000
133262315,84,011101000100011100101011100101101000010010011111001000100100010010010111001100011010,133240467,0,0.030000,0.600000
133262316,83,11000000010111110111110010100101100100100111110010001001000100100111011011000111011,133240467,0,0.030000,0.600000
133262317,79,0100100111101111110001010111000010010011111001000100100010010010111101000010101,133225411,0,0.100000,1.000000
133262318,85,0110000001101101111111000011010010010010011111001000100100010010010111101000011000111,133233888,0,0.100000,0.800000
133262319,86,11100000011011011111110000110100100100100111110010001001000100100101111010000110001111,133243659,0,0.198413,1.000000
133262320,88,0101110000011011011111110000110100110100110111110010001001000100100101101010000110001110,133225411,0,0.100000,1.000000
133262321,85,1101010000011100101010100101111000001001001111100100010010001001001001110110001101011,133243659,0,0.198413,1.000000
133262322,85,0000000010010100101011111111100110101001001111100100011010001001001111010110001011011,133225411,0,0.100000,1.000000
133262323,81,100000101011000000110110110100000100100111110010001001000100100111101011100100001,133233888,0,0.100000,0.800000
133262324,84,111001000100111110111110010100100000100100111110010001001001100100111011011000111111,133225411,0,0.100000,1.000000
133262325,82,1000001110100001111101100101000001001001111100100010010001001001111010111001100011,133243659,0,0.198413,1.000000
133262331,84,001001010100111110011110010100100000100100111110010001001001100101101011011000111111,133240472,0,0.040000,0.600000
133262334,82,0000000111101111110100001000001001001111100100010010001001001010111110001111001101,133228722,0,0.040000,1.000000
133262335,85,1101000100011100101011100101101000001001001111100100010010000001001010110110001101011,133228722,0,0.040000,1.000000
133262336,85,0010000000011100111001100100101000001001001111100100010010001001001111110010011101011,133228722,0,0.040000,1.000000
133262337,85,0011001000100111110011110010100100000100100111110010001001001100100111011011000111111,133228722,0,0.040000,1.000000
133262338,83,11100000001110011101010010110000000100100111111010001001000100100111111011001111101,133245516,0,0.025000,0.500000
133262339,82,1101000100011100101011100101001001001001001111100100010010001001001011110110001010,133228722,0,0.040000,1.000000
133262343,82,1000001010110000011101101101000001001001111100100010010001001001111010110001000011,133249272,0,0.030000,0.600000
133262344,76,0010011101010111001010010110000010011111001000100100110010011111101100011101,133228727,0,0.050000,1.000000
133262345,82,1101000100011100101011100101001001001001001111100100010010001001001011110110001010,133245518,0,0.080000,0.800000
133262346,81,100000101011000001110110100100000100100111110010001001000000100111101011000100001,133252607,0,0.028000,0.700000
133262347,86,01110100010001110010101110010110100000100100111110010001001000100100101101011000110101,133228734,0,0.200000,1.000000
133262348,83,01000000010111110111110110100100000100100111110010001001000100100111111101110110101,133266899,0,0.100000,1.000000
133262349,83,11101010000011100101011100101101110001001001111100100000110001001101001110110011010,133228734,0,0.140000,0.700000
133262350,79,0000100100001101011100101001001001001001111100100010010001001001110101110001110,133228734,0,0.200000,1.000000
133262351,81,101000000011100111000100011010000010010011111001000100100010010011110100100111010,133259019,0,0.050000,0.500000
133262352,81,100100010011111001111011100100000100100110110010001001001100100011010110001111111,133228736,0,0.200000,1.000000
133262353,86,11100000011011011111110000110100000100100111110010001001000100100101111010010110001111,133228736,0,0.200000,1.000000
133262354,82,0100100001010010101110011110110000100100111110010001001000100100101111110000111101,133228737,0,0.040000,1.000000
133262355,84,110101000001111010101010010110100000100100111110010001001000100100101111110000110101,133228737,0,0.040000,1.000000
133262356,77,00100000111110111110001010000010010011111001000100100010010010111011000110100,133255829,0,0.030000,0.600000
133262357,81,100000101010000111110110010100000100100111110010001001000100100111101011100110001,133255829,0,0.030000,0.600000
133262358,82,0100100001010010101110011110110000100100111110010001001000100100101111110000111101,133263563,0,0.070000,0.700000
133262359,82,1000000010111110111110010100101100100100111110010001001000100100111011011000111001,133263557,0,0.024000,0.600000
133262360,84,110101010001111010101110010110100000100100111110010001001001100100101111001001100101,133263557,0,0.024000,0.600000
133262361,84,110101010001110010101010010110100100100100111110010001001000100100011101001000110101,133228738,0,0.050000,1.000000
133262362,83,11001000100111110111110010100000000100100100110010001001001100100111011011000101111,133243661,0,0.030000,0.600000
133262363,83,11100000001110011101010010110100000100100111110010001001000100100111111011001110101,133263557,0,0.024000,0.600000
133262364,84,110101010001110010101010010110100100100100111110010001001000100100011101001000110101,133263557,0,0.020000,0.500000
133262365,80,01111001110011111100010001110000100100111110011001001000100100101111011000101111,133260439,0,0.050000,0.600000
133262366,83,11000000001111011101000110010100010101100111110010001001000100100111011001001110101,133228738,0,0.050000,1.000000
133262367,83,10100000001110010101110010110100000100100111110010001001000100101101110011010110101,133228738,0,0.050000,1.000000
133262368,89,01011100000110110111111100001101001001001101111100100010010001001001011010100001100011100,133228738,0,0.050000,1.000000
133262369,81,100000101010000111110110010100000100100111110010001001000100100111101011100110001,133243661,0,0.025000,0.500000
133262370,83,11100000001110011101010010110100000100100111110010001001000100100111111011001110101,133228738,0,0.050000,1.000000
133262371,87,011101001100011100101011100101101000001001001111100100010010001001001011110110001101010,133228738,0,0.050000,1.000000
133262372,82,0111000001111011110110010000010000100100111110010001001000100100111111111010101001,133228738,0,0.050000,1.000000
133262373,85,1011001000100111110011100010100100000100100111110010001001000100100111011011000111111,133228738,0,0.050000,1.000000
133262374,85,1011001000100111110011100110100100000100100111110010001001001100100111011011000111111,133260439,0,0.050000,0.600000
133262375,83,01100100001110011001010010110100000100000111110110001001000100100111111001001110101,133230482,0,0.050000,1.000000
133262376,87,011001000100111110010110010100100000100110111110010001001001100100110011011000111111101,133262185,0,0.024000,0.600000
133262377,87,011001000100111110010110010100100000100110111110010001001001100100110011011000111111101,133230482,0,0.050000,1.000000
133262378,82,0010110000111001010101101011010010010010011111001000100100000010010111010000110101,133266892,0,0.046667,0.700000
133262379,84,111000001011100111010100101101100001001001111100100010010001001001111110110011101010,133247252,0,0.053333,0.500000
133262380,76,0000000011100111010001011000010010011111001000100100110010011101101100011101,133230485,0,0.100000,1.000000
133262381,76,0001000111001111001010000010010010011111001000100100000010011111101100011011,133230485,0,0.100000,1.000000
133262382,82,1010000001111101111100000001011001001001111100100010010001001001100110110001111110,133230485,0,0.100000,1.000000
133262383,82,1000000010111110111110010100101100100100111110010001001000100100111011011000111001,133265289,0,0.040000,0.800000
133262384,83,11100000001110011101010010110100000100100111110010001001000100100111111011001110101,133252608,0,0.100000,0.600000
133262385,86,01110100010001110010101110010110100000100100111110010001001000100100101101011000110101,133230486,0,0.100000,1.000000
133262386,84,011010000000111001010111001011010010010010011111001000100100010010010111101100010100,133230486,0,0.100000,1.000000
133262387,79,0000000110101011100101001011001001001111100100010010011001001111110110001111111,133230486,0,0.100000,1.000000
133262388,84,110100010001110010101010010110100100100100111110010001001000100100011101001000110101,133230486,0,0.100000,1.000000
133262389,76,0010001101110111001100010110100100111110010001001001100100111111011000111111,133230487,0,0.200000,1.000000
133262390,82,1100000101011000001110110110100000100100111110010001001000100100111101011100100001,133230487,0,0.200000,1.000000
133262391,85,0010000010011100111011100100101000001001001111100100010010001001001111010010011101010,133230488,0,0.160000,0.800000
133262392,83,10000000101011101101100101011001001001001111100100010010001001001110110100001111110,133230492,0,0.033333,1.000000
133262393,83,11101010000111100101010101011010000010010011011001000100100010010010111111101011010,133254156,0,0.024000,0.600000
133262394,84,011001000100111110011110010100100000100100111110010001001001100100111011011000111110,133254156,0,0.028000,0.700000
133262395,83,11100000001110011101010010110100000100100111110010001001000100100111101011001110101,133230497,0,0.066667,1.000000
133262398,84,111100100001110010101110010110111000100100111110010001001000100100101111011000110101,133230497,0,0.066667,1.000000
133262399,84,111100100001110010101110010110111000100100111110010001001000100100101111011000110101,133230497,0,0.066667,1.000000
133262400,82,1110000011100111101100100000100001001001111100100010010001001001011110111101101000,133230497,0,0.066667,1.000000
133262403,83,10000000101011101111100101011001001001001111100100010010001001001110110100001111110,133265291,0,0.120000,0.600000
133262404,83,10100000001110010101110010110100000100100111110010001001000100100101110011010110101,133230500,0,0.066667,1.000000
133262405,87,011001000100111110010110010100100000100110111110010001011001100100110011011000111111101,133230500,0,0.066667,1.000000
133262406,83,10000000001110000101110000110101000100100111110010001001001100110111110101001101011,133265291,0,0.120000,0.600000
133262408,84,011010000000111001010111001011010010010010011111001000100100010010010111101100010100,133265290,0,0.060000,0.600000
133262409,84,111001000100011110011110010100000000100100111110010001001001100100111011110001111111,133265290,0,0.070000,0.700000
133262410,82,1110000011110111101100100000100001001011111100100010010001001001011110110001101000,133232157,0,0.066667,1.000000
133262411,84,111000011111011110110010000110100100100111110010001001000100100101111011010110110000,133232157,0,0.066667,1.000000
133262412,76,0000100010100111100101001001001001001111100100010010000001001111110110001101,133232157,0,0.066667,1.000000
133262413,83,11100000001110011101010010110100000100100111110010001001000100100111111011001110101,133232157,0,0.066667,1.000000
133262414,78,010000101000001111101100101000001001001111100100010010000101101111010111001100,133232161,0,0.066667,1.000000
133262415,84,110101000001110010101010010110100000100100111110010001001000100100101111110000110101,133268590,0,0.040000,0.600000
133262416,83,11101010000111100101010101011010000010010011011001000100100010010010111111100011010,133268590,0,0.040000,0.600000
133262417,84,001001010100111110011110010100100000100100111110010001001001100101101011011000111111,133232161,0,0.066667,1.000000
133262418,81,100000001111011111010100100000100101111110010001001000100100111011111000111100110,133268590,0,0.033333,0.500000
133262419,84,001001010100111110011110010100100000100100111110010001001001100101101011011000111111,133268590,0,0.040000,0.600000
133262421,83,01000000010111110111110110100100000100100111110010001001000100100111111101110110101,133232163,0,0.050000,1.000000
133262424,85,0010000010011100111011100100101000001001001111100100010010001001001111110010011101011,133232166,0,0.066667,1.000000
133262425,82,0111000001111011110110010000010000100100111110010001001000100100111111111010101001,133232166,0,0.066667,1.000000
133262426,81,100000111010000111110110110100000100100111110010001001000100100111101011100111001,133223829,0,0.025000,0.500000
133262427,83,11100000001110011101010010110100000100100111110010001001000100100111111011001110101,133232166,0,0.040000,0.800000
133262428,85,1011001000100111110011100010100100000100100111110010001001001100100111011011000111111,133238702,0,0.060000,0.600000
133262429,77,11000000011101111010001011000010010011111001000100100110010011101101100011101,133238702,0,0.060000,0.600000
133262430,85,1011001000100111110011100010100100000100100111110010001001001110100111011011000111111,133238702,0,0.060000,0.600000
133262431,77,11000000011101111010001011000010010011111001000100100110010011101101100011101,133232168,0,0.100000,1.000000
133262432,85,0000000000010100101011111111100110001001001111100100010010001001001111010110001011011,133232168,0,0.100000,1.000000
133262433,82,1000000001110111101010010110100010100100111110010001001000100100111111001000110101,133232168,0,0.100000,1.000000
133262434,75,000001111011111110101010010001001001111100100010010011001001011111110001001,133232168,0,0.100000,1.000000
133262435,84,110001101001111100111101101001010001001001101100100010110001001001111111010001111010,133232168,0,0.100000,1.000000
133262436,73,0000011110111011101010100100100100111110010001001001100100001111111000110,133259019,0,0.060000,0.500000
133262437,83,00100000001111101111110101001000101001001111100110010010011001001110111110001111001,133232168,0,0.100000,1.000000
133262438,85,0010000010011100111011100100101100001001001111100100010010001001001111110010011101011,133232168,0,0.100000,1.000000
133262439,85,1011001000100111110011100010100100000100100111110010001001001100100111011011000111111,133249271,0,0.060000,0.600000
133262440,81,100000101010000111110110010100000100100111110010001001000100100111101011100110001,133249271,0,0.060000,0.600000
133262441,84,011000000001111011101000110110100010101100111110010001001000100101111111001001110101,133232168,0,0.100000,1.000000
133262442,83,11010000001111101111100001001001001001001111100100010010001001001100110110001110110,133232169,0,0.053333,0.800000
133262443,83,11010000001111101111100001001001001001001111100100010010001001001100110110001110110,133265293,0,0.053333,0.800000
133262444,83,10000001001101000111101100001000001001001101100100010010001001001111110010001111011,133245513,0,0.025000,0.500000
133262445,84,110101010001110110101110010110100000100100111110010001001001100100101111000000100101,133233871,0,0.066667,1.000000
133262446,76,0000010101010111110000001000100101100111110010001001001100100110010110001011,133233871,0,0.066667,1.000000
133262447,79,0000010011110111110001001111000010010010111001000100100010010010111101100010011,133233871,0,0.066667,1.000000
133262448,83,11100000001110011101010010110100000100100111110010001001000100100111111011001110111,133259013,0,0.040000,0.600000
133262449,81,110100000011101011111000010010010000100111110110001001000100100100011011000111110,133233871,0,0.066667,1.000000
133262450,82,1110000011100111101100100000100001001001111100100010000001001001011110111101101000,133233871,0,0.066667,1.000000
133262451,76,0000000011101111010001011000010010011111001000100100110010011101101100111101,133233871,0,0.066667,1.000000
133262452,85,0000000010010100101011111111100110101001001111100100011010001001001111010110001011011,133259013,0,0.040000,0.600000
133262456,83,11101010000111100101010101011010000010010011011001000100100010010010111111100011010,133270344,0,0.070000,0.700000
133262457,82,1010000001111101111100001001001001101001111100100010010001001001100110110001111110,133262180,0,0.060000,0.600000
133262459,86,11110010001001111101111100101001000001001001111100100010010011001001110110110001111110,133263564,0,0.060000,0.600000
133262461,86,01100110010001111001011001010010000010010011111001100100100110010011100101100011111110,133263564,0,0.060000,0.600000
133262467,84,010000000001111101011000101001001001001001111100100010010010001111101001000011110101,133263564,0,0.060000,0.600000
133262471,84,100001101001111100111101101001010001001001101100100010010001001001111111010001111010,133263565,0,0.060000,0.600000
133262476,86,11100000010011011111110000110100100100100111100010001001100100100101111010000110001111,133249267,0,0.050000,0.500000
133262479,85,1100010001001111100110101101001000001001001101100100010010011011001110100110001111111,133270338,0,0.200000,0.600000
133262480,83,10000000101111101111100111001001001001001101100100010010001001001110110110001011010,133233888,0,0.200000,1.000000
133262481,83,10000000101011101111100101011001001001001111100100010010001001001110110100001111110,133233888,0,0.200000,1.000000
133262482,87,101000000001111100111110101001100001001001111100100010010011001001110111110001111001101,133235528,0,0.040000,1.000000
133262483,85,1100000010011010001111011000010000010010011011001000100100010010011111100100011110110,133235528,0,0.040000,1.000000
133262484,83,11010001000111001010111001010010010110010011111001000100100010010010111101100010100,133235528,0,0.040000,1.000000
133262485,84,011000000001111011101000110110100010101100111110010001001000100101111111001001110101,133235528,0,0.040000,1.000000
133262486,84,110101010001110110101110010110100000100100101110010001001001100100111111000000100101,133235528,0,0.040000,1.000000
133262487,75,000001111011111110101010010001001001111100100010010011001001011111110001001,133245507,0,0.040000,0.600000
133262488,84,110101010001110110101110010110100000100100101110010001001101100100111111000000100101,133268598,0,0.040000,0.500000
133262489,87,101000000001111100111110101001100001001001111100100010010011001001110111110001111001101,133235528,0,0.040000,1.000000
133262490,73,0000011110111011101010100100100100111110010001001001100100001111111000110,133235528,0,0.040000,1.000000
133262491,84,101000000011100101011100101101000001001001111100100110010001001001011100110101101010,133235528,0,0.040000,1.000000
133262492,73,0000011110111011101010100100100100111110010001001001100100001111111000110,133235528,0,0.040000,1.000000
133262493,85,1100000010011010001111011000010000010010011011001000100100010010011111100100011110110,133235528,0,0.040000,1.000000
133262494,87,101010000001111100111110101001100001001001111100100010010011001001110111110001111001101,133245507,0,0.040000,0.600000
133262495,84,101000000011100101011100101101000001001001111100100110010001001001011100110101101010,133235528,0,0.040000,1.000000
133262496,84,101000000011100111011100101101000001001001111100100110010001001001011100110101101010,133235528,0,0.032000,0.800000
133262497,84,110101010001110110101110010110100000100100101110010001001101100100111111000000100101,133235528,0,0.040000,1.000000
133262498,81,000000000111001010101000001010100100100111110010001001001100110111110101001101001,133245507,0,0.040000,0.600000
133262499,81,000000000111001010101000001010100100100111110010001001001100110111110101001101001,133268598,0,0.040000,0.600000
133262501,75,000100011011111100101000001001000001111100100010010001001001111110110001101,133235533,0,0.066667,1.000000
133262502,83,11101010000111100101010101011010000010010011011001000100100010010010111111100011010,133240475,0,0.040000,0.600000
133262503,80,00001001000011011111001010010010010010011111001000100100010010011001011100011100,133235533,0,0.066667,1.000000
133262504,76,0011001111101111111101001100010010011111001000100110010010011100101000110110,133235533,0,0.066667,1.000000
133262505,76,0000010101010111110000001000100001100111110010001001001100100110000110001011,133240475,0,0.033333,0.500000
133262506,85,0110010001001111101111100101001000001001001111100100010010011001001110110110001111111,133235534,0,0.200000,1.000000
133262507,84,111010011111011110110010000110100100100111110010001001000000100111111011010110110000,133235534,0,0.200000,1.000000
133262508,82,1000000010111110111110010100101100100100111110010001001000100100111011011000111011,133235534,0,0.200000,1.000000
133262509,78,001100001100111110011100111010100101111110010001001000100100111010011000111111,133240460,0,0.070000,0.700000
133262510,80,00000100111101111110001000111000010010011111001000100100010010010111101100010110,133235537,0,0.100000,1.000000
133262511,84,111001000100111110011110010100100000110100111110010001001001100100111011010001111111,133265295,0,0.046667,0.700000
133262512,84,111001000100111110011110010100100000110100111110010001001001100100110011010001111111,133240460,0,0.070000,0.700000
133262513,83,11001000100111110111110010100100000100100110110010001001001100100111011011000101111,133235537,0,0.100000,1.000000
133262514,82,1000000110111110111110010100101100100100111110010001001000100100111011011000111001,133240460,0,0.100000,1.000000
133262515,82,0100000000111010011111010100110000101001111100100010010011001001110111110001111001,133235537,0,0.100000,1.000000
133262516,79,1000000111101110111001000011000010010011111001001100100010010010101101101011010,133265295,0,0.053333,0.800000
133262517,83,01000010011111110111110010100101100100100111110010001001000100110111011011000111001,133233871,0,0.053333,0.800000
133262518,83,10000010001110000101110000110101000100100111110010001001001100110111110101001101011,133235537,0,0.100000,1.000000
133262519,83,11101000100111100001011100101101001101001001111100100010010001001001011110110001010,133265295,0,0.053333,0.800000
133262520,81,110100000010111011111000010010010000100111110010001001000100100110011011000111110,133265295,0,0.046667,0.700000
133262521,83,11001001100111110011110010100100010100100111010010001001001100100111011011100111111,133235537,0,0.100000,1.000000
133262522,83,11001000100111110111110010100100000100100110110010001001001100100111011011000101111,133235537,0,0.100000,1.000000
133262523,82,1101000100011100101011100101001001001001001111100100010010001001001011110110001010,133265295,0,0.066667,1.000000
133262524,81,110100000010111011111000010010010000100111110010001001000100100110011011000111110,133235537,0,0.100000,1.000000
133262525,86,11110010001001111101111100101001000001001001111100100010010011001001110110110001111110,133235539,0,0.033333,1.000000
133262526,79,0000010011110111110001001111000010010010111001000100100010010010111101100010111,133235539,0,0.033333,1.000000
133262527,83,00000001001010010101111111110011010100100111110010001101000100100111100110001011011,133235539,0,0.033333,1.000000
133262528,80,01101001110011111100010001110000101100111110011001001000100100101111011000101111,133235539,0,0.033333,1.000000
133262529,85,0010000010011100111011100100101000001001001111100100010010001001001111110010011111011,133270339,0,0.100000,0.800000
133262530,83,10010000001110000101110000110001000100100111110010001001001100110111110101001101011,133245493,0,0.140000,0.700000
133262531,83,10100000001110010101110010110100000100100111110010001001000100100101110011010110101,133235541,0,0.100000,1.000000
133262532,86,01000000100011111001111101000011000010010011111001000100100110010011101010100011110011,133259015,0,0.120000,0.600000
133262533,86,01000000100011111001111101000011000010010011111001000100100110010011101110100011110011,133259015,0,0.120000,0.600000
133262534,78,100000101010101111100000010001001011001111100100010010001001001100001100010110,133235542,0,0.066667,1.000000
133262535,81,000000101110010001110010110100000100100111110010001001000100100111111011000110000,133252599,0,0.050000,0.500000
133262536,83,01000010011111110111110010100101100100100111110010001001000100110111011011000111001,133259004,0,0.100000,1.000000
133262537,81,100000001111110111010001001000010010011111001000100100110010111101101100011001101,133259004,0,0.080000,0.800000
133262538,82,1110000011100111111100100000100001001001111100100010010001001001011110110101101000,133235544,0,0.050000,1.000000
133262539,84,110101010001111010101110010110100000100100111110010001001001100100101111001001100101,133257463,0,0.050000,0.700000
133262540,82,1101000100011100101011100101001001001001001111100100010010001001001011110110001010,133238687,0,0.120000,0.600000
133262541,76,0000001001010111110000100000100100100111110010001001000100100110000110001011,133235544,0,0.050000,1.000000
133262542,84,110110000011000101010100101001000001001001111101100010010001001001110100111001101000,133238687,0,0.100000,0.500000
133262543,86,01100110010001111001011001010010000010010011111001100100100110010011100101100011111110,133259004,0,0.070000,0.700000
133262544,83,10000000001110000101110000110101000100100111110010001001001100110111110100001101011,133238687,0,0.120000,0.600000
133262545,85,1011001000100111110011100010100100000100100111110010001001001100100111011011000111111,133235544,0,0.050000,1.000000
133262546,83,00100000001111101111110101001000101001001111100110010010011001001110111110001111001,133238687,0,0.120000,0.600000
133262547,76,0010001101110111001100010110100100111110010001001001100100111111011000111111,133235544,0,0.050000,1.000000
133262548,83,10100000001110010101110010110100000100100111110010001001000100101101110011010110101,133235545,0,0.040000,1.000000
133262549,83,11001000100111110111110010100100000100100110110010001001001100100111011011000101111,133235546,0,0.200000,1.000000
133262550,88,1101110000011011011111110000110100101100110111110010001001000100100101101010000110001110,133235546,0,0.200000,1.000000
133262551,80,00000000011111011111000010100000100100111110010001001000100100101110110011101001,133235546,0,0.200000,1.000000
133262552,82,1010000001111101111100001001001001001001111100100010010001001001100110110001110110,133235547,0,0.100000,1.000000
133262555,83,11100000001110011101010010110100000100100111110010001001000100100111101011001110101,133260446,0,0.033333,0.500000
133262557,84,111011000100111110011110010100000000100100111110010001001001100100111011110001111111,133263571,0,0.120000,0.600000
133262561,77,00000010111011110100010110000100100111110010001001001100100111011011101111011,133260444,0,0.120000,0.600000
133262562,77,00000010111011110100010110000100100111110010001001001100100111011011101111011,133260446,0,0.040000,0.600000
133262564,82,1100001010100001111101100101000001001001111100100010010001001101111010011001100011,133270338,0,0.160000,0.800000
133262565,82,1001001000100001011111101101100001001001111100100010010001011001101010111001100011,133237113,0,0.100000,1.000000
133262566,77,00000101111111111100001011010001001001111100100010010001001001010100100011001,133237113,0,0.100000,1.000000
133262572,78,001001001111101111000001010000010010011111001000100100010010000110011000110100,133268591,0,0.040000,0.600000
133262575,80,00000000011111011111000010100000100100111110010001001000100100101110110001101001,133268591,0,0.040000,0.600000
133262576,82,1001000110111110111110010100101100100100111110010001001000100100111011011000111001,133237119,0,0.040000,1.000000
133262577,82,1000000010111110111110011100000100100100111110010001011001100100011011011000101101,133263566,0,0.033333,0.500000
133262582,83,11100000001110011101010010110100000100100111110010001001000100100111111011001110101,133251044,0,0.060000,0.600000
133262583,75,000100011010111100101000001001000001111100100010010001001001111111110000101,133237121,0,0.100000,1.000000
133262584,72,001011111111110000101101000100100111100100010010001001001010100100011001,133237121,0,0.100000,1.000000
133262585,83,10000000000111110011111010000110000100100111110010001001001100100111011110001111001,133237121,0,0.100000,1.000000
133262587,83,10100000001110010101110010110100000100100111110010001001000100100101110011010110101,133263567,0,0.060000,0.600000
133262588,77,10010001101110111001100010110100100111110010001001001100100111110011001111111,133245509,0,0.046667,0.700000
133262589,85,1000000000010100101011111111100110001001001111100100010010000001011111010110001011011,133252607,0,0.028000,0.700000
133262590,79,0000100100001101011100101001001001001001111100100010010001001001110101110001110,133255828,0,0.040000,0.600000
133262591,80,00000000111110111110100101010001001001111100100010010001001001011101100011010011,133255828,0,0.066667,0.600000
133262592,80,00000000111110111110100101010001001001111100100010010001001001011101100011010011,133252605,0,0.040000,0.800000
133262593,81,110100000010111011111000010010010000100111110010001001000100100110011011000111110,133237123,0,0.033333,0.700000
133262594,77,00000001111101111000010100000100100111110110001001000100100101110110001111001,133237123,0,0.040000,0.800000
133262595,84,111001000100111110011110010100100000110100111110010001001001100100111011010001111111,133255828,0,0.033333,0.500000
133262596,83,10101000001110010101010010100100000100100111110010001001000100100111010111001101001,133237123,0,0.066667,1.000000
133262597,82,1010000011100111111100100000100001001001111100100010010001001001011110110101101000,133238687,0,0.200000,1.000000
133262598,82,1000010011110111011100110001100000001001111100100010000011001001010100110101100011,133235544,0,0.025000,0.500000
133262599,82,1010000011100111111100100000100001001001111100100010010001001001011110110101101000,133265294,0,0.060000,0.600000
133262600,83,10100000001110000101110010110100000100100111110010000001000100100101110011010110101,133265294,0,0.050000,0.500000
133262601,84,111001000100111110011110010100100000010100111110010001001001100100111011010001111111,133265294,0,0.060000,0.600000
133262602,83,11101000100011100101011100101001001001001001111100100010010001001001011110110001010,133238687,0,0.200000,1.000000
133262603,82,1101000100101100101011100101101001001001001111100100010010001001001011110110001010,133257464,0,0.033333,1.000000
133262604,87,011001000100111110010110010100100000100110111110010001011001100000110011011000111111101,133257464,0,0.020000,0.600000
133262605,83,10100000001110011101010000110100000100100111110010001001000100100111101001001110101,133238696,0,0.030000,0.600000
133262606,86,10010000010101000011111011011010000010010011111001000100100010010011110101110011000110,133238696,0,0.050000,1.000000
133262607,81,000000011110111011010100100000100100111110010001001000100100111011111000111100111,133257464,0,0.033333,1.000000
133262611,76,0000011001010111110000100000100100100101100010001001000100100110000110001011,133238699,0,0.100000,1.000000
133262612,84,111100000001110011101010010110100000100100111110010001001000100100111111011001110111,133238699,0,0.100000,1.000000
133262613,75,000101011110111100101000001011001001111100100010010000001001111110100001101,133238700,0,0.066667,1.000000
133262614,84,111001010100111100010110010101100000100100111110010001001000100100111011111000111111,133238702,0,0.100000,1.000000
133262615,86,00110010001001111100111100101001000101001001111100100010000011001001110110110001111101,133232167,0,0.070000,0.700000
133262616,84,111000000011100111010100101101000001001001111100100010010001001001111010110011101010,133238702,0,0.100000,1.000000
133262617,82,1000000010111010111110011100000100101100111111010001001001100100111011011000101101,133232167,0,0.060000,0.600000
133262618,82,1000000001110111101010010110100010100100111110010001001000100100111111001000110101,133238702,0,0.100000,1.000000
133262619,84,001001010100111110011110010100100000100100111110010001001001100101101011011000111111,133238702,0,0.100000,1.000000
133262620,88,0001100000010011011111110000110100100100100011110010001001000101100101111010000110001111,133238702,0,0.100000,1.000000
133262621,80,00000000011100101010100000101010010010011111001001100100110011011111010100110100,133238702,0,0.100000,1.000000
133262622,81,100001001110011101110010010110000100100111110010001001000100100101011011010110101,133232167,0,0.080000,0.800000
133262623,83,11100000001110011101010010110100000100100111110010001001000100100111111011001110101,133238702,0,0.100000,1.000000
133262624,83,11100000001110011101010010110100000100100111110010001001000100100111101011001110101,133232167,0,0.080000,0.800000
133262625,82,1000001010100001011101101001000000001001110100100010010001001001011000101001000010,133232167,0,0.060000,0.600000
133262626,83,11101010000011100101010101011010000010010011111001000100100010010010111101100011010,133238702,0,0.100000,1.000000
133262627,86,11101010000011100101010100101111000001001001111100100010010001001001011110110001101011,133238702,0,0.100000,1.000000
133262628,82,0000000111101111110100001000001001001111100100010010001001001010111110001111001101,133238702,0,0.100000,1.000000
133262629,84,110000001101101111111000011010000010010111110010001001000100100101111010000110001111,133232167,0,0.050000,0.500000
133262630,84,111001000100111110011110010100000000100100111110010001001001100100111011110001111111,133238702,0,0.100000,1.000000
133262631,79,0000000011111011010010100000000100100111110010001001000100100111011011000111110,133238702,0,0.060000,0.600000
133262632,83,11100000001110011101010010110100000100100111110010001001000100100111111011001110111,133238702,0,0.060000,0.600000
133262633,83,11100000001110011101010010110100000100100111110010001001000100100111111011001110101,133232167,0,0.080000,0.800000
133262634,83,11100000001110011101010010110100000100100111110010001001000100100111111011001110101,133238702,0,0.100000,1.000000
133262635,80,11110000111101111011001000001000010010011111001000100100010110011111101101010100,133238705,0,0.040000,1.000000
133262636,86,10010000010101000010111011011010000010010011111001000100100010010011110101100011000101,133263568,0,0.040000,0.600000
133262637,84,100001010100001011101100101000001001001111100100010010001001001111010111001000011111,133238705,0,0.040000,1.000000
133262638,83,10000000101011101111100101011001001001001111100100010010001001001110110100001111110,133252598,0,0.040000,1.000000
133262639,79,1000000011110111110100001000001001001111100100010000001001011101111100111110011,133238706,0,0.040000,1.000000
133262640,86,01000000000111110101100010100100100100100111110010001001001000101111010011000111101011,133238706,0,0.040000,1.000000
133262641,83,11001000100111110111110010100000000100100100110010001001001100100111011011000111111,133238706,0,0.040000,1.000000
133262642,84,110010001001111101111100101000000001001001101100100010010011001001110110110001111110,133251031,0,0.028000,0.700000
133262643,76,0000101111111111100001011010101001001111100100010010001001001010100100111001,133238706,0,0.040000,1.000000
133262646,82,1000000110111110111110010100101100100100111110010001001000100100111011011000111001,133238709,0,0.100000,1.000000
133262647,85,1001000001010110001011101101101000001001001111100000010010101001001111010111001100011,133238709,0,0.100000,1.000000
133262648,85,0011000000001111001101000110110100010000100111110010001001000100100111111001001110101,133260443,0,0.100000,0.800000
133262649,85,0011000000001111001101000110110100010000100111110010001001000100100111111001001110101,133238709,0,0.100000,1.000000
133262650,85,1100010001001111100110101101001000001001001101100100010010011011001110100110001111111,133240459,0,0.100000,1.000000
133262651,84,110000001101011110110000110100000100100111110010001001000100100101111010000110001011,133240459,0,0.100000,1.000000
133262652,84,011001000100111110011110000100100000100100111110010001001001100100111011011000111111,133259013,0,0.046667,0.700000
133262653,83,11100000001110011101010010110100000100100111110010001001000100100111111011001110101,133240460,0,0.100000,1.000000
133262654,83,00000110011110111111110100000000100100110110010001011000100100111011111000111100110,133240461,0,0.050000,1.000000
133262655,84,111001010100111110111110010100100000100100111110010001001001100100111011011000111011,133265294,0,0.060000,0.600000
133262656,80,10000000111101111110100001000001001001111100100010000001001011101111100011110011,133240461,0,0.050000,1.000000
133262657,75,000000111111111100001011010101000001111100100010010001001001010101100011001,133240462,0,0.100000,1.000000
133262658,84,011101000100011100101011100101101000010010011111001000100100010010010111001100011010,133240463,0,0.100000,1.000000
133262659,83,10100000001110010101110010110100000100100111110000001001000100100101110011010110101,133240463,0,0.100000,1.000000
133262660,83,11100000001110011101010010110100000100100111110010001001000100100111111011001110101,133240464,0,0.100000,1.000000
133262661,86,11100000011011011110110000110100000100100111110010101001000100100101111010000110001111,133240464,0,0.100000,1.000000
133262662,75,000100011010111100101000001001000001111100100010010001001001111110110001101,133240464,0,0.100000,1.000000
133262663,76,0010001101110111001100010110100100111110010001001001100100111111011000111111,133240466,0,0.028571,1.000000
133262664,84,011100000001110011101010010110100000100100111110010001001000100100111111011000100101,133254146,0,0.024000,0.600000
133262665,83,10000110011110111111110100010000100100110110010001001000100100111011111000111100110,133240467,0,0.050000,1.000000
133262666,88,0011101000100011100101011100101101000001001001111100100010010001001001011110110001101011,133240467,0,0.050000,1.000000
133262667,85,0100000001011111011111011010010000010010011111001000100100010010011111110111011010111,133240468,0,0.066667,1.000000
133262668,81,000000101110010001110010110100000100100111110010001001000100100111111011000110000,133266896,0,0.066667,1.000000
133262672,84,110011001000111100101100101001000001001101111100110010010011001001100101100011111110,133240472,0,0.066667,1.000000
133262673,83,11101010000111100101010101011010000010010011011001000100100010010010111111100011010,133240472,0,0.066667,1.000000
133262675,79,0000000110101011100101001011001001001111100100010010011001001111110110001111111,133268593,0,0.023333,0.700000
133262676,76,0000100011110111100101000001001001001111100100010010001000001111110110001101,133241963,0,0.035000,0.700000
133262677,81,001000000111110111110000101100100100101111110010001001000100100110011011000111111,133241963,0,0.050000,1.000000
133262678,75,000100011010111100101000001001000001111100100010010001001001111110110001101,133260443,0,0.100000,0.700000
133262679,87,101110000011011011111110011110100100100111011110010001001000100100101111010000110000110,133241965,0,0.066667,1.000000
133262680,79,0000001011111011010010100000000100100111110010001001000100100111011011000111110,133241965,0,0.066667,1.000000
133262684,81,101000000011100101011100101101000001001001111100100100100010010110111001101011010,133263570,0,0.080000,0.400000
133262685,83,11101000100111100001011100101101001101001001111100100010010001001001011110110001010,133263570,0,0.100000,0.500000
133262686,86,11100000011011011111110000110100000100100111110010001001000100100101111010000110001011,133241967,0,0.050000,1.000000
133262687,83,10000000111101111110101001000001001011111100100010010001001001110111110001111001100,133241971,0,0.050000,1.000000
133262688,75,000100011010111000101000001001000001111100100010010001001001111110110001101,133241971,0,0.050000,1.000000
133262689,84,011010000000111001010111001011010010010010011111001000100100010010010111101100010100,133241971,0,0.050000,1.000000
133262690,83,11010000001111101111100001001001001001001111100100010010001001001100110110001110110,133241971,0,0.050000,1.000000
133262691,81,100000001011111011111011010011000000100111110010001001000100100111111101110110101,133241971,0,0.050000,1.000000
133262692,83,11001000100111110111110010100000000100100100110010001001001100100111011011000101111,133241971,0,0.050000,1.000000
133262693,74,00000011101111010101011000010010011101001000100100110010011101101100011101,133241971,0,0.050000,1.000000
133262694,84,011010000000111001010111001011010010010010011111001000100100010010010111101100010100,133241971,0,0.050000,1.000000
133262695,80,10000000111101111110100001000001001001111100100010000001001011101111100011110011,133241971,0,0.050000,1.000000
133262696,86,01000000100011111001111101000011000010010011111001000100100110010011101110100011110011,133241971,0,0.050000,1.000000
133262697,79,1000000011111101110100010010001100100111110010001101001100101110110110001100110,133241971,0,0.050000,1.000000
133262698,80,11100000111001111110010000010000100100111110010001001000101100101110011010110100,133241971,0,0.050000,1.000000
133262699,79,0000000110101011100101001011001001001111100100010010011001001111110110001110111,133241971,0,0.050000,1.000000
133262700,82,1100000001101011111100001101001001001001111100100010010001001001111110100101100011,133241971,0,0.050000,1.000000
133262701,76,0000100011110111100101000001001001001111100101010010001000001111110110001101,133241971,0,0.050000,1.000000
133262702,80,01111001110011101000010001110000100100111110011001001000100100101111011000101011,133241971,0,0.050000,1.000000
133262703,84,111001000100111110011110010100100000100100111110010001001001100100111011011000111111,133262192,0,0.100000,0.600000
133262704,82,1000001010100001001101101101000001001001111100100010010001001001111000101001100010,133241972,0,0.100000,1.000000
133262705,83,11100000001110011100010010110100000100100111110010001001000100100111111011001110101,133241972,0,0.100000,1.000000
133262706,82,1000001010100001001101101101000001001001111100100010010001001001111000101001100010,133262192,0,0.050000,0.500000
133262707,80,01111001110011101000010001110000100100111110011001001000100100101111011000101111,133241972,0,0.100000,1.000000
133262708,81,100000001010000111110110110100000100100111010010001001000000100111101011100111001,133241972,0,0.080000,0.800000
133262709,84,111001000100111110011110010100100000100100111110010001001001100100111011011000111111,133262192,0,0.100000,0.600000
133262710,77,00000000111110111110001010000010010011111001000100100010010010111011000110100,133262192,0,0.050000,0.500000
133262711,83,11100000001110011101010010110100000100100111110010001001000100100111111011001110101,133241972,0,0.100000,1.000000
133262712,77,00000000111110111110001010000010010011111101000100110010010010111011000110100,133241972,0,0.100000,1.000000
133262713,83,10000000000111110011111010000110000100100111110010001001001100100111011110001111001,133241972,0,0.100000,1.000000
133262714,82,1101000100101100101011100101101001001001001111100100010010001001001011110110001010,133241973,0,0.100000,1.000000
133262715,84,011000000011110011111100001101001101001001111100100010010001001001011110100001100011,133241973,0,0.100000,1.000000
133262716,86,01100000011011011111110000110100100100100111110010001001000101100101111010000110001111,133241973,0,0.100000,1.000000
133262717,80,00000000011111011111000010100000100100111110010001001000100100101110110011101001,133241973,0,0.100000,1.000000
133262718,83,10110000001110010101010010100100000100110111110010001001000100100111010111001101001,133241973,0,0.100000,1.000000
133262719,85,1100000101010000101110110110100000101100111110010101001000100100111101011010110001010,133241973,0,0.100000,1.000000
133262720,83,10000000101110101111100111000001001011001111110100010010011001001110110110001011010,133241973,0,0.100000,1.000000
133262721,82,1101000100101100101011100101101001001001001111100100010010001001001011110110001010,133241973,0,0.100000,1.000000
133262722,85,1100000101010000101110110110100000101100111110010101001000100100111101011010110001010,133241973,0,0.100000,1.000000
133262723,83,00100000001111101111110101001000101001001111100110010010011001001110111110001111001,133241975,0,0.066667,1.000000
133262724,80,00000100111110111110000101000001001001111100100010010001001000011101100011010010,133241976,0,0.066667,1.000000
133262725,80,00000000011100101010100000101010010010011111001000100000110011011111010100110100,133243640,0,0.040000,1.000000
133262726,81,100001001111011101110010010110000100100111110010001001000100100101011011010110101,133251031,0,0.024000,0.600000
133262727,84,111110000011100101010100101001001001001001111100100010010001001001110100111001101000,133243640,0,0.040000,1.000000
133262728,77,00010001101010111001010000111010010011111001000100100110010011001011000111111,133243640,0,0.040000,1.000000
133262730,84,111001000100111110111110010100100000100100111110010001001001100100111011011000111111,133243643,0,0.100000,1.000000
133262731,82,1000001000100001111101100101000001001001111100100010010001001001111010111001100011,133243643,0,0.100000,1.000000
133262732,86,01100000011011011101110000110100100100100011110010001001000101100101111010000110001111,133243643,0,0.100000,1.000000
133262733,86,01100000011011011111110000110100100100100011110010001001000101100101111010000110001111,133243643,0,0.100000,1.000000
133262735,86,11001000001011100001111101101101000001001001111000110010010000001001111010111000100011,133243643,0,0.100000,1.000000
133262736,83,10100000001110010101110010110100000100100111110010001001000100100101110011010110101,133243643,0,0.100000,1.000000
133262737,82,1010000010111100111110010100101100100100111110010001001000100100111011011000111001,133243643,0,0.100000,1.000000
133262738,84,110000001101111101111100101001011001001001111100100010010001001001110110110001110011,133243643,0,0.100000,1.000000
133262739,84,110101000001111010101010010110100000100100111110010001001000100100101111110000110101,133243643,0,0.100000,1.000000
133262740,83,11100000001110011101010010110100000100100111110010001001000100100111111011001110111,133243643,0,0.100000,1.000000
133262741,82,1110000011110111101100100000100001001011111100100010010001001001011110110101101000,133243643,0,0.100000,1.000000
133262742,84,011001000100111110011110010100100000100100111110010001001001100100111011011000111111,133243643,0,0.100000,1.000000
133262743,83,01000010010111110111110110100100000100100111110010001001000100100111111101110110101,133243643,0,0.100000,1.000000
133262746,82,1101000100011100101011100101101001001001001111100100010010001001001011110110001010,133243644,0,0.100000,1.000000
133262748,85,1111001000100111110111110110100100000100100111110010001001001100100111011011000111111,133243644,0,0.100000,1.000000
133262749,82,1000000001110111101010010110100010100100111110010001001000100100111111001000110101,133243644,0,0.100000,1.000000
133262751,83,10000000001110000101110000110001000100100111110010001001001100110111110101001101011,133263571,0,0.120000,0.600000
133262752,82,1100001010100001111101100101000001001001111100100010010001001101111010011001100011,133263571,0,0.100000,0.500000
133262754,82,0100000000111010111110000010100000000100111110010001001000100000111110110000101001,133263572,0,0.100000,0.500000
133262755,83,11100000001110011101010010110100000100100111110010001001000100100111111011001110101,133265296,0,0.050000,1.000000
133262758,82,1110000011110111101100100000100001001011111100100010010001001001011010110111101000,133265296,0,0.040000,0.800000
133262759,83,00010100000111001010101001011011000010010011111001000100100000010010111000000110101,133251037,0,0.053333,0.800000
133262760,83,11100000001110011101010010110100000100101111110010001001000100100111111011001110101,133243650,0,0.066667,1.000000
133262761,81,100010100111101111110001000111000010010011111001000100100010010010111101100011111,133255840,0,0.100000,0.800000
133262762,84,000000000011111001111101010011000010010011111001000100100110010011101111100011110011,133265302,0,0.040000,0.600000
133262763,86,11010100010001110101011100101101000001001001111100100010010001001001010110100001101011,133243652,0,0.066667,1.000000
133262764,80,01001001010100001111101000101000011001011111001000100100001010011110101110011000,133243655,0,0.200000,1.000000
133262765,81,100000101010000111110110010100000100100111110010001001000100100111101011100110000,133243655,0,0.200000,1.000000
133262766,80,00000100111110111110000101000001001001111100100010010001001000011101100011010010,133243655,0,0.200000,1.000000
133262767,86,10010000010101000010111011011010000010010011111001000100100010010011110101100011000111,133243655,0,0.200000,1.000000
133262770,83,01000001010100101011101101101000001001001110100100010010011001001111010110001100010,133263574,0,0.050000,0.500000
133262771,83,11101010000011100101010101011010000010010011111001000100100010010010101111100011010,133255843,0,0.024000,0.600000
133262772,78,001100011010101010010100001100100100111110011001001001100100111101011000111111,133243657,0,0.100000,1.000000
133262773,84,111001000110111110011110011100100000100101111110010001001001000100011011111100111111,133243658,0,0.100000,1.000000
133262774,79,0000000011111011111000010100000100100111110010001001000100100101010110001101001,133268596,0,0.200000,1.000000
133262775,74,00001010101011111000000100010010110011111001000100100110011011000011000101,133225411,0,0.060000,0.600000
133262776,79,0000010011110111110001001111000010010010111001000100100010010010111101100010111,133228734,0,0.120000,0.600000
133262777,83,10000100101011101111100101011001001001001111100100010010001001001110110100001111110,133243660,0,0.066667,1.000000
133262778,80,00000100010000011101101001000000001001110100100010010001001001111000101001100010,133266900,0,0.014286,0.500000
133262779,75,000100011010111100101000001001000001111100100010010001001001111110110001101,133243660,0,0.066667,1.000000
133262780,75,000101011110111100101000001001001001111100100010010001001001111110100001101,133245494,0,0.066667,1.000000
133262781,86,10010000010101000010111011011110000010010011111001000100100010010011110101100011000111,133245495,0,0.028571,1.000000
133262782,83,11001000100111110111110010000100000100100110110010001001001100100111011011000111111,133245495,0,0.028571,1.000000
133262783,82,1000000010111110111110011100000100100100111110010001001001100100111011011000101101,133245495,0,0.028571,1.000000
133262784,85,1001000001010100001011000100101000000001001111100100010010001001101111010111001100010,133245495,0,0.028571,1.000000
133262785,80,10000000011111011111000010100000100100111110010001001000100100101010110001001001,133245495,0,0.028571,1.000000
133262786,84,111110000011100101010100101001000001001001111100100010010001000001110100111001101000,133245495,0,0.028571,1.000000
133262787,80,10000001011111011111001110000010010110011111001000100100110010011101101100010110,133245495,0,0.028571,1.000000
133262788,83,11100000111001111011001000001000010010011111001000100100010010010111101111011010000,133245495,0,0.028571,1.000000
133262789,83,10000000001110000101110000110101000100100111110010001001001100110111110101001101011,133245495,0,0.028571,1.000000
133262791,83,10000000001110000101110000110101000100100111110010001001001100110111110101001101011,133245495,0,0.028571,1.000000
133262794,77,00000000111110111110001010000010010011111001000100100010010010111011000110100,133245495,0,0.028571,1.000000
133262797,76,0000000011101111010001011000010010011111001000100100110010011101101100011101,133245496,0,0.200000,1.000000
133262798,85,0010000000011100111011100100101000001001001111100100010010001001001111110010011101011,133245498,0,0.066667,1.000000
133262799,76,0010001101110111001100010110100100111110010001001001100100111111011000111111,133268600,0,0.066667,0.700000
133262800,85,1101000100011100101011100101101000001001001111100100010010000001001010110110001101011,133245499,0,0.050000,1.000000
133262801,83,00000000000111101111101100001000001011001011100100010010001001001111111011101111010,133245501,0,0.050000,1.000000
133262802,76,0000010101010111110000001000100101100111110010001001001100100110000110001011,133262196,0,0.100000,0.500000
133262803,75,000101011110111100101000001001001001111100100010010000001001111110100001101,133262196,0,0.120000,0.600000
133262804,80,01101001110011111100010001110000101100111110011001001000100100101111011000101111,133245501,0,0.050000,1.000000
133262805,76,0001000111001111001010010010010010011111001000100100000010011111101100011011,133260440,0,0.030000,0.600000
133262806,80,01001001010100001111101100101000011001011111001000100100001010011110101110011000,133245501,0,0.050000,1.000000
133262807,75,000101011110111100101000001001001001111100100010010001001001111110100001001,133260440,0,0.035000,0.700000
133262808,88,0101110000011011011111110000110100100100110111110010001001000100100101101010000110001110,133262196,0,0.100000,0.500000
133262809,78,000100100001101111100101001001001001001111100100010010001001001110101110001110,133255839,0,0.060000,0.600000
133262810,83,11001001100111110011110010100100010100100111010010001001001100100111011011100111111,133245501,0,0.050000,1.000000
133262811,83,10111000001111010101010010100100000100100111110010001001000100100111010111001101001,133245502,0,0.200000,1.000000
133262812,83,11010001000111001010111001011010010010110011111001000100100010010010111101100010101,133245502,0,0.200000,1.000000
133262813,84,111001000100111110111110010100100000100110111110010001001001100100111011011000111111,133255839,0,0.066667,0.600000
133262814,81,100000101010000111110110010100000100100111110010101001000100100111101011100110001,133262188,0,0.035000,0.700000
133262818,84,111100000001110001101010010110100000100100111110010001001000100100111101011001110101,133251038,0,0.020000,0.500000
133262819,80,10000000111101111110101001000001001001111100100010000001001011101111100011110011,133245509,0,0.066667,1.000000
133262820,81,100000101010000111110110010100000100100111110010001001000100100111101011100110001,133268600,0,0.046667,0.700000
133262821,85,1000011000010101110111101010011000010010011111001000100100010011011101111101011110010,133245509,0,0.066667,1.000000
133262822,83,11100000001110011101010010110100000100100111110010001001000100100111111011001110101,133245509,0,0.066667,1.000000
133262823,80,00000000011111011111000010100000100100111110010001001000100100101110110011101001,133245511,0,0.050000,1.000000
133262824,85,0000000000010100101011111111100110001001001111100100010010001001001111010110001011011,133245511,0,0.050000,1.000000
133262825,81,100000001011111011111010010010000000100111110010001001000100100111111101110110101,133245511,0,0.050000,1.000000
133262827,84,111000000011100101010100101101000001001001111100100010010001001001111110110011101011,133245513,0,0.050000,1.000000
133262828,76,0000000011101111010001011000010010011111001000100100111010011101101100011101,133268601,0,0.020000,0.500000
133262829,82,1000001001100001111101100101000001001001111100100010010001001001111010111001100011,133245515,0,0.040000,1.000000
133262830,80,01111001110011111100010001110000100100111110011001001000100100101111011000101111,133265299,0,0.050000,0.800000
133262831,76,0000001011101111110101011000010010011111101000100100110000011101111100011101,133232171,0,0.020000,0.500000
133262832,82,0100100001010010101110011110110000100100111110010001001000100100101111110000111101,133265299,0,0.050000,1.000000
133262833,84,111001000100111110011110010100000000100100111110010001001001100100101011011000111111,133245516,0,0.040000,0.600000
133262834,83,01000010011110111011100100001100000001001111100100010000011001001010100110101100011,133245516,0,0.050000,1.000000
133262835,84,110101010001110110101110010110100000100100111110010001001001100100101111000000100101,133245513,0,0.030000,0.600000
133262836,74,00000011101101010101011000010010011101001000100100110010011101101100011101,133245513,0,0.030000,0.600000
133262837,78,000100011010101110010100101110100100111110010011000000100100111111011100111111,133245516,0,0.020000,0.400000
133262838,84,110101010001110010101010010110100100100100111110010001001000100100011101001000110101,133245521,0,0.060000,0.600000
133262839,83,11100000001110011101010010110100000100100111110010001001000100100111111011001110101,133245521,0,0.100000,1.000000
133262840,75,000001111011111110101010010001001001111100100010010011001001011111110001001,133268603,0,0.040000,0.600000
133262842,80,00001001000011011111001010010010010010011111001000100100010010011001011100011100,133247255,0,0.040000,1.000000
133262843,84,110101010001110110101110010110100000100100101110010001001001100100111111000000100101,133247255,0,0.040000,1.000000
133262844,84,110101010001110010101010010110100100100100111110010001001000100100011101001000110101,133268604,0,0.050000,1.000000
133262845,82,0010110000111001010100001011010010010010011111001000100100000010010111010000110101,133260441,0,0.035000,0.700000
133262846,84,110101010001110110101110010110100000100100101110010001001001100100111111000000100101,133247255,0,0.040000,1.000000
133262847,84,110101010001110110101110010110100000100100111110010001001001100100101111000000100101,133247255,0,0.040000,1.000000
133262849,84,111001000100111110011110010100000000100100111110010001001001100100101011011000111111,133270346,0,0.066667,0.700000
133262850,80,00000100111110111110000101000001001001111100100010010001001000011111100011010010,133247256,0,0.066667,1.000000
133262852,81,100000101010000111110110010100000100100111110000001001000100100111101011100110001,133247256,0,0.066667,0.700000
133262853,82,1101000100011100101011100101001001001001001111100100010010001001001011110110001010,133252602,0,0.100000,0.500000
133262855,88,0101110000011011011111010000111100100100110111110010001001000100100101101010000110001110,133247259,0,0.100000,1.000000
133262856,88,0101110000011011011111110000111100100100110111110010001001000100100101101010000110001110,133230488,0,0.140000,0.700000
133262857,76,0000101111111111100001011010101001001111100100010010001001001010100100011001,133240468,0,0.053333,0.800000
133262860,83,11100000001110011101010010100100000100100111110010001001000100100111111011001110101,133265301,0,0.100000,1.000000
133262861,86,10010000010101000010111011011010000010010011111001000100100010010011110101100011000101,133247260,0,0.066667,1.000000
133262862,83,10100000001110000101110010110100010100100111110010001001000100100101110011010110101,133255834,0,0.080000,0.800000
133262863,83,11001000100111110111110010100100000100100110110010001001001100100111001011000101111,133247260,0,0.046667,0.700000
133262864,76,0010011101010111001010010110000010011111001000100100110010011111101100111101,133247262,0,0.050000,1.000000
133262868,83,10000000001110000101110000110101000100100111110010001001001100110111110101001101011,133247264,0,0.100000,1.000000
133262872,87,011100000011011011111110000110100000100100111110010001001000100100101110010000110001111,133247269,0,0.066667,1.000000
133262873,82,1001001000100001011111101101000001001001111100100010010001011001101010111001100011,133247269,0,0.066667,1.000000
133262874,83,11100000001110011101010010110100000100100111110010001001000100100111111011001110101,133247269,0,0.066667,0.800000
133262875,75,000100011100111100101000001001001001111100100010010001001001111110110001101,133247269,0,0.066667,1.000000
133262876,83,10000000000111110011111010000110000100100111110010001001001100100111011110001111001,133247269,0,0.066667,1.000000
133262877,83,11100000101110011101010010110100000100100111110010001001000100100111111011001110101,133270348,0,0.066667,0.800000
133262878,82,1101000100011100101011100101001001001001001111100100010010001001001011110110001010,133232161,0,0.040000,0.600000
133262879,84,110101010001111010101110010110100000100100111110010000001001100100101111001001100101,133270348,0,0.066667,0.600000
133262880,86,00110010001001111100111100101001000101001001111100100010000011001001110110110001111101,133247270,0,0.050000,0.500000
133262881,83,10100000001100010101110010110100000100100111110010001001001100100101110011010110101,133268607,0,0.120000,0.600000
133262882,83,11100000001110011101010010110100000100100111111010001001000100100111111011001110101,133247270,0,0.100000,1.000000
133262883,86,01100110010001111001011001010010000010010011111001100100100111010011100101100011111110,133247271,0,0.033333,1.000000
133262884,81,110000000101001110111001010101000100100111110010001001000100100011111001001100101,133247273,0,0.053333,0.800000
133262885,81,110000000101001110111001010101000100100111110010001001000100100011111001001100101,133251031,0,0.020000,0.500000
133262887,83,01110000001100011000110010110100000100100111110010001001000100100011111001001110101,133249258,0,0.066667,1.000000
133262888,85,0110000001101101111111000011010010010010011111001000100100010010010111101000011000111,133230486,0,0.050000,0.500000
133262889,81,100010001111110111010001001000010010011111001000100100110000111101101100011001101,133249258,0,0.066667,1.000000
133262890,75,000101011110111100101000001001001001111100100010010000001001111110100001101,133230486,0,0.060000,0.600000
133262891,83,11100000001110011101010010110100000100100111111010001001000100100111111011001110101,133249259,0,0.066667,1.000000
133262892,85,0000000000010100101011111111100110001001001111100100010010001001001111010110001011011,133249260,0,0.100000,1.000000
133262893,76,0000010101010111110000001000100101100111110010001001001100100110000110001011,133249260,0,0.100000,1.000000
133262894,84,111001000100111110011110010100100000110100111110010001001001100100111011010001111111,133260443,0,0.120000,0.600000
133262895,84,100000000011100001011100001101010001001001111100100010010011001101111101010011010110,133238709,0,0.140000,0.500000
133262896,84,110000001101011110110000110100000100100111110010001001000100100101111010000110001011,133249261,0,0.200000,1.000000
133262897,80,00100100111101111110001010111000010010011111001000100100010010010111101100010101,133254155,0,0.022857,0.800000
133262900,82,1000000001110111101010010110100010100100111110010001001000100100111111001000110101,133249262,0,0.100000,1.000000
133262901,83,11100000001110011101010010110100100100100111110010001001000100100111111011001110101,133249262,0,0.100000,1.000000
133262902,84,111001000100111110111110010100100000100100111110010001001001100100111011011000111111,133249262,0,0.100000,1.000000
133262903,82,1101001100011100101011100101101001001011001111100100010010001001001011110110001010,133245506,0,0.024000,0.600000
133262904,75,000100011101111100101000001001001001111100100010010000001001111110110001101,133245506,0,0.024000,0.600000
133262905,84,111000000101111001111100101011001001001001111100100010010101011001100010110100011010,133252610,0,0.020000,0.500000
133262906,80,00000000011111011111000010100000100100111110010001001000100100101110110011101001,133252610,0,0.024000,0.600000
133262907,87,011001000100111110010110010100100000100110111110010001011001100100110011011000111111101,133263574,0,0.066667,0.500000
133262908,85,1001000001010110001011101101101000001001001111100000010010101001001111010111101100011,133249264,0,0.066667,1.000000
133262909,87,011101000100011100101011100101101000001001001111100100010010001001001011110110001101010,133263574,0,0.066667,0.500000
133262910,77,00000000111110111110001010000010010011111001000100100010010010111011000111100,133260453,0,0.060000,0.600000
133262911,82,0100010000111110011111010100111000100100111110010001001001100100111011110001111001,133249264,0,0.060000,0.700000
133262912,82,1010000001111101111100001001001001101001111100100010010001001001100110110001111110,133260453,0,0.050000,0.500000
133262913,83,11010000001111101111100001001001001001001111100100010010001001001100110110001110110,133263574,0,0.066667,0.500000
133262914,82,1000001010110000011101101101000001001001111100100010010101001001111010111001000011,133249265,0,0.050000,0.600000
133262915,82,1000001010110000011101101101000001001001111100100010010101001001111010111001000011,133249265,0,0.100000,1.000000
133262917,76,0000000011101111010001011000010010011111001000100100110010011101101100010101,133249267,0,0.100000,1.000000
133262919,76,0000001111101111010001011000010010011111001000100100110010011101101100011101,133249268,0,0.040000,1.000000
133262920,82,1000000001110111101010010110100010100100111110010001001000100100111111001000110101,133249271,0,0.100000,1.000000
133262921,73,0010001110011110010100000100100100111110010001001000000100111111011000110,133232168,0,0.060000,0.600000
133262922,83,11010001000111001010111001010010010110010011111001000100100010010010111101100010100,133259019,0,0.100000,0.500000
133262923,84,111110000011100101010100101001001001001001111100100010010001001001110100111001101000,133249271,0,0.100000,1.000000
133262924,84,101010001000111010101110010110100000100100111110010001001000100100101011011000110101,133232168,0,0.050000,0.500000
133262925,76,0000010101010111110000001000100101100111110010001001001100100110000110001011,133259019,0,0.100000,0.500000
133262926,84,010000000001111101011000101001001001001001111100100010010010001111101001000011110101,133249271,0,0.100000,1.000000
133262927,76,0000101111111111100001011010101001001111100100010010001001001010100100011001,133259019,0,0.050000,0.500000
133262928,83,10111000001110010101010010100100000100100111110010001001000100100111010111001101001,133249271,0,0.100000,1.000000
133262929,84,101000000011100101011100101101000001001001111100100010010001001001011100110101101010,133259019,0,0.050000,0.500000
133262930,76,0000001111101111010001011000010010011111001000100100110010011101101100011101,133251028,0,0.070000,0.700000
133262931,74,00000011101101010101011000010010011101001000100100110010011101101100011101,133266906,0,0.060000,0.600000
133262932,79,0000000011111011111000010100000100100111110010001001000100100101110110001101001,133251028,0,0.080000,0.800000
133262933,79,0000000011111011111000010100000100100111110010001001000100100101110110001101001,133266906,0,0.080000,0.800000
133262934,75,000001111011110110101010010001001001111100100010010010001001011111110001001,133251028,0,0.100000,1.000000
133262935,84,011101000100011100101011100101101000010010011111001000100100010010010111001100011010,133251029,0,0.066667,1.000000
133262936,82,0110000001111011111110000110100100100100111110010001001000100100100111010000110001,133251029,0,0.066667,1.000000
133262937,77,00000000111110111110001010000010010011111001000100100010010010111011000110100,133251029,0,0.066667,1.000000
133262938,82,0010110000111001010101001011010010010010011111001000100100000010010111010000110101,133251029,0,0.066667,1.000000
133262939,82,0000000000111001000111000011010100010010011111001000100100110011011111010100110101,133252607,0,0.028000,0.700000
133262940,73,0010001110011100010100000100100100111110010001011000000100111111011000110,133252607,0,0.024000,0.600000
133262941,82,1000000001110111101010010010100010100100111110010001001000100100111111001000110101,133240472,0,0.040000,0.600000
133262942,81,100000001111110111010001001000010010011111001000100100110010111101101100011001101,133262191,0,0.080000,0.600000
133262943,85,1001001001010100001011101101101000001001001111100100010010001001001111010111001100011,133243640,0,0.032000,0.800000
133262944,83,10100000001110000101110010110100000100100111110010001001000100100101110111010110101,133240472,0,0.040000,0.600000
133262946,81,100000101010000111110110010100000100100111110010001001000100100111101011100110101,133245499,0,0.030000,0.600000
133262947,80,00000000011100101010100000101010010010011111001000100000110011011111010100110100,133241974,0,0.025000,0.500000
133262948,84,110101010001111010101110010110100000100100111110010001001001100100101111001001100101,133241974,0,0.030000,0.600000
133262949,82,1000000010111110111110010100101100100100111110010001011000100100111011011000111001,133251035,0,0.050000,1.000000
133262950,81,100000101010000111110110010100000100100111110010001001000100100111101011100110001,133241974,0,0.030000,0.600000
133262951,83,11001000100111110111110010100100000100100111110010001001001100100111011011010111111,133251036,0,0.066667,1.000000
133262952,78,000000011110111110100001000001001001111100100010000001001011101111100111110011,133263573,0,0.033333,0.500000
133262953,86,11100000011011111111110000110100000110100111110010001001000100100101111010010110001111,133251037,0,0.066667,1.000000
133262954,86,01100110010001111001011001010010000010010011111001100100100110010011100101100011111110,133251037,0,0.066667,1.000000
133262955,84,011001010100111110011110010100100000100100111110010001001001100101101011011000111111,133245493,0,0.140000,0.700000
133262956,82,1000001010100001110101101101000001001001111100101010010001001001111010111001100010,133268597,0,0.020000,0.600000
133262957,82,0000100000111001000111000011010100010010011111001000100100110011011111010100110101,133252610,0,0.024000,0.600000
133262958,84,011001010100111110011110010100100000100100111110010001001001100101101011011000111111,133251040,0,0.200000,1.000000
133262959,83,10000000000111110011111010000110000100100111110010001001001100100111011110001111001,133251042,0,0.200000,1.000000
133262960,83,11100000001110011101010010110100000100100111110010001001000100100111111011001110101,133251042,0,0.200000,1.000000
133262961,78,001100011100111110011100111010100101111110010001001000100100111010011000111111,133251042,0,0.200000,1.000000
133262962,83,11000000010111110111110010100101100100100111110010001001000100100111011011000111011,133251042,0,0.200000,1.000000
133262963,84,101010001000111010101110010110100000100100111110010001001000100100101011011000110101,133251044,0,0.100000,1.000000
133262964,83,11101010000111100101010101011010000010010011011001000100100010010010111111100011010,133251044,0,0.100000,1.000000
133262965,75,000100011010111000101000001001000001111100100010010001001001111110110001101,133251044,0,0.100000,1.000000
133262966,82,1000001000100001111101100101000001001001111100100010010001001001111010111001100011,133251044,0,0.100000,1.000000
133262967,79,0000001011111011010010100000000100100111110010001001000100100111011011000111110,133255834,0,0.070000,0.700000
133262968,85,0000000010010100101011111111100110101001001111100100011010001001001111010110001011011,133255834,0,0.070000,0.700000
133262969,83,11100010001110011101010010110100000100100111110010001001000100100111111011001110101,133252597,0,0.066667,1.000000
133262970,83,00000110011110111111110100000000100100110110010001001000100100111011111000111100110,133252598,0,0.040000,1.000000
133262971,83,10000000101011101111100101011001001001001111100100010010001001001110110100001111110,133252599,0,0.100000,1.000000
133262972,82,0000000111101111110100001000001001001111100100010010001001001010111110001111001101,133235542,0,0.040000,0.600000
133262973,84,011101000100011100101011100101101000010010011111001000100100010010010111001100011010,133252599,0,0.100000,1.000000
133262974,82,0100000000111010111110000010100000100100111110010001001000100000111110110000001001,133260449,0,0.100000,0.500000
133262975,80,00000000111110111110100101010001001001111100100010010001001001011101100011010011,133252601,0,0.066667,1.000000
133262976,84,011001000100111110111110010100100000100100111110010001001001100100111011011000111111,133252601,0,0.066667,1.000000
133262977,82,1110000011100111111100100000100001000011111100100010010001001001011110110101101000,133252601,0,0.066667,1.000000
133262978,83,01000010010111110111110010100100100100100111110110001001001100100111011011000111101,133252602,0,0.200000,1.000000
133262979,83,10000000001110000101110000110101000100100111110010001001001100110111110101001101011,133252602,0,0.200000,1.000000
133262980,83,10100000001110010101110010110100000100100111110010001001000100101101110011010110101,133252603,0,0.100000,1.000000
133262981,77,00000000111110111110001010000010010011111001000100100010010010111011000110100,133252603,0,0.080000,0.800000
133262982,83,10000000101111101111100111001001001001001101100100010010001001001110110110001011010,133255837,0,0.060000,0.600000
133262983,84,110001101001111100111101101001010001001001101100100010010001001001111110010001111010,133255837,0,0.060000,0.600000
133262984,83,00100000001111101111110101001000101001011111100110010010011001001110111110001111001,133252606,0,0.100000,1.000000
133262985,76,0010011101010111001010010110000010011111001000100100110010011111101100011101,133255837,0,0.060000,0.600000
133262986,83,11001001100111110011110010100100010100100111010010001001001100100111011011100111111,133251030,0,0.024000,0.600000
133262987,83,10100000001100000101110010110100000100100111110010001001001100100101110011010110101,133268604,0,0.040000,0.800000
133262988,76,0001000111001111001010000010010010011111001000100100000010011111101100011011,133251038,0,0.024000,0.600000
133262989,84,111001000100101110111110010100100000100100111110010001001001100100111011011000111111,133252611,0,0.066667,1.000000
133262990,83,11100000001110011101010010110100000100100111110010001001000100100111111011001110101,133252612,0,0.200000,1.000000
133262991,79,0100100111101111110001000111000010010011111001000100101010010010111101100010101,133255831,0,0.100000,0.500000
133262992,84,111001000100111110111110010100100000100100111110010001001001100100111011011000111111,133243651,0,0.070000,0.600000
133262993,76,0000000011100111010001011000010010011111001000100100110010011101101100011101,133254150,0,0.100000,1.000000
133262994,81,100001001111011101110010000110000100100111110010001001000100100101011011010110101,133254152,0,0.040000,1.000000
133262995,76,0100100011110111100101000001001001001111100100010010001000001111110110001101,133247273,0,0.028571,0.700000
133262996,87,010101000100011100101011100101101000001001001111100100010010001001001011110110001101010,133243654,0,0.025000,0.500000
133262997,80,01111001110011111100010001110000100100111110011001001000100100101111011000101111,133230486,0,0.100000,0.500000
133262998,80,01111001110011111100010001110000100100111110011001001000100100101111011000101111,133254158,0,0.100000,1.000000
133262999,76,0010001101110111001100010110100100111110010001001001100100111111011000111111,133266898,0,0.060000,0.600000
133263000,82,1101001100011100101011100101101001001011001111100100010010001001001011110110001010,133254159,0,0.100000,1.000000
133263001,76,0010011101010111001010010110000010011111001000100100110010011111101100111101,133255824,0,0.200000,1.000000
133263002,81,000101000001110010101010010110110000100100111100100110010000001001011100000011010,133255824,0,0.000000,0.000000
133263003,81,100000001011111011111011010011000000100111110010001001000100100111111101110110101,133255824,0,0.200000,1.000000
133263004,83,11010000001111101111100001001001001001001111100100010010001001001100110110001110110,133255824,0,0.200000,1.000000
133263005,82,1000001010110000011101101101000001001001111100100010010001001001111010110001000011,133255824,0,0.200000,1.000000
133263006,83,11101010000111110101010101111010000010010011111001000100100010010010111111100011010,133255826,0,0.200000,1.000000
133263007,76,0000101111111111100001011010101001001111100100010010001001001010100100111001,133241975,0,0.030000,0.600000
133263008,83,10000000001110000101110000110001000100100111110010001001001100110111110101001101011,133228737,0,0.024000,0.600000
133263009,86,11100000011011011110110000110100000100100111110010001001000100100101111010000110001111,133255829,0,0.050000,1.000000
133263010,86,01001000001010111001011101101101000001001001111100100010010001001001111010111001100011,133263563,0,0.070000,0.700000
133263012,84,010001100000110010101010000010100000100100111110010001001000100100101111000010101011,133255830,0,0.066667,1.000000
133263013,86,01110100010001110010101110010110100000100100111110010001001001100100101101011000110101,133255830,0,0.066667,1.000000
133263014,83,11001000100111110111110010100100000100110110110010001001001100100011011001000101111,133255830,0,0.066667,1.000000
133263015,86,01110100010001110010101110010110100000100100111110010001001001100100101101011000110101,133262193,0,0.120000,0.600000
133263016,86,01110100010001110010101110010110100000100100111110010001001001100100101101011000110101,133255830,0,0.066667,1.000000
133263017,83,10000000000111110011111010000110000100100111110010001001001100100111011110001111001,133262193,0,0.120000,0.600000
133263018,83,10100000001110010101110010110100000100100111110010001001000100101101110011010110101,133262193,0,0.100000,0.500000
133263019,86,01110100010001110010101110010110100000100100111110010001001001100100101101011000110101,133262193,0,0.120000,0.600000
133263020,83,10100000001110010101110010110100000100100111110010001001000100101101110011010110101,133255830,0,0.066667,1.000000
133263021,83,11001000100111110111110010100100000100100110110010001001001100100011011001000101111,133255830,0,0.066667,1.000000
133263022,82,1000000010101110111100010101100100100100111110010001001000101100111010011000111101,133262193,0,0.100000,0.500000
133263023,84,010001100000110010101010000010100000100100111110010001001000100100101111000010101011,133262193,0,0.120000,0.600000
133263024,83,10000000000111110011111010000110000100100111110010001001001100100111011110001111001,133255830,0,0.066667,1.000000
133263025,79,0000000110101011100101001011001001001111100100010010011001001111110110001111111,133255831,0,0.200000,1.000000
133263026,79,0000000110101011100101001011001001001111100100010010011001001111110110001111111,133255831,0,0.200000,1.000000
133263027,82,0000000011111001111101010011000010010011111001000100100110010011101111100011110011,133255831,0,0.000000,0.000000
133263028,75,000001111011011110101010010001001001111100100010010011001001011111110001101,133245520,0,0.120000,0.600000
133263029,83,11001000100111110111110010000100000100100110110010001001001100100111011011000111111,133262186,0,0.040000,0.600000
133263030,78,010000101000001111101100101000001001001111100100010010000101101111010111001100,133254146,0,0.020000,0.500000
133263031,86,10100000011011011111110000110000000100100111110010001001000100100101011010010110001111,133255836,0,0.100000,1.000000
133263032,86,01001000001010100001111101101101000001001001111100100000010001001001111010110001100011,133255837,0,0.100000,1.000000
133263034,74,00100011100111000101000001001001001111100100010110000001001111110110001101,133265298,0,0.050000,0.500000
133263035,82,1001001000100001011111101101000001001001111100100010010001011001101010111001100011,133255838,0,0.050000,1.000000
133263039,83,11100000001110011101010010110100000100100111100010001001000100100111111011001110101,133245503,0,0.100000,0.500000
133263040,79,0000001011111011010010100000000100100111110010001001000100100111011011000111110,133255839,0,0.100000,1.000000
133263041,84,110001101001111100111101101001010001001001101100100010010001001001111111010001111010,133255840,0,0.100000,1.000000
133263042,84,111001000100111110111110010100100000100100111110010001001001100100111011011000111111,133255840,0,0.100000,1.000000
133263043,83,11001000100111110111110010100000000100100100110010001001001100100111011011000111111,133243651,0,0.100000,0.600000
133263044,79,0000000011111011111000010100000100100111110010001001000100100101110110001101001,133254148,0,0.160000,0.800000
133263046,85,0010000000011100111011100000101000001001001111100100010010001001001111110010011101011,133255843,0,0.200000,1.000000
133263047,77,00000100111110111110000101000010010011111001000100100010010000111011000110100,133257450,0,0.100000,1.000000
133263048,79,0000001011111011010010100000000100100111110010001001000100100111011011000111110,133257450,0,0.100000,1.000000
133263049,79,0000001011111011010010100000000100100111110010001001000100100111011011000111110,133257450,0,0.100000,1.000000
133263050,86,11100000011011011111110000110100000100100111110010001001000100100101111010000110001011,133265289,0,0.040000,0.800000
133263051,83,10111001001110010101011010100100000100100111110010001001000100110111010111000101001,133265289,0,0.040000,0.800000
133263052,82,1000000010100001111101101101000001001001111100100010010001001001111010111001110010,133257451,0,0.040000,1.000000
133263053,76,0010001101110111001100010110100100111110010001001001100100111111011000111111,133257452,0,0.066667,1.000000
133263054,82,0000000111101111110100001000001001001111100100010010001001001010111110001111001101,133257452,0,0.066667,1.000000
133263055,82,1100001010011101001111011010101000100100110110010001001000100100111111001000111101,133257452,0,0.066667,1.000000
133263056,84,111001000100111110011110010100000000100100111110010000001001100100101011011000111111,133260451,0,0.060000,0.600000
133263057,84,111001000100111110011110010100000000100100111110010001001001100100101011001000111111,133257452,0,0.066667,1.000000
133263058,82,1100001010011101001111011010101000100100110110010001001000100100111111001000111101,133257452,0,0.066667,1.000000
133263059,89,01011100000110110111111100001101001001001101111100100010010001001001011010100001100011100,133257452,0,0.066667,1.000000
133263060,82,1100001010011101001111011010101000100100110110010001001000100100111111001000111101,133257452,0,0.066667,1.000000
133263061,76,0010001101110111001100010110100100111110010001001001100100111111011000111111,133263567,0,0.070000,0.700000
133263062,83,01000010010111110111110110100100000100100111110010001001000100100111111101110110101,133260451,0,0.060000,0.600000
133263063,88,0101110000011011011111110000111100100100110111110010001001000100100101101010000110001110,133257452,0,0.066667,1.000000
133263064,84,111001000100111110011110010100000000100100111110010001001001100100101011001000111111,133257452,0,0.066667,1.000000
133263065,82,0100010100111101111110001000111000010010011111001000100100010010010111101100010111,133257452,0,0.066667,1.000000
133263068,80,00000000011111011111000010100000100100111110010001001000100100101110110011101001,133257454,0,0.040000,1.000000
133263069,83,10100000001110010101110010110100000100100111110010001001000100100101110011000110101,133257454,0,0.040000,1.000000
133263071,75,000101011110111100101000001001001001111100100010010001001001111110100001101,133257454,0,0.040000,1.000000
133263072,88,0111010011000111001010111001011010000010010011111001000100100010010010111101100111010100,133257454,0,0.040000,1.000000
133263073,75,000100011011111100101000001001000001111100100010010000001001111110110001101,133249268,0,0.020000,0.500000
133263074,84,111001000100111110111110010100100000100100111110010001001001100100111011011000111111,133259016,0,0.080000,0.800000
133263075,83,11001000001110011101010010110100000100100111110010001001000100100111111011001110101,133247266,0,0.030000,0.600000
133263076,81,100100010010101011111010100100000100100110110010001001001100100111011011000111111,133249268,0,0.024000,0.600000
133263077,83,11001000001110011101010010110100000100100111110010001001000100100111111011001110101,133249268,0,0.024000,0.600000
133263078,79,0000000110101011100101001011001001001111100100010010011001001111110110001110111,133257456,0,0.100000,1.000000
133263079,83,11101010000111100101010101011010000010010011011001000100100010010010111111100011010,133257456,0,0.100000,1.000000
133263080,79,0000000110101011100101001011001001001111100100010010011001001111110110001110111,133257456,0,0.100000,1.000000
133263081,83,01000010010111110111110010100100100100100111110110001001001100100111011011000111101,133257456,0,0.100000,1.000000
133263082,83,11101010000111100101010101011010000010010011011001000100100010010010111111100011010,133257456,0,0.100000,1.000000
133263083,83,10000000111101111110101001000001001011111100100010010001001001110111110001111001100,133270351,0,0.025000,0.600000
133263084,83,10000000101011101111100101011001001001001111100100010010001001001110110100001111110,133245511,0,0.025000,0.500000
133263085,75,000100011010111000101000001001000001111100100010010001001001111110110001101,133257456,0,0.100000,1.000000
133263086,82,0100000001010111011111011010010001000100111110010001001000100100011111101110110101,133257456,0,0.100000,1.000000
133263088,86,11100000010011011111110000110100100100100111100010001001100100100101111010000110000111,133257457,0,0.040000,0.800000
133263089,82,1001001000100001011111101101000001001001111100100010010001011001101010111001100011,133257457,0,0.050000,1.000000
133263090,82,1001001000100001011111101101000001001001111100100010010001011001101010111001100011,133257457,0,0.050000,1.000000
133263091,83,10100000001110000101110010110100000100100111110010001001000100100101110111010110111,133257457,0,0.050000,1.000000
133263092,84,111100000001110011101010010110100000100100111110010001001000100100111111011001110111,133257457,0,0.050000,1.000000
133263093,80,10000101010000011101101001000000001001110100100010010001101001111000101001100010,133257457,0,0.050000,1.000000
133263094,81,000000011110111111010100100000100100111110010001001000100100111011111100111100110,133257457,0,0.050000,1.000000
133263095,81,000000101110010001110010110100000100100111110010001001000100100111111011000110000,133257457,0,0.050000,1.000000
133263096,85,0111110000011100101010100101001000001001001111100110010010001001001110100111001101000,133257457,0,0.050000,1.000000
133263097,83,10100000001110000101110010110100000100100111110010001001000100100101110111010110111,133257457,0,0.050000,1.000000
133263098,78,001001001111101111000001010000010010011111001000100100010010000110011000110100,133257458,0,0.066667,1.000000
133263099,83,10100000001110010101110010110100000100100111110010001001100100100101110011010110101,133257458,0,0.066667,1.000000
133263100,85,1001000001010100001011000100101000001001001111100100010010001001101111010111001100010,133257458,0,0.066667,1.000000
133263101,79,0000001011111011010010100000000100100111110010001001000100100111011011000111110,133257459,0,0.050000,1.000000
133263102,76,0000001011101111110101011001010010011111101000100100110000011101111100011101,133235545,0,0.040000,0.400000
133263103,83,11100000111001111011001000001000010010011111001000100100010010010111101111011010000,133260445,0,0.040000,0.600000
133263104,84,111001001110111110011110011100100000100101111110010001001001000100011011111100111111,133257460,0,0.100000,1.000000
133263105,76,0011001111101111111101001100010010011111001000100110010010011100101000110110,133257460,0,0.100000,1.000000
133263106,83,11100000001110011101010010110100000100100111110010001001000100100111111011001110101,133257461,0,0.200000,1.000000
133263107,86,01100110010001111001011001010010000010010011111001100100100110010011100101100011111110,133257461,0,0.200000,1.000000
133263108,82,1000000011110111101010010110100010100100111110010001001000100100111111001000110101,133257461,0,0.200000,1.000000
133263109,86,01100110010001111001011001010010000010010011111001100100100110010011100101100011111110,133257461,0,0.200000,1.000000
133263110,82,1000001000100001111101100101000001001001111100100010010001001001111010111001100011,133257462,0,0.100000,1.000000
133263111,83,10100000001100000101110010110100000100100111110010001001001100100101110011010110101,133257465,0,0.066667,1.000000
133263112,84,110101010001111010101110010110100000100100111110010001001001100100101111001001100101,133259013,0,0.046667,0.700000
133263113,86,10010000000011100111011100100101000001001001111100100010010001001001111110010011101011,133257465,0,0.066667,1.000000
133263114,84,110101010001111010101010010110100000100100111110010001001001100100101111001001100101,133257465,0,0.066667,1.000000
133263115,84,011101000100011100101011100101101000010010011111001000100100010010010111001100011010,133257465,0,0.066667,1.000000
133263116,82,1000000010111110111110010100101100100100111110010001001000100100111011011000111001,133257465,0,0.066667,1.000000
133263117,84,011001000100111110011110010100100000100100111110010001001001100100111011011000011111,133259013,0,0.046667,0.700000
133263118,83,10100000001100000101110010110100000100100111110010001001001100100101110011010110101,133257465,0,0.066667,1.000000
133263119,82,1010000001011101111100001001001001001001111100100010010001001001100110110001111110,133257465,0,0.066667,1.000000
133263120,83,01100100001110011001010010110100000100000111110110001001000100100111111001001110101,133257467,0,0.100000,1.000000
133263121,86,11000000011011011111110000110100000100100111110010001001000100100101111010000110001111,133257467,0,0.100000,1.000000
133263122,77,00000000111110111110001010000010010011111001000100100010010010111011000110100,133257467,0,0.100000,1.000000
133263123,80,01111001110011111100010001110000100100111110011001001000100100101111011000101111,133257467,0,0.100000,1.000000
133263124,85,0010000010011100111011100100101000001001001111100100010010001001001111110010011111011,133257467,0,0.100000,1.000000
133263125,81,100000101010000111110110000100000100100110110010001001000100100111101011100110001,133257467,0,0.100000,1.000000
133263126,85,0010000010011100111011100100101000001001001111100100010010001001001111110010011111011,133257467,0,0.100000,1.000000
133263127,75,000100011010111100101001001001000001111100100010010001001001111110110000101,133257467,0,0.100000,1.000000
133263128,82,1000010011110111011100110001100000001001111100100010000011001001010100110101100011,133247273,0,0.040000,0.600000
133263129,81,100000001111110111010001001000010010011111001000100100110010111101101100011001101,133259003,0,0.100000,1.000000
133263130,83,00100000000111101111110101001000101001011111100110010010011001001110111110001111001,133259003,0,0.100000,1.000000
133263131,83,11011000100111110111110010100100000100100111110010001001001100100111011011000111011,133259003,0,0.100000,1.000000
133263132,86,01110100010001110010101110010110100000100100111110010001001000100100101111011000110101,133259003,0,0.100000,1.000000
133263133,83,01000000010111110111110110100100000100100111110010001001000100100111111101110110101,133259004,0,0.100000,1.000000
133263134,82,1000000010111110111110011100000100101100111110010001001001100100111011011000101101,133259004,0,0.100000,1.000000
133263135,83,01000001010100101011101101101000001001001110100100010010011001001111010110101100010,133259004,0,0.100000,1.000000
133263136,84,111100000001110011101010010110100000100100111110010001001000100100111101011001110101,133259004,0,0.100000,1.000000
133263137,82,0100000101010001111110110010100001100100111110010001001000010100111101011100110001,133235544,0,0.030000,0.600000
133263138,76,0000000011101111010001011000010000011111001000100100110010011101101100011101,133235544,0,0.025000,0.500000
133263139,82,1000000001111011101010110110100010100100111110010001001000100100111111001001110101,133259004,0,0.100000,1.000000
133263140,85,1110100000001110010101100010110111000100100111110010001001000100100100111011001110101,133235544,0,0.030000,0.600000
133263141,85,1101000000011100001011100101101010001001001111000100010010001001001011110110001101010,133259005,0,0.200000,1.000000
133263142,83,10100000001110010101110010110100000100100111110010001001000100100101110011010110101,133259005,0,0.200000,1.000000
133263143,83,11001000100111110111110010100100000100100110110010001001001100100111011011000111111,133259005,0,0.200000,1.000000
133263144,83,11010000001111101111100001001001001001001111100100010010001001001110110110001110110,133259005,0,0.200000,1.000000
133263145,79,0000000110101011100101001011001001001111100100010010011001001111110110001111111,133235531,0,0.030000,0.600000
133263146,82,1101000100011110101011100101001001001001001111100100010010001011001011110110001010,133259005,0,0.200000,1.000000
133263147,83,00100000001111101111110101001000101001001111100110010010011001001110111110001111001,133235531,0,0.025000,0.500000
133263148,77,10000011001010111110000100000100100100101110010001001000100100110000110001011,133259005,0,0.200000,1.000000
133263149,84,101110000011100101110100101111000001001001111100100010010001001001110101110011010011,133259005,0,0.200000,1.000000
133263150,82,1000001010110000011101101101000001001001111100100010010001001001111010111001000011,133259005,0,0.200000,1.000000
133263151,87,001100000010011011111110000110100100100100011110010001001000101100101111010000110001111,133259005,0,0.200000,1.000000
133263152,85,1011001000100111110011100010100100000100100111110010001001001100100111011011000111111,133235531,0,0.030000,0.600000
133263153,77,00000010111010111110000001000100101100111110010001001001100100110000110000011,133268610,0,0.100000,0.600000
133263154,75,000100011101111100101000001001001001111100100010010000001001111110110001101,133249262,0,0.060000,0.600000
133263155,77,00000010111010111110000001000100101100111110010001001001100100110000110000011,133268610,0,0.100000,0.600000
133263156,81,110100000010111011111000010010010000100111110010001001000100100110011011000111110,133259006,0,0.100000,1.000000
133263157,83,01001000010100101011100111101000001001001111100100010010001001001011111100001111011,133259006,0,0.100000,1.000000
133263158,81,101000000011100111000100011010000010010011111001000100100010010011110100100111010,133259008,0,0.100000,1.000000
133263159,81,100000001111110111010001001000010010011111001000100100110010111101101100011001101,133259009,0,0.040000,1.000000
133263160,84,000000000001111001111111010011000010010011111001000100100110010011101111100011110011,133259009,0,0.040000,1.000000
133263161,81,111010000111001100111001011010000010000011111001000100100010100111111001001110101,133259009,0,0.040000,1.000000
133263162,85,1001001001010100001011101101101000001001001111100100010010001001001111010111001100011,133259009,0,0.040000,1.000000
133263163,82,0010110000111101010101001011110010010010011111001000100100000010010111010000110101,133259009,0,0.040000,1.000000
133263164,82,1110000011100111111100100000100001000011111100100010010001001001011110110101101000,133259009,0,0.040000,1.000000
133263165,82,1000000010111110111110010100101100100100111110010001001000100100111011011000111001,133259009,0,0.040000,1.000000
133263166,81,100010001111110111010001001000010010011111001000100100110000111101101100011001101,133259009,0,0.040000,1.000000
133263167,82,1000000010111110111110010100101100100101111110010001001000100100111011011000111001,133259009,0,0.040000,1.000000
133263168,82,1000000010111110111110010100101100100101111110010001001000100100111011011000111001,133259009,0,0.040000,1.000000
133263169,81,011001000011100110011100101101000010000011111001000100100010010011111100100111010,133259009,0,0.040000,1.000000
133263170,85,1110100111110111101100100001101001001001111100100010010001001001011110110101101100000,133259009,0,0.040000,1.000000
133263171,75,000100011100111110101000001001001001111110100010010000001001111110110001101,133259009,0,0.040000,1.000000
133263172,86,11100000011011011111110000110100100100100111110010001001000100100101111010000110001111,133259009,0,0.040000,1.000000
133263173,81,100000101010000111110110110100000100100111110010001001000100100111101011100111001,133259009,0,0.040000,1.000000
133263174,83,01110000001110011000110010110100000100100111110010001001000100100011111001001111101,133259010,0,0.040000,1.000000
133263175,82,1001001000100001011111101101000001001001111100100010010001011001101010111001100011,133259010,0,0.040000,1.000000
133263176,84,011001000100111110011110010100100000100100111110010001001001100100111011011000111111,133259010,0,0.040000,1.000000
133263177,84,011001000100111110011110010100100000100100111110010001001001100100111011011000111111,133259010,0,0.040000,1.000000
133263178,84,011001000100111110011110010100100000100100111110010001001001100100111011011000111111,133259010,0,0.040000,1.000000
133263179,83,10000000001110000101110000110101000100100111110010001001001100110111110101001101011,133259010,0,0.040000,1.000000
133263180,83,01100100001110011001110010110100000100000111110010001001000100100111111001001110101,133259010,0,0.040000,1.000000
133263181,83,10000000001110000101110000110101000100100111110010001001001100110111110101001101011,133259010,0,0.040000,1.000000
133263182,81,101000000011100111000100011010000010010011111001000100100010010011110100100111010,133259010,0,0.040000,1.000000
133263183,76,0000011001010111110000100000100100100101100010001001000100100010000110001011,133259010,0,0.040000,1.000000
133263184,75,000100011100101101101000001001001001111100100010010000001001111110110001101,133259010,0,0.040000,1.000000
133263185,77,00000001111101111000010100000100100111110110001001000100100101110110001111001,133259010,0,0.040000,1.000000
133263186,75,000100011100101101101000001001001001111100100010010000001001111110110001101,133259010,0,0.040000,1.000000
133263187,84,111001000100111110011110010100100000110100111110010001001001100100111011010001111111,133259010,0,0.040000,1.000000
133263188,83,11100000001110011101010010110100000100100111110010001001000100100111111011001110101,133259010,0,0.040000,1.000000
133263189,84,011001000100111110011110010100100000100100111110010001001001100100111011011000111111,133259010,0,0.040000,1.000000
133263190,77,00000000111110111110001010000010010011111001000100100010010010111011000110100,133259010,0,0.040000,1.000000
133263191,77,00000000111110111110001010000010010011111001000100100010010010111011000110100,133259010,0,0.040000,1.000000
133263192,85,1101000100011100101011100101101000001001001111100100010010000001001010110110001101011,133259011,0,0.066667,1.000000
133263193,85,1101000100011100101011100101101000001001001111100100010010000001001010110110001101011,133243647,0,0.033333,0.500000
133263194,85,0000000000010100101011111111100110001001001111100100010010001001001111010110001011011,133259011,0,0.066667,1.000000
133263195,75,000100011000111100101000001001000001111100100010010001001001111110110000101,133243647,0,0.033333,0.500000
133263196,75,000100011000111100101000001001000001111100100010010001001001111110110000101,133259011,0,0.066667,1.000000
133263197,85,0000000000010100101011111111100110001001001111100100010010001001001111010110001011011,133259011,0,0.066667,1.000000
133263198,84,111001000100111110011100000100100000100100111010000001101001100100111011111000011111,133259012,0,0.200000,1.000000
133263199,83,10111001001110010101011010100100000100100111110010001011000100110111010111001101001,133259012,0,0.200000,1.000000
133263200,81,101000000011100111000100011010000010010011111001000100100010010011110100100111010,133259012,0,0.200000,1.000000
133263201,84,100000101010000101110110110100000100100111110010001001000100100111101011010110001010,133265292,0,0.200000,0.800000
133263202,83,11011001100111110111110010100100000100100111110010001001001100100111011011000111011,133265292,0,0.200000,0.700000
133263203,84,100000101010000101110110110100000100100111110010001001000100100111101011010110001010,133265292,0,0.200000,0.800000
133263204,83,11011001100111110111110010100100000100100111110010001001001100100111011011000111011,133265292,0,0.200000,0.700000
133263205,75,000101011110111100101000001001001001111100100010010000001001111110100001111,133265292,0,0.200000,0.700000
133263206,75,000101011110111100101000001001001001111100100010010000001001111110100001111,133259012,0,0.200000,1.000000
133263207,82,1000001010100001111101101101000001001001111100100010010001001001111010111001110010,133265292,0,0.200000,0.800000
133263208,84,111001000100111110011100000100100000100100111010000001101001100100111011111000011111,133259012,0,0.200000,1.000000
133263209,84,111001000100111110011100000100100000100100111010000001101001100100111011111000011111,133259012,0,0.200000,1.000000
133263210,84,111001000100111110011100000100100000100100111010000001101001100100111011111000011111,133259012,0,0.200000,1.000000
133263211,75,000100011100111110101000001001001001111100100010010000001001111110110001101,133240460,0,0.080000,0.800000
133263212,75,000101011110111100101000001001001001111100110010010001001001111110100001101,133257465,0,0.033333,0.500000
133263213,83,10111001001110010101011010100100000100100111110010001001000100110111010111001101001,133259013,0,0.066667,1.000000
133263214,84,101010001000111010101110010110100000100100111110010001001000100100101011011000110101,133259014,0,0.200000,1.000000
133263215,86,01110100010001110010101110010110100000100100111110010001001000100100101111011000110101,133259014,0,0.200000,1.000000
133263216,84,101110000011100101010100101101000001001001111100100010010001001001110101110011010011,133259014,0,0.200000,1.000000
133263217,80,01000010101000011111011001010000010010011111001000100100001011011110101110011000,133259014,0,0.200000,1.000000
133263218,76,0100100011110111100101000001001001001111100110010010001000001111110110001101,133259014,0,0.200000,1.000000
133263219,85,1011001000100111110011100010100100000100100111110010001001001100100111011011000111111,133259014,0,0.200000,1.000000
133263220,81,100000001111011111010100100000100101111110010001001000100100111011111000111100110,133259014,0,0.200000,1.000000
133263221,81,100100010011111001111011100100000100100110110010001001001100100011010110001111111,133259014,0,0.200000,1.000000
133263222,85,1011001000100111110011100010100100000100100111110010001001001100100111011011000111111,133259014,0,0.200000,1.000000
133263223,81,100100010011111001111011100100000100100110110010001001001100100011010110001111111,133259014,0,0.200000,1.000000
133263224,86,01110100010001110010101110010110100000100100111110010001001001100100101101011000110101,133259014,0,0.200000,1.000000
133263225,83,11001000100111110111110010100100000100100111110010001001001100100111011011000111011,133259014,0,0.200000,1.000000
133263226,79,0010001001111100111101100100000100100110110010001001001100100011010110001111111,133259014,0,0.000000,0.000000
133263227,81,110010011001111100111100101001000101001001110100100000100110010011101101110011111,133259014,0,0.200000,1.000000
133263228,86,10010000010101000010111011011010000010010011111001000100100010010011110101100011000101,133259015,0,0.200000,1.000000
133263229,79,0000010011110111110001001111000010010010111001000100100010010010111101100010111,133259016,0,0.100000,1.000000
133263230,83,11010000001111101111100001001001001001001111100101010010001001001100110110001110110,133230487,0,0.160000,0.800000
133263231,85,0010000010011100111011100100101000001001001111100100010010001001001111110010011101011,133230487,0,0.200000,1.000000
133263232,83,10100000001110010101110010110100000000100111110010001001000100101101110011011110101,133230487,0,0.160000,0.800000
133263233,83,10100000001110010101110010110100000000100111110010001001000100101101110011011110101,133259017,0,0.066667,1.000000
133263234,83,11010000001111101111100001001001001001001111100101010010001001001100110110001110110,133259017,0,0.066667,1.000000
133263235,81,100000101010000111110110010100000100100111110010001001000100100111101011100110001,133259017,0,0.066667,1.000000
133263236,83,10100000001110010101110010110100000000100111110010001001000100101101110011011110101,133259017,0,0.066667,1.000000
133263237,82,1000001010100001001101101101000001001001111100100010010001001001111000101001100010,133230487,0,0.200000,1.000000
133263238,83,11010000001111101111100001001001001001001111100101010010001001001100110110001110110,133259017,0,0.066667,1.000000
133263239,83,11010000001111101111100001001001001001001111100101010010001001001100110110001110110,133230487,0,0.160000,0.800000
133263240,82,1000001010100001001101101101000001001001111100100010010001001001111000101001100010,133259017,0,0.066667,1.000000
133263241,81,100000101010000111110110010100000100100111110010001001000100100111101011100110001,133259017,0,0.066667,1.000000
133263242,83,10100000001110010101110010110100000000100111110010001001000100101101110011011110101,133230487,0,0.160000,0.800000
133263243,85,0010000010011100111011100100101000001001001111100100010010001001001111110010011101011,133259017,0,0.066667,1.000000
133263244,85,0100010001001111100110111101001000001001001101100100000010011011001110100110001111111,133259018,0,0.100000,1.000000
133263245,81,100001001111011101110010010110000100100111110010001001000100100101011011010110101,133259018,0,0.100000,1.000000
133263246,84,111110000011100101010100101001001001001001111100100010010001001001110100111001101000,133259018,0,0.100000,1.000000
133263247,83,00000110011110111111110100000000100100110110010001001000100100111011111000111100110,133259018,0,0.100000,1.000000
133263248,84,011101000100011100101011100101101000010010011111001000100100010010010111001100011010,133259018,0,0.100000,1.000000
133263249,83,01000010011110111011100100001100000001001111100100010000011001001010100110101100011,133228736,0,0.100000,0.500000
133263250,82,1000000010111110111110010100101100100101111110010001001000100100111011011000111001,133259019,0,0.060000,0.500000
133263251,81,100000101011000001110110100100000100100111110010001001000000100111101011000100001,133260438,0,0.100000,1.000000
133263252,83,01000010011110111011100100001100000101001111100100010000011001001010100110101100011,133260438,0,0.100000,1.000000
133263253,83,11001000100111110111110010100000000100100100110010001001000100100111011011000111111,133260438,0,0.100000,1.000000
133263254,82,0001000001100110011101010000000010010011111001000100100010010011101110010011110010,133260438,0,0.100000,1.000000
133263255,81,100000101010000111110110010100000100100111010010001001000100100111101010100110001,133260438,0,0.100000,1.000000
133263256,77,00000000111110111110001010000010010011111101000100110010010010111011000110100,133260440,0,0.050000,1.000000
133263257,81,000000011110111111010100100000100100111110010001001000100100111011111000111100111,133260442,0,0.100000,1.000000
133263258,79,0000001011111011010010100000000100100111110010001001000100100111011011000111110,133260442,0,0.100000,1.000000
133263259,85,1011001000100111110011100010100100000100100111110010001001001100100111011011000111111,133260442,0,0.100000,1.000000
133263260,80,00000000011111011111000010100000100100111110010001001000100100101110110011111001,133260442,0,0.080000,0.800000
133263261,85,1011001000100111110011100010100100000100100111110010001001001100100111011011000111111,133260442,0,0.100000,1.000000
133263262,86,11100000011011011111110000110100100100100111110010001001000100100101111010000110001111,133251033,0,0.080000,0.800000
133263263,84,111000000101111001111100111001001001001000111100100010110101001001100110110000011010,133251033,0,0.060000,0.600000
133263264,82,1110000011100111101100100000100001001001111100100010010001001001011110111101101000,133260444,0,0.100000,0.500000
133263265,83,01000010010111100111110010100101100100100111110010001001000100110111011011000111001,133260444,0,0.100000,0.500000
133263266,77,00000010111011110100010110000100100111110010001001001100100111011011101111011,133260444,0,0.120000,0.600000
133263267,83,11001000100111110111110010100000000100100100110010001001001100100111011011000111111,133260446,0,0.066667,1.000000
133263268,77,00000010111011110100010110000100100111110010001001001100100111011011101111011,133260444,0,0.120000,0.600000
133263269,82,1110000011100111101100100000100001001001111100100010010001001001011110111101101000,133263571,0,0.100000,0.500000
133263270,79,0000000011011011110000000100000100100111110010001001000100100101110110001101001,133260446,0,0.066667,1.000000
133263271,83,11100000001110011101010010110100000100100111110010001001000100100111111011001110101,133260447,0,0.200000,1.000000
133263272,85,0011000000001111001101000110110100010000100111110010001001000100100111111001001110101,133260447,0,0.200000,1.000000
133263273,77,10000000011101110010001111000010010011111001000100100110010011101101100011101,133260447,0,0.160000,0.800000
133263274,79,0100100111100111110001010111000010010011101001000100101010010010111101100010111,133260448,0,0.066667,1.000000
133263275,81,110100000010111011111000010010010000100111110010001001000100100110011011000111110,133260448,0,0.066667,1.000000
133263276,85,1101000000011100001011100101101010001001001111000100010010001001001011110110101101010,133260448,0,0.066667,1.000000
133263277,84,011000000011110011111100001101001101001001111100100010010001001001011110100001100011,133260448,0,0.066667,1.000000
133263278,86,10010000010101000011111011011010000010010011111001000100100010010011110101110011000110,133260448,0,0.066667,1.000000
133263279,85,0000000000010100101011111111100110001001001111100100010010001001001111010110001011011,133260448,0,0.066667,1.000000
133263280,84,110101010001110110101110010110100000100100101110010001001001100100111111000000100101,133260448,0,0.066667,1.000000
133263281,78,000001011111111111000010110100010010011111001000100100010010010101001000110011,133260448,0,0.066667,1.000000
133263282,83,10100000001110011101010000110100000100100111110010001001000100100111101001001110101,133260448,0,0.066667,1.000000
133263283,84,011000000011110011111100001101001101001001111100100010010001001001011110100001100011,133260448,0,0.066667,1.000000
133263284,79,0100100111100111110001010111000010010011101001000100101010010010111101100010111,133260448,0,0.066667,1.000000
133263285,81,110100000010111011111000010010010000100111110010001001000100100110011011000111110,133260448,0,0.066667,1.000000
133263286,83,11010000001111101111100001001001001001001111100100010010001001001100110110001110110,133260448,0,0.066667,1.000000
133263287,76,0010011101010111001010010110000010011111001000100100110010011111101100111101,133260448,0,0.066667,1.000000
133263288,80,00000000011111011111000010100000100100111110010001001000100100101110110011101001,133260449,0,0.200000,1.000000
133263289,83,00000000000111101111101100001000001011001011100100010010001001001111111011101111010,133260449,0,0.200000,1.000000
133263290,82,0100000000111010111110000010100000100100111110010001001000100000111110110000001001,133260449,0,0.200000,1.000000
133263291,84,110101010001111010101110010110100000100100111110010001101001100100101111001001100101,133260449,0,0.200000,1.000000
133263292,84,111001000100111110011110010100000000100100111110010001001001100100101011011000111111,133252601,0,0.040000,0.600000
133263293,83,00000000000111101111101100001000001011001011100100010010001001001111111011101111010,133260449,0,0.200000,1.000000
133263294,89,01011100000110110111111100001101001001001101111100100010010001001001011010100001100011100,133260450,0,0.100000,1.000000
133263295,80,00000000111110111110100101010001001001111100100010010001001001011001100011010011,133260450,0,0.100000,1.000000
133263296,86,11100000011011011111110000110100000100100111110010001001000100100101111010010110001111,133260450,0,0.100000,1.000000
133263297,83,11100000001110011101010010110100000100100111110010001001000100100111111011001110111,133260450,0,0.100000,1.000000
133263298,84,111000000011100111010100101101000001001001111100100010010001001001111110110011101010,133247257,0,0.100000,0.600000
133263299,85,0100000001011111011111011010010000010010011111001000100100010010011111110111011010111,133260450,0,0.100000,1.000000
133263300,81,100000101010000111110110010100000100100111010010001001000100100111100010100110001,133247257,0,0.100000,0.600000
133263301,85,1101010000011100101010100101111000001001001111100100010010001001001011110110001101011,133260450,0,0.100000,1.000000
133263302,76,0010001101110111001100010110100100111110010001001001100100111111011000111111,133260450,0,0.100000,1.000000
133263303,75,000100011010111100101000001001000001111100100010010001001001111110110000101,133260450,0,0.100000,1.000000
133263304,75,000100011100111100101000001001001001111100100010010001001001111110110001101,133247257,0,0.100000,0.600000
133263305,83,11101010000111100101010101011010000010010011011001000100100010010010111111100011010,133260450,0,0.100000,1.000000
133263306,82,1001001000100001011111101101000001001001111100100010010001011001101010111001100011,133247257,0,0.100000,0.600000
133263307,76,0010001101110111001100010110100100111110010001001001100100111111011000111111,133260450,0,0.100000,1.000000
133263308,73,0010001110011110010100000100100100111110010001001000000100111111011000110,133260450,0,0.100000,1.000000
133263309,83,11101010000111100101010101011010000010010011011001000100100010010010111111100011010,133247257,0,0.100000,0.700000
133263310,83,10100000001110010101110010110100000100100111110010101001000100100101110011010110101,133247257,0,0.100000,0.600000
133263311,75,000100011100111100101000001001001001111100100010010001001001111110110001101,133260450,0,0.100000,1.000000
133263312,75,000100011100101101101000001001001001111100100010010000001001111110110001101,133260450,0,0.100000,1.000000
133263313,84,111000000011100111010100101101000001001001111100100010010001001001111110110011101010,133260450,0,0.100000,1.000000
133263314,85,0010000000011100111011100100101000001001001111100100010010001001000111110010011101011,133260450,0,0.100000,1.000000
133263315,84,001001010100111110011110010100100000100100111110010001001001100101101011011000111111,133247257,0,0.100000,0.600000
133263316,86,11100000011011011111110000110100000100100111110010001001000100100101111010010110001111,133247257,0,0.100000,0.600000
133263317,84,111001000100111110111110010100100000100100111110010001001001100100111011011000111111,133260452,0,0.100000,1.000000
133263319,83,01000001010100101011101101101000001001001110100100010010011001001111010110001100010,133260452,0,0.100000,1.000000
133263320,83,01000000010111110111110110100100000100100111110010001001000100100111111101110110101,133222213,0,0.066667,0.600000
133263321,85,1011001000100111110011100010100100000100100111110010001001001100100111011011000111111,133260454,0,0.066667,1.000000
133263322,86,10100000000111110011111010100110000100100111110010001001001100100111011111000111100110,133249259,0,0.040000,0.600000
133263323,86,01100110010001111001011001010010000010010011111001100100100110010011100101100011111110,133260455,0,0.066667,1.000000
133263324,86,11100000011011011110110000110100000100100111110010101001000100100101111010000110001111,133265292,0,0.070000,0.700000
133263325,81,000000101110010101110010110100000100101111110010001001000100100111111011000110000,133259012,0,0.070000,0.600000
133263326,85,1100010001001111100110101101001000001001001101100100010010011011001110100110001111111,133262177,0,0.040000,1.000000
133263327,82,1101000100011100101011100101001001001001001111100100010010001001001011110110001010,133262177,0,0.040000,1.000000
133263328,81,000000101110010101110010110100000100101111110010001001000100100111111011000110000,133262177,0,0.040000,1.000000
133263329,81,100000101010000111110110010100000100100111110010101001000100000111101011100110001,133262177,0,0.040000,1.000000
133263330,79,0000000011111011010010000000000100100111110010001001000100100111011011000111110,133262177,0,0.040000,1.000000
133263331,81,100000101010000111110110010100000100100111110010101001000100100111101011100110001,133262177,0,0.040000,1.000000
133263332,86,11100000011011011110110000110100000100100111110010101001000100100101111010000110001111,133262177,0,0.040000,1.000000
133263333,74,00100011100111000101000001001001001111100100010110000001001111110110011100,133262177,0,0.040000,1.000000
133263334,84,111100000001110011101010010110100000100100111110010001001000100100111101011001110101,133262177,0,0.040000,1.000000
133263335,84,011010001000111001010111001011010010010010011111001000100100010010010111101100010100,133262177,0,0.040000,1.000000
133263336,79,1000000011111101110100010010001100100111110010001101001100101110110110001100110,133262177,0,0.040000,1.000000
133263337,80,00000100111110111110000101000001001001111100100010010001001000011111100011010010,133262177,0,0.040000,1.000000
133263338,82,1101000100011100101011100101001001001001001111100100010010001001001011110110001010,133262177,0,0.040000,1.000000
133263339,82,1001001000100001011111101101000001001001111100100010010001011001101010111001100011,133262178,0,0.200000,1.000000
133263340,76,0000100011110111100101000001001001001111100100010010001000001111110110001101,133262178,0,0.200000,1.000000
133263341,82,1000000001111011101010110110100010100100111110010001001000100100111111001001110101,133262178,0,0.200000,1.000000
133263342,82,1000000010101110111100010101100100100100111110010001001000100100111011011000111101,133249267,0,0.060000,0.600000
133263343,83,11101010000111100101010101011010000010010011011001000100100010010010111111100011010,133262178,0,0.200000,1.000000
133263344,82,1000000001110111101010010110100010100100111110010001001000100100111111001000110101,133266905,0,0.060000,0.600000
133263345,80,11010000000111001101110010100100100100100111110010001001000100100101111011000101,133266905,0,0.060000,0.600000
133263346,83,10000000101011101111100101011001001001001111100100010010001001001110110100001111110,133262178,0,0.200000,1.000000
133263347,84,110010001001111101111100101001000001001001111100100010010011001001110110110001111111,133262178,0,0.200000,1.000000
133263348,84,111001000110111110011110011100100000100101111111010001001001000100011011111100111111,133262178,0,0.200000,1.000000
133263349,76,0000101110111111100001011010101001001111100100010010001001001010100100111001,133262179,0,0.160000,0.800000
133263350,84,011100000001110011101010010110100000100100111110010001001000100100111111011000100101,133262179,0,0.200000,1.000000
133263351,76,0000101111111111100001011010101001001111100100010010001001001010100100111001,133262179,0,0.200000,1.000000
133263352,82,1101001100011100101011100101101001001011001111100100010010001001001011110110001010,133262179,0,0.200000,1.000000
133263353,82,1110000010100111101100100000100001001001111100100010010001001001011110111101101000,133238709,0,0.100000,0.500000
133263354,82,1000000011100111111010100100000100100111110010001001000100100111011111000111100110,133262179,0,0.200000,1.000000
133263355,84,000000000011111001111101010011000010010011111001000100100110010011101111100011111011,133262179,0,0.200000,1.000000
133263356,84,011100000001110011101010010110100000100100111110010001001000100100111111011000100101,133262179,0,0.200000,1.000000
133263357,82,0100000001010111011111011010010001000100111110010001001000100100011111101110110101,133241964,0,0.070000,0.700000
133263358,86,11100000011011011111110000110100100100100111110010001001000100100101111010000110001111,133241964,0,0.100000,1.000000
133263359,81,110100000011101011111000010010010000100111110110001001000100100100011011000111110,133262179,0,0.200000,1.000000
133263360,76,0000101111111111100001011010101001001111100100010010001001001010100100111001,133241964,0,0.080000,0.800000
133263361,84,011010001000111001010111001011010010010010011111001000100100010010010111101100010100,133262179,0,0.200000,1.000000
133263362,83,11100000001110011101010010110100000100100111110010001001000100100111111011001110101,133262180,0,0.100000,1.000000
133263363,83,10100000001110010101110010110100000100100111110010001001000100100101110011010110101,133233877,0,0.060000,0.600000
133263364,80,10000000111101111110100001000001001001111100100010000001001011101111100011110011,133262180,0,0.100000,1.000000
133263365,80,01111001110011111100010001110000100100111110011001001000100100101111011000101111,133262180,0,0.100000,1.000000
133263366,86,11010100010001110101011100101101000001001001111100100000010001001001010110100001101011,133254151,0,0.070000,0.700000
133263367,84,110110000011100101010100101001000001001001111101100010010001001001110100111001101000,133263569,0,0.070000,0.700000
133263368,83,11100000001110011101010010110100000100100111110010001001000100100111111011001110101,133263569,0,0.080000,0.800000
133263369,83,10100000001110010101110010110100000100100111110010001001000100100101110011000110101,133263569,0,0.080000,0.800000
133263370,84,111000000110110111111100001101000001001001111100100010010001001010111101000011000111,133263569,0,0.080000,0.800000
133263371,83,10100000001110010101110010110100000100100111110010001001000100100101110011000110101,133262180,0,0.100000,1.000000
133263372,84,110101010001110110101110010110100000100100111110010001001001110100101011000000100101,133262180,0,0.100000,1.000000
133263373,81,101111001110011111000010001110000100100111110011001001000100100101111011000101111,133262180,0,0.100000,1.000000
133263374,86,10010000010101000010111011011010000010010011111001000100100010010011110101100011000111,133262181,0,0.200000,1.000000
133263375,82,0110000001111011111110000110100100100100111110010001001000100100100111010000110001,133262181,0,0.200000,1.000000
133263376,84,000000000001111001111111010011000010010011111001000100100110010011101111100011110011,133262181,0,0.200000,1.000000
133263377,81,100000001111110111010001001000010010011111001000100100110010111101101100011001101,133262181,0,0.200000,1.000000
133263378,80,00000000111110111110100101010001001001111100100010010001001001011111100011010011,133262181,0,0.200000,1.000000
133263379,81,100000001111110111010001001000010010011111001000100100110010111101101100011001101,133262181,0,0.200000,1.000000
133263380,83,00000000000111101111101100001000001011001011100100010010001001001111111011101111010,133262181,0,0.200000,1.000000
133263381,73,0000011110111011101010100100100100111110010001001001100100001111111000110,133262182,0,0.100000,1.000000
133263382,84,101000000011100101011100101101000001001001111100100110010001001001011100110101101010,133262182,0,0.100000,1.000000
133263383,83,00100000001111101111110101001000101001001111100110010010011001001110111110001111001,133262182,0,0.100000,1.000000
133263384,84,011001000100111110111110010100100000100100111110010001001001100100111011011000111111,133262182,0,0.100000,1.000000
133263385,84,111010001000111001010111001011010000010010011111001000100100010010001101011000110101,133262182,0,0.100000,1.000000
133263386,86,11100000010011011111110000110100100100100111100010001001100100100101111010000110001111,133262182,0,0.100000,1.000000
133263387,86,01110100010001110010101110010110100000100100111110010001001001100100101101011000110101,133262182,0,0.100000,1.000000
133263388,84,011000000001111011101000110110100010101100111110010001001000100101111111001001110101,133262182,0,0.100000,1.000000
133263389,86,10010000010101000010111011011010000010010011111001000100100010010011110101100011000111,133262182,0,0.100000,1.000000
133263390,84,011001000100111110111110010100100000100100111110010001001001100100111011011000111111,133262182,0,0.100000,1.000000
133263391,83,11000000001111011101000110010100010101100111110010001001000100100111011001001110101,133262182,0,0.100000,1.000000
133263392,86,01100110010001111001011001010010000010010011111001100100100110010011100101100011111110,133240459,0,0.100000,0.500000
133263393,83,11010001000111001010111001110010010110010011111001000100100010010010111101100010100,133262182,0,0.080000,0.800000
133263394,84,000000000011111001111101010011000010010011111001000100100110010011101111100011110011,133262182,0,0.100000,1.000000
133263395,82,1000001010100001111101100101000001001001111100100010010001001001111010111001100011,133262182,0,0.100000,1.000000
133263396,84,101000000011100101011100101101000001001001111100100010010001001001011100110101101010,133262182,0,0.100000,1.000000
133263397,82,1000000001110111101010010110100010100100111110010001001000100100111111001000110101,133262182,0,0.100000,1.000000
133263398,85,1001000001010110001011101101101000001001001111100100010010001001000111010111001100011,133262183,0,0.200000,1.000000
133263399,81,100000101010000111110110000100000100100110110010001001000100100111101011100110001,133262183,0,0.200000,1.000000
133263400,85,1001000001010110001011101101101000001001001111100100010010001001000111010111001100011,133262183,0,0.200000,1.000000
133263401,86,01100000011011011111110000110100100100100111110010001001000101100101111010000110001111,133225398,0,0.060000,0.600000
133263402,76,0000101111111111100001011010101001001111100100010010001001001010100100011001,133262183,0,0.200000,1.000000
133263403,77,00000000111110111110001010000010010011111001000100100010010010111011000110100,133262183,0,0.200000,1.000000
133263404,87,101000000001111100111110101001100001001001111100100010010011001001110111110001111001101,133262184,0,0.100000,1.000000
133263405,84,011000000001111011101000110110100010101100111110010001001000100101111111001001110101,133262184,0,0.100000,1.000000
133263406,81,100000001011111011111011010011000000100111110010001001010100100111111101110110101,133262184,0,0.100000,1.000000
133263407,81,000000000111001010101000001010100100100111110010001001001100110111110101001101001,133262184,0,0.100000,1.000000
133263408,87,101000000001111100111110101001100001001001111100100010010011001001110111110001111001101,133262184,0,0.100000,1.000000
133263409,84,110101010001110110101110010110100000100100101110010001001101100100111111000000100101,133262184,0,0.100000,1.000000
133263410,84,101000000011100101011100101101000001001001111100100110010001001001011100110101101010,133266899,0,0.100000,0.800000
133263411,84,101000000011100101011100101101000001001001111100100110010001001001011100110101101010,133262184,0,0.100000,1.000000
133263412,84,101000000011100101011100101101000001001001111100100110010001001001011100110101101010,133262184,0,0.100000,1.000000
133263413,84,101000000011100101011100101101000001001001111100100010010001001001011100110101101010,133262184,0,0.100000,1.000000
133263414,73,0000011110111011101010100100100100111110010001001001100100001111111000110,133262184,0,0.100000,1.000000
133263415,75,001001111011111110101010010001001001111100100010010011001001011111110001001,133266899,0,0.080000,0.800000
133263416,81,000000000111001010101000001010100100100111110010001001001100110111110101001101001,133262184,0,0.100000,1.000000
133263417,81,100000001011111011111011010011000000100111110010001001010100100111111101110110101,133262184,0,0.100000,1.000000
133263418,73,0000011110111011101010100100100100111110010001001001100100001111111000110,133266899,0,0.100000,0.800000
133263419,81,000000000111001010101000001010100100100111110010001001001100110111110101001101001,133266899,0,0.100000,0.800000
133263420,81,100000001011111011111011010011000000100111110010001001000100100111111101110110101,133262184,0,0.100000,1.000000
133263421,85,1100000010011010001111011000010000010010011011001000100100010010011111100100011110110,133266899,0,0.100000,0.800000
133263422,81,000000000111001010101000001010100100100111110010001001001100110111110101001101001,133266899,0,0.100000,0.800000
133263423,84,101000000011100101011100101101000001001001111100100010010001001001011100110101101010,133262184,0,0.100000,1.000000
133263424,84,101000000011100101011100101101000001001001111100100010010001001001011100110101101010,133262184,0,0.100000,1.000000
133263425,84,011000000001111011101000110110100010101100111110010001001000100101111111001001110101,133262184,0,0.100000,1.000000
133263426,79,0000000001111011111000010100000100100111110010001101000100100101110110001001001,133262185,0,0.040000,1.000000
133263427,82,1000000011111101110100010010000100100111110010001001001100101111011011000110011010,133262185,0,0.040000,1.000000
133263428,82,1010000001111101111100001001001001101001111100100010010001001001100110110001111110,133252602,0,0.100000,0.500000
133263429,84,011001010100111110011110010100100000100100111110010001001001100101101011011000111111,133262185,0,0.040000,1.000000
133263430,82,1000000010101110111100010101100100100100111111010001001000100100111011011000111101,133262185,0,0.040000,1.000000
133263431,84,011001010100111110011110010100100000100100111110010001001001100101101011011000111111,133230482,0,0.025000,0.500000
133263432,79,0000000001111011111000010100000100100111110010001101000100100101110110001001001,133247258,0,0.070000,0.700000
133263433,81,100000101010000111110110010101000100100111110010001001000100100111101011100110001,133262186,0,0.066667,1.000000
133263434,84,011001000100111110011110010100100000100100111110010001001001100100111011011000111111,133262186,0,0.066667,1.000000
133263435,80,00001001000011011111001010010010010010011111001000100100010010011001011100011100,133252612,0,0.160000,0.800000
133263436,85,1011001000100111110011100010100100000100100111110010001001001100100111011011000111111,133262186,0,0.066667,1.000000
133263437,81,100000101010000111110110010101000100100111110010001001000100100111101011100110001,133262186,0,0.066667,1.000000
133263438,84,111000011111011110010010000110100100100111110010001001000100100101111011010110110000,133262186,0,0.066667,1.000000
133263439,81,100000101010000111110110010101000100100111110010001001000100100111101011100110001,133262186,0,0.066667,1.000000
133263440,82,1101001100011100101011100101101001001011001111100100010010001001001011110110001010,133255833,0,0.028000,0.700000
133263442,84,111001000100111110011110010100100000110100111110010001001001100100111011010001111111,133262187,0,0.100000,1.000000
133263443,85,1001001001010100001011101101101000001001001111100100010010001001001111010111001100011,133257451,0,0.120000,0.600000
133263444,85,1001001001010100001011101101101000001001001111100100010010001001001111010111001100011,133262187,0,0.100000,1.000000
133263445,83,11001000100111110111110010100100000100100110110010001001001100100111011011000101111,133262187,0,0.100000,1.000000
133263446,75,000100011010111100101000001001000001111100100010010001001001111110110001101,133262187,0,0.100000,1.000000
133263447,83,11001001100111110011110010100100010100100111010010001001001100100111011011100111111,133262187,0,0.100000,1.000000
133263448,85,1001001001010100001011101101101000001001001111100100010010001001001111010111001100011,133262187,0,0.100000,1.000000
133263449,84,111000000011100111010100101101000001001001111100110010010001001001111110110011101010,133262187,0,0.100000,1.000000
133263450,86,00110010001001111100111100101001000001001001111100100010010011001001110110110001111110,133262187,0,0.100000,1.000000
133263451,75,000100011010111100101000001001000001111100100010010001001001111110110001101,133262187,0,0.100000,1.000000
133263452,84,111000000011100111010100101101000001001001111100110010010001001001111110110011101010,133255843,0,0.100000,0.500000
133263453,85,1001001001010100001011101101101000001001001111100100010010001001001111010111001100011,133257451,0,0.120000,0.600000
133263454,86,11100000011011011111110000110100100100100111110010001001000100100101111010000110001111,133262187,0,0.100000,1.000000
133263455,83,01000001010100101011101101101000001001001110100100010010011001001111010110001100010,133262187,0,0.100000,1.000000
133263456,82,1000000001110111101010010110100010100100111110010001001000100100111111001000110101,133262187,0,0.100000,1.000000
133263457,83,11001001100111110011110010100100010100100111010010001001000100100111011011100111111,133259007,0,0.160000,0.800000
133263458,78,000100111010101110010100101100100100111110011001001001100100111111011000111111,133262188,0,0.050000,1.000000
133263459,81,100000101010000111110110010100000100100111010010001001000100100111101010100110001,133255839,0,0.033333,0.500000
133263460,81,110100000011101011111000010010010000100111110110001001000100100100011011000111110,133262188,0,0.050000,1.000000
133263461,83,11001001100111110011110010100100010100100111010010001001000100100111011011100111111,133245503,0,0.033333,0.500000
133263462,78,000100111010101110010100101100100100111110011001001001100100111111011000111111,133255827,0,0.033333,0.500000
133263463,80,00000000011100101010100000101010010010011111001000100100110011011111010100110100,133262189,0,0.020000,0.500000
133263464,75,000110011110111100101000001001001001111100100010010001001001111110110001101,133262189,0,0.032000,0.800000
133263465,77,00000000111110111110001010000010010011111001000100100010010010111011000110100,133262189,0,0.040000,1.000000
133263466,80,00000000111011101010010110100010100100111110010001001000100100111111101000110101,133262189,0,0.040000,1.000000
133263467,82,0010110000101001010101001011010010010010011111001000100100010010010111010000110101,133262189,0,0.040000,1.000000
133263468,82,1000010011110111011100110001100000001001111100100010000011001001010100110101100011,133262189,0,0.040000,1.000000
133263469,82,1000001010100001101101100101000001001001011100100010010001001001111010111001100011,133255832,0,0.028000,0.700000
133263470,81,000000101110010101110010110100000100101111110010001001000100100111111011000110000,133262189,0,0.040000,1.000000
133263471,82,1101000100011100101011100101101001001011001111100100010010001001001011110110001010,133262189,0,0.040000,1.000000
133263472,76,0000001001010111110000100000100100100111110010001001000100100110000110001011,133262189,0,0.040000,1.000000
133263473,86,10010000000011100111011100100101000001001001111100100010010001001001111110010011101011,133262190,0,0.050000,1.000000
133263474,81,000000011110111111010100100000100100111110010001001000100100111011111000111110110,133262190,0,0.040000,0.800000
133263475,84,111001000100111110111110010100100000100100111110010001001001100100111011011000111111,133262190,0,0.050000,1.000000
133263476,85,1011001000100111110011100010100100000100100111110010001001001100100111011011000111111,133262190,0,0.050000,1.000000
133263477,83,11001000100111110011110110100100000100100111110011001001000100100111010110001111111,133262190,0,0.050000,1.000000
133263478,83,00000110011110111111110100010000100100110110010001001000100100111011111000111100110,133262190,0,0.050000,1.000000
133263479,75,000101011110111100101000001001001001111100100010010001001001111110100001101,133262191,0,0.100000,1.000000
133263480,83,11001001100111110011110010100100010100100111010010001001001100100111011011100111111,133262191,0,0.060000,0.700000
133263481,80,00000000011111011111000010110000100100111110010001001000100100101110110001101001,133257468,0,0.100000,1.000000
133263482,78,001100001100111110011100111010100101111110010001001000100100111010011000111111,133265304,0,0.100000,0.800000
133263483,79,0000000011111011010010100000000100100111110010001001000100100111011011000111110,133257468,0,0.100000,1.000000
133263484,85,1110100010101110010101110010110100001100100111110010001001000100100101111011000110110,133257468,0,0.100000,0.800000
133263485,84,111000011111011110110010000110100100100111110010001001000100100101111011010110110000,133265304,0,0.100000,0.800000
133263486,82,0000000111101111110100001000001001001111100100010010001001001010111110001111001101,133265304,0,0.100000,0.800000
133263487,83,00000000000111101111101100001000001011001011100100010010001001001111111011101111010,133262191,0,0.100000,1.000000
133263488,83,11100000001110011101010010110100000100100111110010001001000100100111111011001110101,133265304,0,0.100000,0.800000
133263489,88,0001100000010011011111110000110100100100100011110010001001000101100101111010000110001111,133252609,0,0.070000,0.700000
133263490,83,11100000111001111011001000001000010010011111001000100100010010010111101111011010000,133252609,0,0.100000,1.000000
133263491,88,0001100000010011011111110000110100100100100011110010001001000101100101111010000110001111,133257468,0,0.100000,0.700000
133263492,84,111110000011100100010100101001000001001001111100100010010001001001110100111001101000,133265292,0,0.120000,0.800000
133263493,84,110000001101101111111000011010000010010111110010001001000100100101111010000110001111,133257468,0,0.100000,0.600000
133263494,83,01000001010100101011101101101000001001001110100100010010011001001111010110101100010,133262191,0,0.100000,1.000000
133263495,83,11100000001110011101010010110100000100100111110010001001000100100111111011001110111,133257468,0,0.100000,1.000000
133263496,75,000101011110111100101000001001001001111100100010010001001001111110100001101,133262191,0,0.100000,1.000000
133263497,76,0000010101010111110000001000100101100111110010001001001100100110000110001011,133262191,0,0.100000,1.000000
133263498,81,100000101010001111110110010100000100100111110010001001000100100111100011100110001,133257468,0,0.100000,1.000000
133263499,81,100000101010000111110110110100000100100111110010001001000100100111101011100111001,133257468,0,0.100000,1.000000
133263500,75,000101011110111100101000001001001001111100100010010001001001111110100001101,133262191,0,0.100000,0.600000
133263501,76,0000000011101111110101011000010010011111101000100100110010011101101100011101,133241972,0,0.050000,0.500000
133263502,84,111100000001110001101010010110100000100100111110010001001000100100111101011001110101,133241972,0,0.050000,0.500000
133263503,82,0000000000111001010101000001010100010010011111001000100100110011011111010100110100,133241972,0,0.050000,0.500000
133263504,84,011101000100011100101011100101101000010010011111001000100100010010010111001100011010,133241972,0,0.100000,0.500000
133263505,82,1000001010100001001101101101000001001001111100100010010001001001111000101001100010,133262192,0,0.100000,1.000000
133263506,83,10110000001110010101010010100100000100110111110010001001000100100111010111001101001,133259008,0,0.050000,0.500000
133263507,85,1100000101010000101110110110100000101100111110010101001000100100111101011010110001010,133255830,0,0.033333,0.500000
133263508,85,1101000100011100101011100101101000001001001111100100010010000001001010110110001101011,133262193,0,0.200000,1.000000
133263509,82,1000001010100001001101101101000001001001111100100010010001001001111000101001110010,133255830,0,0.040000,0.600000
133263510,84,110011001000111100101100101001000001001101111100110010010011001001100101100011111110,133262193,0,0.100000,0.500000
133263511,82,1101000100101100101011100101101001001001001111100100010010001001001011110110001010,133259008,0,0.060000,0.600000
133263512,82,1101000100011100101011100101001001001001001111100100010010001001001011110110001010,133259008,0,0.060000,0.600000
133263513,82,1100000001011111011110110100100000100100111110010001001000100100111111101110110101,133255830,0,0.040000,0.600000
133263514,86,01100000011011011111110000110100100100100011110010001001000101100101111010000110001111,133262194,0,0.100000,1.000000
133263515,82,1000001010100001110101101101000001001001111100101010010001001001111010111001100010,133252600,0,0.100000,0.600000
133263516,84,111001000100111110111110010100100000100100111110010001001001100100111011011000111111,133262194,0,0.100000,1.000000
133263517,83,10000010101000010111011010010000010010011111001000100100010010011110101111011000101,133262194,0,0.080000,0.800000
133263518,84,111000011111011110110010000110100100100111110010001001000100100101111011010110111000,133252600,0,0.060000,0.600000
133263519,86,11001000001011100001111101101101000001001001111000110010010000001001111010111000100011,133262194,0,0.100000,1.000000
133263520,86,01100000011011011111110000110100100100100011110010001001000101100101111010000110001111,133252600,0,0.050000,0.500000
133263521,77,00100011011101110011000101101001001111100100010010011001001111110110001111111,133262194,0,0.100000,1.000000
133263522,84,110010001001111101111100101001000001001001111100100010010011001001110110110001111111,133262194,0,0.100000,1.000000
133263523,81,100001001111011101110010010110000100100111110010001001000100100101011011010110101,133262194,0,0.100000,1.000000
133263524,76,0000010101010111110000001000100101100111110010001001001100101110010110001011,133262194,0,0.060000,0.600000
133263525,86,11001000001011100001111101101101000001001001111000110010010000001001111010111000100011,133252600,0,0.100000,0.600000
133263526,84,110101000001111010101010010110100000100100111110010001001000100100101111110000110101,133262194,0,0.100000,1.000000
133263527,83,10000000101111101111100101001011001001001111100100010010001001001110110110001110010,133262194,0,0.060000,0.600000
133263528,84,110010001001111101111100101001000001001001111100100010010011001001110110110001111111,133262194,0,0.100000,1.000000
133263529,84,011001000100111110011110010100100000100100111110010001001001100100111011011000111111,133254153,0,0.040000,0.600000
133263530,81,110100000011101011111000010010010000100111110110001001000100100100011011000111110,133262195,0,0.050000,1.000000
133263531,86,01100110010001111001011001010010000010010011111001100100100111010011100101100011111110,133254153,0,0.033333,0.500000
133263532,77,00000000111110111110001010000010010011111001000100100010010010111011000110100,133262195,0,0.050000,1.000000
133263533,77,00010001101010111001010010111010010011111001000100100110010011001011000111111,133254153,0,0.040000,0.600000
133263534,84,011000000011110011111100001101001101001001111100100010010001001001011110100001100011,133262195,0,0.050000,1.000000
133263535,75,000100011100101101101000001001001001111100100010010000001001111110110001101,133254153,0,0.040000,0.600000
133263536,84,010001100000110010101010000010100000100101111110010001001000100100101111010010101011,133262195,0,0.050000,1.000000
133263537,86,01100110010001111001011001010010000010010011111001100100100111010011100101100011111110,133262195,0,0.050000,1.000000
133263538,76,0000001111111111000010110101010000011111001000100100010010010101001000110011,133254153,0,0.040000,0.600000
133263539,78,010000101000001111101100101000001001001111100100010010000101101111010111001100,133254153,0,0.040000,0.600000
133263540,81,110100000010111011111000010010010000100111110010001001000100100110011011000111110,133262195,0,0.050000,1.000000
133263541,83,10000000001110000101110000110101000100100111110010001001001100110111110101001101011,133262195,0,0.050000,1.000000
133263542,83,00010100000111001010101001011011000010010011111001001100100000010010111000000110101,133255839,0,0.050000,0.500000
133263543,84,111001000100111110011110010100100000110100111110010001001001100100111011010101111111,133245501,0,0.025000,0.500000
133263544,76,0000010101010111110000001000100101100111110010001001001100100110000110001011,133260440,0,0.030000,0.600000
133263545,86,01100110010001111001011001010010000010010011111001100100100110010011100101100011111110,133245501,0,0.025000,0.500000
133263546,83,00000000000111101111101100001000001010001011100100010010001001001111111011101111010,133255839,0,0.040000,0.400000
133263547,83,10000000001110000101110000110101000100100111110010001001001100110111110101001101011,133255830,0,0.060000,0.600000
133263548,81,100010001111110111010001001000010010011111001000100100110000111101101100011001101,133262196,0,0.200000,1.000000
133263549,83,10000000001110000101110000110101000100100111110010001001001100110111110101001101011,133255839,0,0.060000,0.600000
133263550,83,10100000001110010101110010110100000100100111110010001001000100100101110011010110101,133262196,0,0.200000,1.000000
133263551,81,110100000011101011111000010010010000100111110110001001000100100100011011000111110,133262196,0,0.200000,1.000000
133263552,76,0001000111001111001010010010010010011111001000100100000010011111101100011010,133245501,0,0.030000,0.600000
133263553,84,111010100000111001010101010110100000100100111110010001001000100100101111011000110101,133262196,0,0.200000,1.000000
133263554,84,111010100000111001010101010110100000100100111110010001001000100100101111011000110101,133262196,0,0.200000,1.000000
133263555,83,10000000001110000101110000110001000100100111110010001001001100110111110101001101011,133262196,0,0.200000,1.000000
133263600,84,001001010100111110011110010100100000100100111110010001001001100101101011011000111111,133260452,0,0.060000,0.600000
133263601,84,111110000011100101010100101001001001001001111100100010010001001001110100111001101000,133257454,0,0.024000,0.600000
133263604,82,1110000011100111111100100000100001001001111100100010010001001001011110110101101000,133266890,0,0.030000,0.600000
133263605,84,110101010001111010101110010110100000100100111110010001101001100100101111001001100101,133245503,0,0.060000,0.600000
133263606,87,111100000011011011111110000110100100100100111110010001001000100100101111010000110001111,133268609,0,0.025000,0.800000
133263609,85,0010000000011100111011100100101000001001001111100100010010001001000111110010011101011,133245508,0,0.025000,0.500000
133263610,84,111010001000111010101110010110100000110100111110010001001000100100101011011000110101,133222213,0,0.066667,1.000000
133263611,82,1000000001110111101010010110100010100100111110010001001000100100111111001000110101,133222213,0,0.066667,1.000000
133263612,85,0100000001011111011111011010010000010010011111001000100100010010011111110111011010111,133222213,0,0.066667,1.000000
133263614,82,1000001000100001111101100101000001001001111100100010010001001001111010111001100011,133268588,0,0.030000,0.600000
133263615,83,10111000001111010101010010100100000100100111110010001001000100100111010111001101001,133247271,0,0.016667,0.500000
133263616,83,10100000001110011101010000110110000100100111111010001001000100100111101000001110101,133268588,0,0.025000,0.500000
133263617,86,01100110010001111001011001010010000010010011111001100100100111010011100101100011111110,133247271,0,0.023333,0.700000
133263635,79,0000010011110111110001001111000010010010111001000100100010010010111101100010111,133223823,0,0.066667,1.000000
133263637,84,110101010001110110101110010110100000100100101110010001001001100100111111000000100101,133223829,0,0.050000,1.000000
133263638,76,0000010101010111110000001000100001100111110010001001001100100110000110001011,133270345,0,0.030000,0.600000
133263639,84,111001000100111110111110010100100000100100111110010001001001100100111011011000111111,133247254,0,0.035000,0.700000
133263640,82,1010000001111101111100001001001001101001111100100010010001001001100110110001111110,133223829,0,0.050000,1.000000
133263641,75,000101010110111100101000001001001001111100100010010001001001111110100001101,133223829,0,0.050000,1.000000
133263642,82,1000001010110000011101101101000001001001111100100010010101001001111010111001000011,133225394,0,0.100000,1.000000
133263643,83,11100000001110011101010010110100000100100111110010001001000100100111111011001110101,133225398,0,0.100000,1.000000
133263645,81,111010000111001100111001011010000010000011111001000100100010100111111001001110101,133251031,0,0.020000,0.500000
133263646,81,111010000111001100111001011010000010000011111001000100100010100111111001001110101,133238706,0,0.024000,0.600000
133263650,83,11100000001110011101010010110100000100100111110010001001000100100111111011001110101,133225402,0,0.066667,1.000000
133263651,82,1000000010111110111110010100101100100100111110010001001000100100111011011000111001,133247253,0,0.100000,0.500000
133263652,83,01110000001110011000110010110100000100100111110010001001000100100011101001001110101,133247253,0,0.100000,0.500000
133263654,83,01000010010111110111110110100100000100100111110010001001000100100111111101110110101,133247253,0,0.100000,0.500000
133263655,85,0000000000010100101011111111100110001001001111100100010010001001001111010110001011011,133247253,0,0.100000,0.500000
133263658,78,001100001100111110011100111010100101111110010001001000100100111010011000111111,133266903,0,0.025000,0.500000
133263659,83,11100000001110011101010010110100000100100111110010001001000100100111111011001110101,133225409,0,0.050000,1.000000
133263660,82,1000000001110011101010010110100010100100111110010001001000000100111111001001110101,133225409,0,0.050000,1.000000
133263661,79,0000100011010101110010100101110100100111110010011001000100100111110011000111111,133225409,0,0.050000,1.000000
133263662,84,110101000001111010101010010110100000100100111110010001001000100100101111110000110101,133225409,0,0.050000,1.000000
133263663,84,111110000011100101010100101001000001001001111100100010010001001001110100111001101000,133225409,0,0.050000,1.000000
133263664,84,110010001001111101111100101001000001001001111100100010010011001001110110110001111111,133225410,0,0.200000,1.000000
133263665,84,110010001001111101111100101001000001001001111100100010010011001001110110110001111111,133225410,0,0.200000,1.000000
133263666,82,0010110000111001010101001011010010010010011111001000100100000010010111010000110101,133243659,0,0.158730,0.800000
133263667,80,00100100111110111110000101000001001001111100100010010001001000011001100011010011,133233888,0,0.100000,0.800000
133263668,86,11100000011011011101110000110100000100100111110010001001000100100101111010010110001111,133243659,0,0.198413,1.000000
133263669,81,100000101011000000110110110100000100100111110010001001000100100111101011100100001,133233888,0,0.100000,0.800000
133263671,81,100000101010000111110110010100000100100111110010001001000100100111101011100110001,133227178,0,0.100000,1.000000
133263672,82,1100000010111110111110010100101100100100111110010001001000100100111011011000111001,133227178,0,0.100000,1.000000
133263673,79,0000100100001101011100101101001001001001111100100010010001001001110101110001110,133227178,0,0.100000,1.000000
133263683,86,01100000011011011111110000110100100100100010110010001001000101100101111010000110001111,133254149,0,0.033333,0.500000
133263686,82,1110000011100111101100100000100001001001111100100010010001001001011110111101101000,133254149,0,0.040000,0.600000
133263687,84,111001010100111110111110010100100000100100111110010001001001100100111011011000111011,133254149,0,0.040000,0.600000
133263690,80,01111001110011111000010001110000100100111110011001001000101100101111011000101111,133230500,0,0.040000,0.600000
133263691,83,00000001001010010101111111110011010100100111110010001101000100100111100110001011011,133247273,0,0.053333,0.800000
133263696,83,10100000001110010101110010110100000100100111110010001001000100100101010011010110101,133252596,0,0.060000,0.600000
133263697,83,11100000001110011101010010110100000100100111111010001001000100100111111011001110101,133252596,0,0.050000,0.500000
133263699,84,110101010001110110101110010110100000100100111110010001001001100100101111000000100101,133228722,0,0.040000,1.000000
133263700,86,01100110010001111001011001010010000010010011111001100100100110010011100101100011111110,133245516,0,0.025000,0.500000
133263701,82,1110010001101111100111100111001000001001011111100100010000100010001101111110011111,133228722,0,0.040000,1.000000
133263707,84,111110000011100101010100101001001001001001111100100010010001001001110100111001101000,133228727,0,0.050000,1.000000
133263708,81,000101000001110010101010010110110000100100111110010001001000001001011100000011010,133270351,0,0.030000,0.600000
133263709,83,10000000000111110011111010000110000100100111110010001001001100100111011110001111001,133249272,0,0.030000,0.600000
133263710,81,110000000101001110111001010101000100100111110010001001000100100011111001001100101,133228727,0,0.050000,1.000000
133263711,83,10100000001100010101110010110100000100100111110010001001000100100101110011010110101,133228727,0,0.050000,1.000000
133263712,83,01000001010100101011101101101000001001001110100100010010011001001111010110001100010,133228727,0,0.050000,1.000000
133263713,83,00010100000111001010101001011011000010010011111001000100100000010010111000000110101,133249272,0,0.035000,0.700000
133263714,83,00100000001111101111110101001000101001001111100110010010011001001110111110001111001,133228727,0,0.050000,1.000000
133263715,78,000000000111110111110001010000010010011111001000100100010010010111011000111100,133263562,0,0.050000,0.500000
133263716,83,01000001010100101011101101101000001001001110100100010010011001001111010110001100010,133228731,0,0.066667,1.000000
133263717,87,011101000100011100101011100101101000001001001111100100010010001001001011110110001101000,133228731,0,0.066667,1.000000
133263718,82,1000010011110111011100110001100000001001111100100010000011001001010100110101100011,133228731,0,0.066667,1.000000
133263719,82,1000001010110000011101101101000001001001111100100010010001001001111010111001000011,133228731,0,0.066667,1.000000
133263720,84,110101010001110110101110010110100000100100111110010001001001100100101111000000100101,133228731,0,0.066667,1.000000
133263721,82,1000000010111110111110010100101100100100111110010001001000100100111011011000111001,133263562,0,0.050000,0.500000
133263722,83,11100000001110011101010010110100000100100111110011001001000100100111111011001110101,133228731,0,0.066667,1.000000
133263723,83,11100000001110011101010010110100000100100111110011001001000100100111111011001110101,133228731,0,0.066667,1.000000
133263724,78,000000000111110111110001010000010010011111001000100100010010010111011000111100,133228731,0,0.066667,1.000000
133263725,82,1000000010111110111110010100101100100100111110010001001000100100111011011000111001,133228731,0,0.066667,1.000000
133263726,82,0010110000111001010101001011010010010010011111001000100100000010010111010000110101,133228731,0,0.066667,1.000000
133263727,79,1000000011110111110100001000001001001111100100010000001001011101111100111110011,133263562,0,0.040000,0.400000
133263728,83,11000000011100111111000100100000100100111110010001001000100100111011111000111100110,133228731,0,0.066667,1.000000
133263729,82,0010110000111001010101001011010010010010011111001000100100000010010111010000110001,133228731,0,0.053333,0.800000
133263730,83,01000001010100101011101101101000001001001110100100010010011001001111010110001100010,133228731,0,0.066667,1.000000
133263731,83,00000000000111101111101100001000001011001011100110010010001001001111111011101111010,133228731,0,0.066667,1.000000
133263732,83,10100000001110010101110010110100000100100111110010001001000100101101010011010110101,133265290,0,0.060000,0.600000
133263733,83,10111000001110010101010010100100000100100111110010001001000100110111010111001101001,133228734,0,0.200000,1.000000
133263734,84,001001010100111110011110010100100000100100111110010001000001100101101011011000111111,133228737,0,0.040000,1.000000
133263735,83,00000000000111101111101100001000001011001011100100010010001001001111111011101111010,133228737,0,0.040000,1.000000
133263736,81,100000101010000111110110010100000100100111110010001001000100100111101011100110001,133263563,0,0.070000,0.700000
133263737,82,1010000010111100111110010100101101100100111110010001001000100100111011011000111001,133228737,0,0.040000,1.000000
133263738,83,10000010101000010111011011010000010010011111001000100100010010011110101111011000101,133228737,0,0.040000,1.000000
133263739,84,001001010100111110011110010100100000100100111110010001001001100101101011011000111111,133228737,0,0.040000,1.000000
133263740,83,01000010010111110111110110100100000100100111110010001001000100100111111101110110101,133263563,0,0.070000,0.700000
133263741,77,00100000111110111110001010000010010011111001000100100010010010111011000110100,133263563,0,0.070000,0.700000
133263742,73,0010001110011110010100000100100100111110010001001000000100111111011000110,133263563,0,0.060000,0.600000
133263743,81,100100010011101011111010100100000100100110110010001001001100100111011011000111111,133263563,0,0.060000,0.600000
133263744,83,01000010010111110111110110100100000100100111110010001001000100100111111101110110101,133255829,0,0.030000,0.600000
133263745,83,00000000000111101111101100001000001011001011100100010010001001001111111011101111010,133228737,0,0.040000,1.000000
133263746,83,11001000100111110111110010100100000100100110110010001001001100100111011011000101111,133255829,0,0.035000,0.700000
133263747,73,0010001110011110010100000100100100111110010001001000000100111111011000110,133263563,0,0.060000,0.600000
133263748,82,0000100000111001000111000011010100010010011111001000100100110011011111010100110101,133263563,0,0.060000,0.600000
133263749,89,01011100000110110111111100001101001001001101111100100010010001001001011010100001100011100,133228738,0,0.050000,1.000000
133263750,79,0000000011111011010010100000000100100111110010001001000100100111011011000110110,133260439,0,0.050000,0.500000
133263751,84,001001010100111110011110010100100000100100111110010001001001100101101011011000111111,133243661,0,0.030000,0.600000
133263752,79,0000000011011011110000000100000100100111110010001001000100100101110110001101001,133243661,0,0.025000,0.500000
133263753,85,1101000100011100101011100101101000001001001111100100010010000001001010110110001101011,133263557,0,0.024000,0.600000
133263754,81,000000011110111111010100100000100100101110010001001000100100111011111000111100110,133228738,0,0.050000,1.000000
133263755,89,01011100000110110111111100001101001001001101111100100010010001001001011010100001100011100,133228738,0,0.050000,1.000000
133263756,83,11000000001111011101000110010100010101100111110010001001000100100111011001001110101,133228738,0,0.050000,1.000000
133263760,82,1000000010111110111110011100000100100100111110010001001001100100111011011000101101,133257455,0,0.046667,0.700000
133263761,73,0010001110011110010100000100100100111110010001001000000100111111011000110,133230486,0,0.100000,1.000000
133263762,84,111010011111011110110010000110100100100111110010001001000100100101111011010110110000,133230486,0,0.100000,1.000000
133263763,78,000100011010101110010100101110100100111110010011001000100100111110011000111111,133230487,0,0.200000,1.000000
133263764,83,10000101010000101110110010100000100100111110010001001000100100111101011110100001111,133230487,0,0.200000,1.000000
133263765,83,01000010011110111011100100001100000001001111100100010000011001001010100110101100011,133230487,0,0.200000,1.000000
133263766,84,011001000100111110011110010100100000100100111110010001001001100100111011011000111110,133254156,0,0.028000,0.700000
133263767,83,11001000100111110111110010100100000100100110110010001001001100100111011011000101111,133230492,0,0.033333,1.000000
133263769,83,10001001100111110011110010100100010100100111010010001001001100100111011011000111111,133249262,0,0.060000,0.600000
133263770,77,00000000111110111110001010000010010011111001000100000010010010111011000110000,133266893,0,0.100000,0.500000
133263772,84,101110000011100101010100101001000001001001111100100010010001001001110111110011010011,133266893,0,0.100000,0.500000
133263773,85,0010000010011100111011100100101000001001001111100100010010001001001111110010011101011,133230497,0,0.066667,1.000000
133263774,83,10100000001110000101110010110100000100100111110010001001000100100101110111010110101,133230497,0,0.066667,1.000000
133263775,83,11100000001110011101010010110100000100100111110010001001000100100111101011001110101,133230497,0,0.066667,1.000000
133263776,81,100000001111110111010001001000010010011111001000100100110010111101101100011001101,133230497,0,0.066667,1.000000
133263779,86,01110100010001110010101110010110100000100100111110010001001000100101101111011000110101,133230500,0,0.066667,1.000000
133263780,84,110101000001110010101010010110100000100100111110010001001000100100101111110000110101,133230500,0,0.066667,1.000000
133263781,84,110101000001110010101010010110100000100100111110010001001000100100101111110000110101,133230500,0,0.066667,1.000000
133263782,81,100000101010000111110110010100000100100111010010001001000100100111101010100110001,133230500,0,0.066667,1.000000
133263785,84,001001010100111110011110010100100000100100111110010001001001100101101011011000111111,133247269,0,0.046667,0.700000
133263786,80,00001001000011011111001010010010010010011111001000100100010010011001011100011100,133268590,0,0.040000,0.600000
133263787,84,001001010100111110011110010100100000100100111110010001001001100101101011011000111111,133232161,0,0.066667,1.000000
133263788,85,1011001000100111110011100010100100000100100111110010001001001100100111011011000111111,133232161,0,0.040000,0.600000
133263789,84,110010001001111101111100101001000001001001111100100010010011001001110110110001111111,133232163,0,0.050000,1.000000
133263790,86,01110100010001110010101110010110100000100100111110010001001001100100101101011000110101,133232163,0,0.050000,1.000000
133263791,83,11100000001110011101010010110100000100101111110010001001000100100111111011001110101,133232163,0,0.050000,1.000000
133263792,76,0000010101010111110000001000100101100111110010001001001100100110010110001011,133232163,0,0.050000,1.000000
133263793,80,01000010101000011111011001010100010010011111001000100100001011011110101110011000,133232163,0,0.050000,1.000000
133263794,83,01000010011110111011100100001100000001001111100100010000011001001010100110101100011,133232163,0,0.050000,1.000000
133263795,82,0100000001010111011111011010010001000100111110010001001000100100011111101110110101,133232163,0,0.050000,1.000000
133263796,85,0100000000111110011111010100110000100100111110010001001001100100111011111000111100110,133232163,0,0.050000,1.000000
133263797,84,110010001001111101111100101001000001001001111100100010010011001001110110110001111111,133232163,0,0.050000,1.000000
133263798,79,0000000001111011111000010100000100100111110010001101000100100101110110001001001,133232163,0,0.050000,1.000000
133263799,76,0000010101010111110000001000100101100111110010001001001110100110000110001011,133232163,0,0.050000,1.000000
133263800,84,111001000100111110111110010100100000100100111110010001001001100100111011011000111111,133232163,0,0.050000,1.000000
133263801,81,100000001011111011110110100100000100100111110010001011000100100111111101110110101,133232163,0,0.040000,0.800000
133263802,83,10000000001110000101110000110001000100100111110010001001001100110111110101001101011,133232163,0,0.050000,1.000000
133263803,74,00000011101111010101011000010010011101001000100100110010011101101100011101,133232163,0,0.050000,1.000000
133263804,84,111001000100111110111110010100100000100100111110010001001001100100111011011000111111,133232163,0,0.050000,1.000000
133263805,85,1011001000100111110011100010100100000100100111110010001001001100100111011011000111111,133232166,0,0.066667,1.000000
133263806,85,1011001000100111110011100010100100000100100111110010001001000100100111011011000111111,133232166,0,0.066667,1.000000
133263807,75,000001111011011110101010010001001001111100100010010011001001011111110001101,133225402,0,0.066667,0.600000
133263808,79,0000100100001101011100101001001001001001111100100010010001001001110101110001110,133225402,0,0.066667,0.600000
133263809,84,110101010001110110101110010110100000100100101110010001001001100100111111000000100101,133225402,0,0.040000,0.600000
133263810,82,1000000001110111101010010010100010100100111110010001001000100100111111001000110101,133232166,0,0.066667,1.000000
133263811,81,000000000111001010101000001010100100100111110010001001001100110111110101001101001,133232168,0,0.100000,1.000000
133263812,84,101000000011100101011100101101000001001001111100100110010001001001011100110101101010,133232168,0,0.100000,1.000000
133263813,76,0000010101010111110000001010100001100011110010001001001100100110000110001011,133232169,0,0.033333,0.500000
133263814,79,0000000001110111110100010010100100100110100010001001000100100111011011000011001,133266895,0,0.070000,0.700000
133263815,84,111001000100111110011110010100100000100100111110010001001001100100011011111100111111,133232171,0,0.040000,1.000000
133263816,76,0000101111111111100001011010101001001111100100010010001001001010100100111001,133232171,0,0.040000,1.000000
133263817,87,011100000011011011111110000110100000100101111110010001001000100100101110010010110001111,133262180,0,0.060000,0.600000
133263818,83,01000010010111110111110010100100100100100111110110001001001100100111011011000111101,133263569,0,0.060000,0.600000
133263819,87,011001000100111110010110010100100000100110111110010001011001100100110011011000111111101,133233877,0,0.100000,1.000000
133263820,84,110101010001110110101110010110100000100100111110010001001001100100101111000000100101,133262180,0,0.060000,0.600000
133263821,75,000100011100101101101000001001001001111100100010010000001001111110110001101,133233877,0,0.100000,1.000000
133263836,82,1010000001111101111100001000001001101001111100100010010001001001100110110001111110,133233881,0,0.040000,0.600000
133263837,79,0000001011111011010010100000000100100111110010001001000100100111011011000111110,133232169,0,0.053333,0.800000
133263838,84,011001000100111110011110010100100000100100111110010001001001100100111011011000111111,133233881,0,0.066667,1.000000
133263839,83,00000000001110010101110000110101000110100111110010001001001100110111110101001101011,133232169,0,0.040000,0.600000
133263840,87,011101000100011100101011100101101100011001001111100100010010001001001011110110001100010,133233881,0,0.046667,0.600000
133263841,81,100000101010000111110110110100000100100111110010001001000100100111101011100111001,133233881,0,0.053333,0.600000
133263842,86,11110010001001111101111100101001000001001001111100100010010011001001110110110001111110,133233881,0,0.046667,0.600000
133263843,76,0000001001010111110000100000100100100111110010001001000100100110000110001011,133232169,0,0.066667,0.800000
133263844,84,111001000110111110011110011100100000100101111110010001001001000100011011111100111101,133232169,0,0.040000,0.600000
133263845,82,1010000001111101111100001011001001001001101100100010010001001001100110110001111110,133265293,0,0.046667,0.700000
133263846,82,0000000000111001000111000011010100010010011111001000100100110011011111010100110101,133265293,0,0.046667,0.700000
133263847,86,01001000001010110001011101101101000001001001111100100010010001001001111010111001100011,133233881,0,0.053333,0.600000
133263848,82,0000000000111001100111000011010100010010011111001000100100110011011111010100110101,133232169,0,0.066667,0.700000
133263849,83,10000000000111110011111010000110000100100111110010001001001100100111011110001111001,133233881,0,0.040000,0.600000
133263850,82,0000000000111001000111000011010100010010011111001000100100110011011111010100110101,133232169,0,0.046667,0.700000
133263851,84,111001000110111110011110011100100000100101111110010001001001000100011011111100111101,133232169,0,0.066667,0.600000
133263852,83,10111000001110010101010010100100000100100111110010001001000100100101110111001101001,133232169,0,0.053333,0.800000
133263853,84,101110000011100101010100101001000001001001111100100010010001001001110101110011010011,133233881,0,0.053333,0.600000
133263854,82,0000000000111001000111000011010100010010011111001000100100110011011111010100110101,133232169,0,0.046667,0.700000
133263855,79,0000100100001101011100101101001001001001111100100010010001001001110101110001110,133232169,0,0.066667,0.800000
133263856,81,100000001011111011110110100100000100100111110010001001000100100111111101110110101,133233881,0,0.066667,1.000000
133263857,84,010000000001110000101110000110001000100100111110010001001001100110111110101001101011,133232169,0,0.046667,0.700000
133263858,86,01001000001010110001011101101101000001001001111100100010010001001001111010111001100011,133265293,0,0.053333,0.800000
133263859,85,1111001000100111110111110110100100000100100111110010001001001100100111011011001111111,133233881,0,0.066667,1.000000
133263862,74,00000011101111010101011000010010011101001000100100110010011101101100011101,133233888,0,0.200000,1.000000
133263863,82,1110000010100111101100100000100001001001111100100010010001001001011110111101101000,133270338,0,0.200000,0.800000
133263864,73,0000011110111011101010100100100100111110010001001001100100001111111000110,133235528,0,0.040000,1.000000
133263865,81,000000000111001010101000001010100100100111110010001001001100110111110101001101001,133235528,0,0.040000,1.000000
133263866,84,101000000011100101011100101101000001001001111100100110010001001001011100110101101010,133268598,0,0.040000,0.500000
133263867,87,101000000001111100111110101001100001001001111100100010010011001001110111110001111001101,133235528,0,0.040000,1.000000
133263868,73,0000011110111011101010100100100100111110010001001001100100001111111000110,133235528,0,0.040000,1.000000
133263869,84,110101010001110110101110010110100000100100101110010001001101100100111111000000100101,133235528,0,0.040000,1.000000
133263870,84,110101010001110110101110010110100000100100101110010001001001100100111111000000100101,133235528,0,0.040000,1.000000
133263871,84,110101010001110110101110010110100000100100101110010001001101100100111111000000100101,133235528,0,0.040000,1.000000
133263872,85,1100000010011010001111011000010000010010011011001000100100010010011111100100011110110,133245507,0,0.040000,0.500000
133263873,81,000000000111001010101000001010100100100111110010001001001100110111110101001101001,133235528,0,0.040000,1.000000
133263874,85,1100000010011010001111011000010000010010011011001000100100010010011111100100011110110,133235528,0,0.040000,1.000000
133263875,84,110101010001110110101110010110100000100100101110010001001101100100111111000000100101,133235528,0,0.040000,1.000000
133263876,84,101000000011100111011000101101000001001001111100100110010001001001011100110101101010,133245507,0,0.032000,0.500000
133263877,84,101000001011100101011100101101000001001001111100100110010001001001011100110101101010,133245507,0,0.032000,0.500000
133263881,80,10000000111101111110101001000001001001111100100010001001001011001111100011110011,133259005,0,0.120000,0.600000
133263882,89,01011100000110110111111100001101001001001101111100100010010001001001011010100001100011101,133259005,0,0.140000,0.700000
133263883,82,1000000001110011101010010110100010100100111110010001001000000100111111001001110101,133235531,0,0.050000,1.000000
133263884,83,10100000001110010101110010110100000100100111110010001001000100100101110011000110101,133235534,0,0.200000,1.000000
133263885,83,10100000001110010101110010110100000100100111110010001001000100100101110011000110101,133235534,0,0.200000,1.000000
133263886,83,00000000000111101111101100001000001011001011100100010010001001001111111011101111010,133235537,0,0.100000,1.000000
133263887,84,010000000011101001111101010011000010010011111001000100100110010011101111100011110011,133235537,0,0.100000,1.000000
133263888,84,110000001101011110110000110100000100100111110010001001000100100101111010000110001011,133235537,0,0.100000,1.000000
133263889,86,10010000010101000010111011011010000010010011111001000100100010010011110101100011000101,133268605,0,0.033333,0.800000
133263890,83,01100100001110011001010010110100000100000111110110001001000100100111111001001110101,133235539,0,0.033333,1.000000
133263891,84,001100000001110011101100010110100000100100111110011001001000100100111111001001010101,133235539,0,0.033333,1.000000
133263892,86,11110010001001111101111100101001000001001001111100100010010011001001110110110001111110,133235539,0,0.033333,1.000000
133263893,85,0010000010011100111011100100101000001001001110100100010010001001001111110010011101011,133235541,0,0.100000,1.000000
133263894,84,110110000011100101010100101001000001001001111101100010010001001001110100111001101000,133235541,0,0.100000,1.000000
133263895,82,1010000001111101111100001001001001001001111100100010010001001001100110110001111110,133235542,0,0.066667,1.000000
133263896,80,10000000111101111110100001000001001001111100100010000001001011101111100011110011,133252599,0,0.050000,0.500000
133263897,75,000100011010111000101000001001000001111100100010010001001001111110110001101,133235542,0,0.066667,1.000000
133263898,80,10000000111101111110100001000001001001111100100010000001001011101111100011110011,133235542,0,0.066667,1.000000
133263899,84,111110000011100100010100101001000001001001111100100010010001001001110100111001101000,133252599,0,0.050000,0.500000
133263900,86,01000000100011111001111101000011000010010011111001000100100110010011101010100011110011,133235542,0,0.066667,1.000000
133263901,82,1001001000100001011111101101000001001001111100100010010001011001101010111001100011,133235542,0,0.066667,1.000000
133263902,84,111001000110111110011110011100100000100101111110010001001001000100011011111100111101,133259004,0,0.060000,0.600000
133263903,86,01000000000111110101100010100100100100100111110010001001001000101111010011000111101011,133266894,0,0.030000,0.600000
133263904,80,00000100111110111110000101000001001001111100100010010001001000011111100011010010,133257459,0,0.040000,0.800000
133263905,80,00000100111110111110000101000011001001111100100010010001001000011111100011010010,133266894,0,0.030000,0.600000
133263906,84,111001000100111110111110010100100000100100111110010001001001100100111011011000111111,133235546,0,0.200000,1.000000
133263907,83,11101010000011100101010101011010000010010011111001000100100010010010111101100011010,133235546,0,0.200000,1.000000
133263908,82,1000000001110111101010010110100010100100111110010001001000100100111111001000110101,133235547,0,0.100000,1.000000
133263909,81,001000000111110111110000100100100100101111110010001001000100100110011011000111111,133235547,0,0.100000,1.000000
133263910,84,111001000100111110111110010100100000100100111110010001001001100100111011011000111111,133235547,0,0.100000,1.000000
133263911,82,1101001100011100101011100101101001001011001111100100010010001001001011110110001010,133235547,0,0.100000,1.000000
133263912,83,11000000010111110111110010100101100100100111110010001001000100100111011011000111001,133270340,0,0.100000,0.500000
133263913,76,0000101111111111100001011010101001001111100100010010001001001010100100111001,133235547,0,0.100000,1.000000
133263914,81,100000001010000111110110110100000100100111010010001001000100100111101011100111001,133235547,0,0.100000,1.000000
133263915,76,0001000111001111001010010010010010011111001000100100000010011111101100011011,133235547,0,0.100000,1.000000
133263925,82,1100001010100001111101100101000001001001111100100010010001001101111010011001100011,133237113,0,0.100000,1.000000
133263930,83,10100000001110010101110010110100000100100111110010001001000100101101110011010110101,133268591,0,0.040000,0.600000
133263931,82,1101000100011100101011100101001001001001001111100100010010001001001011110110001010,133237119,0,0.040000,1.000000
133263932,82,1101100010011111011111001010000000010010011110010001001001100100111011011000111111,133237119,0,0.040000,1.000000
133263933,84,101010001000111010101110010110100000100100111110010001001000100100101011011000110101,133237119,0,0.040000,1.000000
133263935,82,1110000011100111111100100000100001000011111100100010010001001001011110110101101000,133251038,0,0.016667,0.500000
133263939,81,100000101011000001110110110100000100100111110010001001000100100111101011100100001,133245506,0,0.024000,0.600000
133263941,84,111001000100111110111110010100100000100110111110010001001001100100111011011000111111,133268597,0,0.020000,0.600000
133263945,84,100000101010000101110110110100000100100111110010001001000100100111101011010110001010,133245506,0,0.024000,0.600000
133263949,84,111001000100111110111110010100100000100110111110010001001001100100111011011000111111,133252610,0,0.024000,0.600000
133263950,75,000101010110111100101000001001001001111100100010010001001001111110100001101,133245506,0,0.024000,0.600000
133263951,85,1101000000011100001011100101101010001001001111000100010010001001011011110110001101010,133237121,0,0.100000,1.000000
133263966,84,010001100000110010101010000010100000100100111110010001001000100100101111010010101011,133255828,0,0.066667,0.600000
133263967,84,111001000100111110011110010100100000110100111110010001001001100100111011010001111111,133252605,0,0.030000,0.600000
133263968,80,01001001010100001111101100101000011001011111001000100100001010011110101110011000,133255828,0,0.066667,0.500000
133263969,86,00110010001001111100111100101001000101001001111100100010000011001001110110110001111101,133238687,0,0.200000,1.000000
133263970,86,10010000010101000010111011011010000010010011111001000100100010010011110101100011000101,133265294,0,0.060000,0.600000
133263971,83,11001010100111110111110010100100000100100111110010001001001100100111011011000111011,133238687,0,0.200000,1.000000
133263972,77,00000000111110111110001010000010010011111101000100110010010010111011000110100,133265294,0,0.050000,0.500000
133263973,85,1101000000011100001011100101101010001001001111000100010010001001001011110110101101010,133257464,0,0.026667,0.800000
133263974,84,111100000001110011101110010110100000100100111110010001001000100100111101011001110101,133238696,0,0.050000,1.000000
133263975,86,10011000000110101010111001010010000010010011111001000000101010010011100001110111010000,133257464,0,0.023333,0.700000
133263976,76,0000010101010111110000001000100101100111110010001001001100100110000110001011,133257464,0,0.023333,0.700000
133263977,82,1000001010110000011101101101000001001001111100100010010001001001111010110001000011,133257464,0,0.033333,1.000000
133263984,79,0000010011111011010010100000000100100111110010000001000100100111011011001111110,133238699,0,0.100000,1.000000
133263985,83,11100010001110011101010010110100000100100111110010001001000100100111111011001110101,133238700,0,0.066667,1.000000
133263986,83,10000000101011101111110101011001001001001111100100010010001001001110110100001111110,133254158,0,0.080000,0.800000
133263987,83,11100000111001111011001000001000010010011111001000100100010010010111101111011010000,133254158,0,0.080000,0.800000
133263988,81,100000101011000000110110110100000100100111110010001001000100100111101011100100001,133238700,0,0.066667,1.000000
133263989,83,11100010001110011101010010110100000100100111110010001001000100100111111011001110101,133238700,0,0.066667,1.000000
133263990,83,11101010000011100101010101011010000010010011111001000100100010010010101111100011010,133238700,0,0.066667,1.000000
133263991,75,000101011110111100101000001011001001111100100010010000001001111110100001101,133238700,0,0.066667,1.000000
133263996,83,11011001100111110111110010100100000100100111110010001001001100100111011011000111011,133238706,0,0.028000,0.700000
133263997,83,11011001100111110111110010100100000100100111110010001001001100100111011011000111011,133251031,0,0.024000,0.600000
133263998,82,1000000010111010111110011100000100101100111111010001001001100100111011011000101101,133232167,0,0.060000,0.600000
133263999,84,011000000011110111111100001101001001001001111100100010010001001001011110100001100011,133260445,0,0.040000,0.600000
133264000,83,10100000001110010101110010110100000100100111110010001001000100100101110011010110101,133238705,0,0.040000,1.000000
133264001,79,0000001011111011010010100000000100100111110010001001000100100111011011000111110,133260445,0,0.040000,0.600000
133264002,84,111100000001110011101010010110100000100100111110010001001000100100111111011001110111,133260445,0,0.040000,0.600000
133264003,83,11100000001110011101010010110100000100100111110010001001000100100111111011001110101,133238705,0,0.040000,1.000000
133264004,80,10000000101111101111100101001011001001001111100100010110010010011101101100011100,133238705,0,0.000000,0.000000
133264005,84,011101000100011100101011100101101000010010011111001000100100010010010111001100011010,133260445,0,0.040000,0.600000
133264006,81,000000101110010101110010110100000100100111110010001001000100100111111011000110000,133260445,0,0.040000,0.600000
133264007,84,011000000011110011111100001101001101001001111100100010010001001001011110100001100011,133238705,0,0.040000,0.600000
133264008,82,1000001010100001111101100101000001001001111100100010010001001001111010111001100000,133260445,0,0.040000,0.600000
133264009,81,100000101010000111110110010100000100100111110010001001000100101011101011100110001,133260445,0,0.040000,0.500000
133264010,81,100000101110000111110110010100000100100111110010001001000100101011101011100110001,133238705,0,0.040000,1.000000
133264011,79,1000000011110111110100001000001001001111100100010000001001011101111100111110011,133243640,0,0.040000,0.700000
133264012,82,1000000011110111111010100100000100100111110010001001000100100111011111000111100111,133238706,0,0.040000,1.000000
133264013,82,0010110000111001010101001011010010010010011111001000100100000010010111010000110101,133243640,0,0.040000,0.700000
133264014,81,100000001010000111110110110100000100100111010010001001000100100111101011100111001,133238706,0,0.040000,1.000000
133264015,86,11100000011011011110110000110100000100100111110010001001000100100101111010000110001111,133238706,0,0.040000,1.000000
133264016,81,000000101110010101110010110100000100100111110010001001000100100111111011000110000,133238706,0,0.040000,1.000000
133264017,82,1000000010101110111100010101100100100100111110010001001000100100111011011000111101,133266895,0,0.100000,1.000000
133264018,81,100000101010001111110110010100000100100111110010001001000100100111100011100110001,133241974,0,0.030000,0.600000
133264019,80,00000000111110111110100101010001001001111100100010010001001001011101100011010011,133260443,0,0.100000,0.800000
133264020,83,11001000100111110111110010100100000100100110110010001001001100100111011011000101111,133260443,0,0.100000,0.600000
133264021,80,00000000111110111110100101010001001001111100100010010001001001011101100011010011,133260443,0,0.100000,0.800000
133264022,80,00000000111110111110100101010001001001111100100010010001001001011101100011010011,133238709,0,0.100000,1.000000
133264023,85,0011000000001111001101000110110100010000100111110010001001000100100111111001001110101,133238709,0,0.100000,1.000000
133264024,82,1000000011110111111010100100000100101111110010001001000100100111011111000111100110,133240459,0,0.100000,1.000000
133264025,83,11100000001110011101010010110100000100100111110010001001000100100111111011001110111,133240459,0,0.100000,1.000000
133264026,83,01000001010100101011101101101000001001001110100100010010011001001111010110001100010,133240459,0,0.100000,1.000000
133264027,78,000000011111011010010100000000100100111110010001001000100100111011011000110110,133240459,0,0.100000,1.000000
133264028,83,11100000001110011101010010110100000100100111110010001001000100100111111011001110111,133240459,0,0.100000,1.000000
133264029,85,1100010001001111100111101101001000001001001101100100010010011001001110100110001111111,133240459,0,0.100000,1.000000
133264030,76,0000001111111111000010110101010000011111001000100100010010010101001000110011,133235537,0,0.080000,0.800000
133264031,83,11011000100111110101110010100100000100100111110010001001001100100111011011000111011,133235537,0,0.070000,0.700000
133264032,82,1000000001110111101010010110100010100100111110010001001000100100111111001000110101,133265295,0,0.053333,0.800000
133264033,83,11100000001110011101010010110100000100100111110010001001000100100111111011001110101,133257465,0,0.040000,0.600000
133264034,75,000001010101011111000000100010010110011111001001001001100100110000110001011,133265295,0,0.033333,0.500000
133264035,84,110101010001110110101110010110100000100100111110010001001001110100101111000000100101,133240461,0,0.050000,1.000000
133264036,83,01101000100111110111110010100100000100100111110010001001001100100111011011010111111,133240461,0,0.050000,1.000000
133264037,81,100000101010000111110110010100000100100111110010001001000010100111101011100110001,133265294,0,0.060000,0.600000
133264038,83,11100000001110011101010010110100000100100111111010001001000100100111111011001110101,133240461,0,0.050000,1.000000
133264039,73,0010001101011110000100000100100000111110010001001000100100111111111000101,133243645,0,0.060000,0.600000
133264040,82,1100000100011100101011100101101001001001001111100100010010001001001011110110001010,133243645,0,0.060000,0.600000
133264041,83,11100000001110011101010010110100000100100111110010001001000100100111111011001110111,133240463,0,0.100000,1.000000
133264042,82,1010000010111100111110010100101100100100111110010001001000100100111011011000111001,133240463,0,0.100000,1.000000
133264043,84,011101000100011100101011100101101000010010011111001000100100010010010111001100011010,133240463,0,0.100000,1.000000
133264044,88,0101110000011011011111110000110100100100110111110010001001000100100101101010000110001110,133243655,0,0.100000,0.500000
133264045,83,01001000100111110111110010100100000100100111110010001001001100100111011011000111011,133240464,0,0.100000,1.000000
133264046,86,01000000100011111001111101000011000010010011111001000100100110010011101110100011110011,133240464,0,0.100000,1.000000
133264047,85,1111010110000111000010001010110100000100100111110010001001000100100101111011000110101,133240464,0,0.080000,0.800000
133264048,74,00000011101111010101011000010010011101001000100100110010011101101100011101,133240464,0,0.100000,1.000000
133264050,84,100010000011101110011101010000000010010011111001000100100010010011101110010011110010,133254146,0,0.024000,0.600000
133264051,84,011001010100111110011110010100100000100100111110010001001001100101101011011000111111,133240466,0,0.028000,0.600000
133264052,80,00000000011111011111000010100000100100111110010001001000100100101110110001101001,133255833,0,0.024000,0.800000
133264053,87,011101000100011100101011100101101000001001001111100100010010001001001011110110001101010,133240466,0,0.160000,0.600000
133264054,83,01100100001110011001010010110100000100000111110110001001000100100111111001001110101,133240467,0,0.050000,1.000000
133264055,81,100000101010000111110110010100000100100111110010101001000100100111101011100110001,133225410,0,0.140000,0.700000
133264056,82,1000001010100001111101101101000001001001111100100010010001001001111010111001110010,133247259,0,0.060000,0.600000
133264057,86,11100000010011011111110000110100100100100111100010001001100100100101111010000110001111,133266896,0,0.046667,0.700000
133264064,82,0100000101010000111110110110100000100100111110010001001010100100111101011100110001,133240472,0,0.066667,1.000000
133264065,85,0010000000011100111011100100101000001001001111100100010010001001001111110010011101011,133270343,0,0.066667,0.500000
133264066,81,100000101010000111110110010100000100100111110010001001000100100111101011100110001,133240475,0,0.066667,1.000000
133264067,78,001100001100111110011100111110100101111110010001001000100100111010011000111101,133270343,0,0.066667,0.500000
133264068,76,0000101111111111100001011010101001001111100100010010001001001010100100111001,133240475,0,0.066667,1.000000
133264069,75,000110011101111100101000001001001001111100100010010000001001111110110001101,133240475,0,0.066667,1.000000
133264070,77,00000101111111111100001011010001001001111100100010010001001001010100100011001,133241963,0,0.050000,1.000000
133264071,86,11100000011011011111110000110100000100100111110010001001000100100101111010000110001111,133268593,0,0.026667,0.800000
133264072,82,0010110000111001010101001011010010010010011111001000100100000010010111010000110101,133241964,0,0.100000,1.000000
133264073,82,1000000010111110111110011100000100101100111110010001001001100100111011011000101101,133260443,0,0.100000,0.600000
133264074,82,0010110000111001010101001011010010010010011111001000100100000010010111010000110101,133241964,0,0.100000,1.000000
133264085,87,011001000100111110010110010100100000100110111110010001011001100100110011011000111111101,133238693,0,0.024000,0.600000
133264093,83,11101000100111100001011100101101001101001001111100100010010001001001011110110001010,133266894,0,0.030000,0.600000
133264094,80,00000000011111011111000010100000100100111110010001001000100100101110110001101001,133241967,0,0.050000,1.000000
133264095,85,0111110000011100101010100101001000001001001111100110010010001001001110100111001101000,133241967,0,0.050000,1.000000
133264096,83,10000000001110000101110000110001000100100111110010001001001100110111110101001101011,133266894,0,0.030000,0.600000
133264097,85,1100100010011111011111001010010000010010011111001000100100110010011101101100011111111,133266894,0,0.030000,0.600000
133264098,83,01011000100101010111110010100100000100100110110010001001001100100111011011000111111,133241967,0,0.040000,0.800000
133264099,77,00000000111110111110001010000010010011111101000100110010010010111011000110100,133241967,0,0.050000,1.000000
133264100,80,00000000011111011111000010100000100100111110010001001000100100101110110001101001,133241967,0,0.050000,1.000000
133264101,83,11100000001110011101010010110100000100100111110010001001000100100111111011001110101,133241967,0,0.050000,1.000000
133264102,78,000100011010101110010100101110100100111110010011001000100100111111001000111111,133241967,0,0.050000,1.000000
133264103,84,111000000101111001111100101011001001001001111100100010010101011001100010110100011010,133241967,0,0.050000,1.000000
133264104,82,1000000010111110111110011100000100100100111110010001001001100100011011011000101101,133241967,0,0.050000,1.000000
133264105,86,01000000100011111001111101000011000010010011111001000100100110010011101110100011110011,133241971,0,0.050000,1.000000
133264106,82,1000000010111110111110011100100100110100111110010001001100100100111011011000101101,133241972,0,0.100000,1.000000
133264107,82,1000001010100001001101101101000001001001111100100010010001001001111000101001100010,133241972,0,0.100000,1.000000
133264108,80,01111001110011101000010001110000100100111110011001001000100100101111011000101111,133241972,0,0.100000,1.000000
133264109,83,11100000001110011101010010110100000100100111110010001001000100100111111011001110101,133241972,0,0.050000,0.500000
133264110,83,11100000001110011100010010110100000100100111110010001001000100100111111011001110101,133241972,0,0.100000,1.000000
133264111,85,1111110000011100100010100101001000001001001111100100010010001001001110100111001101000,133241973,0,0.100000,1.000000
133264112,75,000101011110111100101000001001001001111100100010010001001001111110100001101,133241973,0,0.100000,1.000000
133264113,83,00100000001111101111110101001000101001001111100110010010011001001110111110001111001,133241975,0,0.066667,1.000000
133264114,76,0000000011101111010001011000010000011111001000100100110010011101101100011101,133241975,0,0.066667,1.000000
133264115,86,01000000100011111001111101000011000010010011111001000100100110010011101110100011110011,133241975,0,0.066667,1.000000
133264117,86,11110010001001111101111100101001000001001001111100100010010011001001110110110001111110,133241975,0,0.066667,1.000000
133264118,82,1010000010111100111110010100101100100100111110010001001000100100111011011000111001,133241975,0,0.066667,1.000000
133264119,83,01100100010011111001110001010010000000100111110010001001001100100111011011000111111,133241975,0,0.066667,1.000000
133264120,79,0000000011111011010010100000000100100111110010001001000100100111011011000110110,133241975,0,0.066667,1.000000
133264121,86,11100000011011011111110000110100000100100111110010001001000100100101111010000110001111,133268588,0,0.066667,0.600000
133264122,82,1010000010111100111110010100101100100100111110010001001000100100111011011000111001,133268588,0,0.066667,0.600000
133264127,83,10100000001110010101110010110100000100100111110010001001001100100101110011010110101,133243645,0,0.100000,1.000000
133264128,83,11001000100111110111110010100100000100100110110010001001001100100111011011000111111,133240462,0,0.070000,0.700000
133264129,84,111000000101111001111100111001001001001001111100100010010001001001100110110000011011,133259011,0,0.053333,0.800000
133264130,86,10100000011011011111110000110000000100100111110010001001000100100101011010010110001111,133260446,0,0.053333,0.500000
133264131,85,0110010101001111100111100101001000001001001111100100010010011001011010110110001111111,133243647,0,0.066667,1.000000
133264132,83,11100000001110011101010010110100000100100111110010001001000100100111111011001110101,133259011,0,0.053333,0.800000
133264133,84,110010001001111101111100101001000001001001111100100010010011001001110110110001111111,133243647,0,0.066667,1.000000
133264134,83,10000000000111110011111010000110000100100111110010001001001100100111011110001111001,133243647,0,0.066667,1.000000
133264135,82,1000000001110011101010010110100010100100111110010101001000000100111111001001110101,133243647,0,0.066667,1.000000
133264136,83,10100000001110000101110010110100000100100111110010000001000100100101110011010110101,133243647,0,0.066667,1.000000
133264137,82,1000000001110011101010010110100010100100111110010101001000000100111111001001110101,133259011,0,0.046667,0.700000
133264138,84,111000000101111001111100111001001001001001111100100010010001001001100110110000011011,133243647,0,0.066667,1.000000
133264139,83,11100000001110011101010010110100000100100111110010001001000100100111111011001110101,133243647,0,0.066667,1.000000
133264140,82,0100000000111010111110000010100000000100111110010001001000100000111110110000101001,133243647,0,0.066667,1.000000
133264141,84,011001000100111110111110010100100000100100111110010001001001100100111011011000111111,133265296,0,0.040000,0.800000
133264142,83,11100000001110011101010010110100000100100111110010001001000100100111111011001110101,133265296,0,0.050000,1.000000
133264148,84,011000000011110011111100001101001101001001111100100010010001001001011110100001100011,133265296,0,0.040000,0.800000
133264150,84,101010001000111010101110010110100000100100111110010001001000100100101011011000110101,133265296,0,0.050000,1.000000
133264151,84,111000000011100111010100101101000001001001111100100010010001001001111110110011101011,133265296,0,0.050000,1.000000
133264153,83,10100000001110000101110010110100000100100111110010001001000100100101110111010110101,133265296,0,0.050000,1.000000
133264155,75,000100011100111110101000001001001001111100100010010000001001111110110001101,133265296,0,0.040000,0.800000
133264157,81,000010101110010101110010110100000100100111110010001001000100100111111011000110000,133265296,0,0.050000,1.000000
133264158,81,000000000011100101011100001101010001101001111100100010010110011011111010100110101,133260455,0,0.033333,0.500000
133264159,83,11101010000011100101010101011010000000010011111001000100100010010010111101100011010,133243650,0,0.066667,1.000000
133264160,82,1000000010111110111110011100000100101100111110010001001001100100111011011000101101,133243650,0,0.066667,1.000000
133264161,86,01000000100011111001111101000011000010010011111001000100100110010011101010100011110011,133243650,0,0.066667,1.000000
133264162,84,111001000100111110111110010100100000100110111110010001001001100100111011011000111111,133243650,0,0.066667,1.000000
133264163,85,0110000001101101111111000011010010010010011111001000100100011010010111101000011000111,133260455,0,0.040000,0.600000
133264164,85,1110010001101111100111100111001000001001011111100100010010010001000110111111001111111,133243650,0,0.066667,1.000000
133264165,82,0000000000111001000111000011010100010010011111001000100100110011011111010100110101,133260455,0,0.040000,0.600000
133264166,80,00001010100001001101101101000001001001111100100010010001001001111000101001100010,133243650,0,0.066667,1.000000
133264167,76,0000010101010111110000001000100001100111110010001001001100100110000110001011,133260455,0,0.040000,0.600000
133264168,82,1101000100011100101011100101001001001001001111100100010010001001001011110110001010,133243650,0,0.066667,1.000000
133264169,82,1101000100101100101011100101101001001001001111100100010010001001001011110110001010,133243650,0,0.066667,1.000000
133264170,75,000100011010111100101000001001000001111100100010010001001001111110110001101,133243650,0,0.066667,1.000000
133264171,82,1010000001111101111100001001001001001001111100100010010001001001100110110001111110,133260455,0,0.040000,0.600000
133264172,84,100001101000111100111101101001010001001001101100100010010001001001111111010001111010,133243650,0,0.066667,1.000000
133264173,86,11100000011011011110110000110100000100100111110010001001000100100101111010000110001111,133260455,0,0.040000,0.600000
133264174,83,01000001010100101011101101101000001001001110100100010010011001001111010110001100010,133243650,0,0.066667,1.000000
133264175,84,011001000100111110011110010100100000100100111110010001001001100100111011011000111111,133243650,0,0.066667,1.000000
133264176,79,0000001011111011010010100000000100100111110010001001000100100111011011000111110,133243650,0,0.066667,1.000000
133264177,83,11101010000111100101010101011010000010010011011001000100100010010010111111100011010,133243650,0,0.066667,1.000000
133264178,75,000000111111111100001011010101000001111100100010010001001001010100100011001,133243650,0,0.066667,1.000000
133264179,79,0000001011111011010010100000000100100111110010001001000100100111011011000111110,133260455,0,0.040000,0.600000
133264180,81,100000001011111011111010010010000000100111110010001001000100100111111101110110101,133268594,0,0.030000,0.600000
133264181,85,1110101010001110010101010010110100000100100111110010001001000100100011101001100110101,133268594,0,0.025000,0.500000
133264182,82,1000000001110011101010010110100010100100111110010001001000000100111111001001110101,133255840,0,0.100000,0.800000
133264183,83,11100000001110011101010010110100000100100111110010001001000100100111111011001110101,133255840,0,0.100000,0.800000
133264184,84,011101000100011100101011100101101000010010011111001000100100010010010111001100011010,133268594,0,0.030000,0.600000
133264185,79,0000001011111011010010100000000100100111110010001001000100100111011011000111110,133268594,0,0.030000,0.600000
133264186,80,00001001000011011111001010010010010010011111001000100100010010011001011100011100,133255840,0,0.100000,0.800000
133264187,83,01100100010011111001110001010010000000100111110010001001001100100111011011000111111,133243651,0,0.100000,1.000000
133264188,85,1001001001010100001111101101101000001001001111100100010010001001001111010111001100011,133268594,0,0.030000,0.600000
133264189,82,1110000011100111101100100010100001001001111100100010110001001001011110111101101000,133255840,0,0.100000,0.700000
133264190,83,01101000100111110111110010100100000100100111110010001001001100100111011011010111111,133255840,0,0.100000,0.700000
133264191,87,010101000100011100101011100101101000001001001111100100010010001001001011110110001101010,133243653,0,0.100000,1.000000
133264192,83,01000010010111110111110010100101100100100111110010001001000100010111011011000111001,133243653,0,0.100000,1.000000
133264193,82,1000000010111110111110011100000100100100111110010001001001100100111011011000101101,133243655,0,0.200000,1.000000
133264194,82,1000001000100001111101100101000001001001111100100010010001001001111010111001100011,133243655,0,0.200000,1.000000
133264195,82,1000000010111110111110011100000100100100111110010001001001100100011011011000101101,133266899,0,0.080000,0.800000
133264196,77,00000000111110111110001010000010010011111001000100100010010010111011000111100,133243659,0,0.198413,1.000000
133264197,84,110101010001110010101010010110100100100100111110010001001000100100011101001000110101,133243660,0,0.066667,1.000000
133264198,84,111110000011100101011100101001000001001001111100100010010001001001110100111001101000,133243660,0,0.066667,1.000000
133264199,80,01101001110011111100010001110000101100111110011001001000100100101111011000101111,133266900,0,0.011429,0.400000
133264200,81,010000000111001010111001011010000010010011111001000100110010010010111001101011001,133243661,0,0.050000,1.000000
133264201,75,000001111011111110101010010001001001111100100010010011001001011111110001001,133243661,0,0.050000,1.000000
133264202,79,0000000011111011010010100000000100100111110010001001000100100111011011000111110,133260439,0,0.035000,0.500000
133264203,81,100000001111110111010001001000010010011111001000100100110010111101101100011001101,133228738,0,0.030000,0.600000
133264204,86,10010000010101000010111011011010000010010011111001000100100010010011110101100011000101,133228738,0,0.050000,0.700000
133264205,82,1000001010100001101101100101000001001001011100100010010001001001111010111001100011,133228738,0,0.050000,0.600000
133264206,84,101110000011100101010100101001000001001001111100100010010001001001110101110011010011,133245494,0,0.066667,1.000000
133264207,81,010000000111001010111001011010000010010011111001000100100010010010111001101011001,133245494,0,0.066667,1.000000
133264208,76,0000000011101111010001011000010000011111001000100100110010011101101100011101,133245494,0,0.066667,1.000000
133264210,81,001001001111011111100010101110000100100111110010001001000100100101111011000101110,133245495,0,0.028571,1.000000
133264212,77,10010001101110111001100010110100100111110010001001001100100111111011000111111,133245496,0,0.200000,1.000000
133264213,85,0010000000011100111001100100101000001001001111100100010010001001001111110010011101011,133268600,0,0.066667,0.700000
133264214,76,0010001101110111001100010110100100111110010001001001100100111111011000111111,133268600,0,0.066667,0.700000
133264215,81,100000001111110111010001001000010010011111001000100100110010111101101100011001101,133245498,0,0.066667,1.000000
133264216,84,111001000100111110011110010100000000100100111110010001001001100100111011110000111111,133245498,0,0.066667,1.000000
133264217,82,1001001000100001011111101101000001001000111100100010010001011001101010111001100011,133265298,0,0.033333,0.500000
133264218,82,1000000001110111101010010110100010100100111110010001001000100100111111001000110101,133245499,0,0.050000,1.000000
133264219,83,00000000000111101111101100001000001011001011100100010010001001001111111011101111010,133265298,0,0.033333,0.500000
133264220,86,01000000000111110101100010100100100100100111110010001001001000101111010011000111101011,133245499,0,0.050000,1.000000
133264221,84,100000101010000101110110110100000100100111110010001001000100100111101011010110001010,133245499,0,0.050000,1.000000
133264222,84,111110000011100101010100101001001001001001111100100010010001001001110100111001101000,133265298,0,0.040000,0.600000
133264223,81,100000101010000111110110010100000100100111110010001001000100100111101011100110001,133262190,0,0.035000,0.700000
133264224,82,1000001010100001111101101101001001001001111100100010010001001001111010111001110011,133245501,0,0.050000,1.000000
133264225,80,00000000011100101010100000101010010010011111001000100100110011011111010100110100,133245501,0,0.050000,1.000000
133264226,84,110101010001111110101110010110100000100100111110010000001001100100101111001001100101,133245501,0,0.040000,0.800000
133264227,83,00100000101010000101100010010100000000100111100100010010001001101111010111001100010,133245501,0,0.050000,1.000000
133264228,80,00000000011100101010100000101010010010011111001000100100110011011111010100110100,133245501,0,0.050000,1.000000
133264229,80,01111001110011111100010001110000100100111110011001001000100100101111011000101111,133245502,0,0.200000,1.000000
133264230,84,010010000101111101111101101001000001001001111100100010010001001000111111011101101011,133245502,0,0.200000,1.000000
133264231,84,110101010001110110101110010110100000100100111110010001001001110100101111000000100101,133245502,0,0.200000,1.000000
133264232,82,1000000011100111111010100100000100100111110010001001000100100111011111000111100110,133245502,0,0.200000,1.000000
133264233,83,11100000001110011101010010110100000100100111110010001001000100100111101011001110101,133255827,0,0.033333,0.500000
133264234,83,10000001001101000111101100001000001001011101100100010010001001001111110010001111011,133262188,0,0.030000,0.600000
133264235,82,1000000001110111101010010110100010100100111110010001001000100100111111001000110101,133255827,0,0.033333,0.500000
133264236,77,10010001101110111001100010110100100111110000001001001100100111111011000111111,133245503,0,0.066667,1.000000
133264237,85,0000000010010100101011111111100110101001001111100100011010001001001111010110001011011,133245503,0,0.066667,1.000000
133264238,77,10010001101110111001100010110100100111110000001001001100100111111011000111111,133245503,0,0.066667,1.000000
133264239,85,0010010101001111100111100101001000001001001111100100010010011001011010110110001111110,133245503,0,0.066667,1.000000
133264240,76,0001000111001111001010000010010010011111001000100100000010011111101100011011,133255839,0,0.066667,0.500000
133264241,79,0000100011011011010010100000000100100111110010001001000100100111010011000110111,133255827,0,0.033333,0.500000
133264242,84,110000001001101000111101100001000001001011101100100010010001001001111110010001111011,133245503,0,0.066667,1.000000
133264243,85,0010000010011100111011100100101000001001001111100100010010001001001111110010011101010,133245503,0,0.066667,1.000000
133264244,83,11100000001110011101010010110100000100100111110010001001000100100111111011001110101,133255827,0,0.033333,0.500000
133264245,81,110100000010111011111000010010010000100111110010001001000100100110011011000111110,133241976,0,0.040000,0.600000
133264246,84,110101010001110110101110010110100000100100111110010001001001100100111111000000100101,133245504,0,0.066667,1.000000
133264247,81,100000001011111011111011010011000000100111110010001001000100100111111101110110101,133241976,0,0.040000,0.600000
133264252,83,11001000100111110111110010100000000100100100110010001001001100100111011011000111111,133245507,0,0.050000,1.000000
133264253,82,0000000000111001010111000001010100010010011011001000100100110011011111010100110100,133235528,0,0.050000,0.600000
133264254,85,1011001000100111110011100010100100000100100111110010001001001100100111011011000111111,133268598,0,0.050000,0.600000
133264255,82,0000000000111001010111000001010100010010011011001000100100110011011111010100110100,133268598,0,0.050000,0.500000
133264256,85,1011001000100111110011100010100100000100100111110010001001001100100111011011000111111,133245507,0,0.050000,1.000000
133264257,85,1011001000100111110011100010100100000100100111110010001001001100100111011011000111111,133245507,0,0.050000,1.000000
133264258,86,10010000000011100111011100100101000001001001111100100010010001001001111110010011101011,133268609,0,0.050000,0.800000
133264260,78,001100001100111110011100111010100101111110010001001000100100111010011000111111,133245509,0,0.066667,1.000000
133264261,86,11101010000011100101010100101111000001001001111100100010010001001001011110110001101011,133245509,0,0.066667,1.000000
133264262,85,1111001000100111110111110110100100000100100111110010001001001100100111011011000111111,133245509,0,0.066667,1.000000
133264263,85,1001000001010100001011101101101000001001001111100100000010001001001111010110001100011,133245509,0,0.066667,1.000000
133264264,82,0000000111101111110101001000001001001111100100010010001001001110111110001111001101,133268600,0,0.046667,0.700000
133264265,81,100000001011111011111010010010000000100111110010001001000100100111111101110110101,133245511,0,0.050000,1.000000
133264266,83,11100000001110011101010010110100000100100111110010001001000100100111111011001110101,133245511,0,0.050000,1.000000
133264267,81,000000010101110111110010101100100100100111110010001001000100100111011010000111110,133257456,0,0.060000,0.600000
133264268,83,10100000001100010101110010110100000100100111110010001001001100100101110011010110101,133257456,0,0.060000,0.600000
133264270,80,00000000011111011111000010100000100100111110010001000000100100101110110001101001,133245511,0,0.050000,1.000000
133264271,79,0000000110101011100101001011001001001111100100010010011001001111110110001111111,133263575,0,0.028000,0.700000
133264272,80,01111001110011111000010001110000100100111110011001001000100100101111011000101111,133245512,0,0.033333,1.000000
133264273,83,00101000001110010101010010110100000000100111110010001001000100100101110100001100011,133245512,0,0.033333,1.000000
133264274,83,10000000000111110011111010000110000100100111110010001001001100100111011110001111001,133245512,0,0.033333,1.000000
133264275,84,110010001001111101111100101001000001001001111100100010010011001001110110110001111111,133245512,0,0.033333,1.000000
133264276,80,00000100111101111110001000111000010010011111001000100100010010010111101100010110,133245512,0,0.033333,1.000000
133264277,83,11100000001110011101010010110110000100100111110010001001000100100111111011001110101,133245512,0,0.026667,0.800000
133264278,79,0000000110101011100101001011001001001111100100010010011001001111110110001111111,133245512,0,0.033333,1.000000
133264279,84,110000000101011101111100101011001001001001111100100010010001001001110110100001111110,133263575,0,0.032000,0.800000
133264280,81,100000101010000111110111010101000100100111110010001001000100100111101011100110001,133245512,0,0.026667,0.800000
133264281,85,0000000000010100101011111111100110001001001111100100010010001001001111010110001011011,133245512,0,0.033333,1.000000
133264282,85,0000000010010100101011111111100110101001001111100100011010001001001111010110001011011,133245512,0,0.033333,1.000000
133264283,83,11101010100011100101010101011010000010010011111001000100100010010010101111100011010,133245512,0,0.033333,1.000000
133264284,83,11101000000011100101011100101101110001001001111100100000010001001101001110110011010,133245512,0,0.033333,1.000000
133264285,82,0100000000111010111110000010100000100100111110010001001000100000111110110000101001,133245512,0,0.033333,1.000000
133264286,85,0000000010010100101011111111100110101001001111100100011010001001001111010110001011011,133245512,0,0.033333,1.000000
133264287,82,1000001010100001101101100101000001001001011100100010010001001001111010111000100011,133245513,0,0.040000,0.800000
133264288,77,10000101111111111100001011010101001001111100100010010001001001010100100111001,133245513,0,0.050000,1.000000
133264289,84,111000000011100101010100101101000001001001111100100010010001001001111110110011101011,133245513,0,0.050000,1.000000
133264290,81,100000101010000111110110010100000100100111110000001001000100100111101011100110001,133257451,0,0.020000,0.500000
133264291,83,01110000001110011000110010110100000100100111110010001001000100100011111001001100101,133245514,0,0.066667,1.000000
133264292,83,01110000001110011000110010110100000100100111110010001001000100100011111001001110101,133245514,0,0.066667,1.000000
133264293,83,11100000001110011101010010110100000100100111110010001001000100100111111011001110101,133257451,0,0.024000,0.600000
133264294,83,11001000100111110111110010100100000100100110110010001001001100100111011011000101111,133257451,0,0.028000,0.700000
133264295,76,0010001001110111001100010010100100111110010001001001100100111111011000101111,133257451,0,0.024000,0.600000
133264296,74,00000011101111010101011000010010011101001000100100110010011101101100011101,133257451,0,0.028000,0.700000
133264297,76,0010001001110111001100010010100100111110010001001001100100111111011000101111,133245514,0,0.066667,1.000000
133264298,81,000001001111101111100001010000010010011111001000100100010010000111011000110100101,133245514,0,0.066667,1.000000
133264299,81,110010000111001100111001011010000010000011111001000100100010100111111001001110101,133245515,0,0.040000,1.000000
133264300,81,000000011110111111010100100000100100111110010001001000100100111011111000111100110,133245515,0,0.040000,1.000000
133264301,87,011101000100011100101011100101101000011001001111100100010010001001001011110110001101010,133245515,0,0.040000,1.000000
133264302,84,110001101001111100111101101001010001001001101100100010010001001001111110010001111010,133265299,0,0.040000,0.800000
133264303,76,0000001011101111110101011000010010011111101000100100110000011101111100011101,133245516,0,0.050000,1.000000
133264304,80,00000000011111011111000010100000100100111110010001001000100100101110110011101001,133245518,0,0.100000,1.000000
133264305,83,11100000001110011101010010110100000100100111110010001001000100100111111011001110101,133245518,0,0.100000,1.000000
133264306,83,01000001010100001011101101001000000001001110100100010010001001001111000101001100010,133245520,0,0.200000,1.000000
133264307,86,11100000011011011110110000110100000100100111110010001001000100100101111010000110001111,133245520,0,0.200000,1.000000
133264308,84,111010000001111101111100001001001001001001111100100010010001001001100110110001110110,133245520,0,0.200000,1.000000
133264309,77,00100011011101110011000101101001001111100100010010011001001111110110001111110,133268602,0,0.100000,0.700000
133264310,82,1000000010111110111110010100101100100100111110010001001000000100111011011000111001,133268602,0,0.100000,0.500000
133264311,78,000100011010101110010100101101100100111110011001001001100100111111011000011111,133268602,0,0.100000,0.600000
133264312,82,1001001000100001011111101101000001001000111100100010010001011001101010111001100011,133245521,0,0.100000,1.000000
133264313,85,0100000001011111011111011010010000010010011111001000100100010010011111110111011010111,133268603,0,0.033333,0.500000
133264314,82,0010110000111001010101001011010010010010011111001000100100000010010111010000110101,133247255,0,0.040000,1.000000
133264315,82,1101000100011100101011100101001001001001001111100100010010001001001011110110001010,133252602,0,0.100000,0.500000
133264316,84,011001010100111110011110010100100000100100111110010001001001100101101011011000111111,133227178,0,0.100000,0.600000
133264317,84,111010001000111010101110110110100000100100111110010001001000100100101011011000110101,133247260,0,0.066667,1.000000
133264318,84,010000000011111001111101010011000010010011111001000100100110010011101111100011110011,133247260,0,0.053333,0.800000
133264319,86,10100000001011111011111011010010000010010011111001000100100010010011111110111011010111,133255834,0,0.070000,0.700000
133264320,84,010000000011111001111101010011000010010011111001000100100110010011101111100011110011,133247260,0,0.066667,1.000000
133264321,84,111010001000111010101110110110100000100100111110010001001000100100101011011000110101,133265301,0,0.100000,1.000000
133264322,83,10111000001110010101010010100100000100100111110010001001000100110111010111001101001,133247261,0,0.050000,1.000000
133264323,83,11100000001110011101010010110100000100100111110010001001000100100111111011001111101,133247261,0,0.050000,1.000000
133264324,84,110101000001111010101010010110100000100100111110010001001000100100101111110000010101,133268605,0,0.080000,0.800000
133264332,83,10000000001110000101110000110101000100100111110010001001001100110111110101001101011,133247264,0,0.100000,1.000000
133264333,82,0100100001010010101110011110100000100100111110010001001000100100101111110000111101,133247265,0,0.066667,1.000000
133264334,76,0000010101010111110000001000100101100111110010001001001100100110000110001011,133265302,0,0.040000,0.600000
133264335,83,10100000001110010101110010110100000100100111110010001001100100100101110011010110101,133265302,0,0.033333,0.500000
133264336,83,11001001100111110011110010100100010100100111010010001001001100100011011011100111111,133265302,0,0.040000,0.600000
133264337,82,0000000000111001010111000001010100010010011011001000100100110011011111010100110110,133247266,0,0.050000,1.000000
133264340,75,000100011101111100101000001001001001111100100010010000001001111110110001101,133247270,0,0.100000,1.000000
133264341,84,111100000001110011101110010110100000100100111110010001001000100100111101011001110101,133268607,0,0.140000,0.700000
133264342,81,100000101010000111110110110100000100100111110010001001000100100111101011100111001,133247271,0,0.033333,1.000000
133264348,83,10100000001100010101110010110100000100101111110010001001001100100101110011010110101,133254158,0,0.050000,0.600000
133264349,84,001000001010100101011101101101000001001001110100100010010011001001111010110001100010,133249259,0,0.066667,1.000000
133264350,86,01110100010001110010101110010110100000100100111110010001001001100000101101011000110101,133249259,0,0.066667,1.000000
133264351,81,000000000111001010101000001010100100100111110010001001001100110111110101001101001,133260455,0,0.040000,0.600000
133264352,84,111001000100111110011110010100100000010100111110010001001001100100111011010001111111,133249259,0,0.066667,1.000000
133264353,86,01100110010001111001011001010010000010010011111001100100100110010011100101100011111110,133270349,0,0.066667,0.600000
133264354,84,110010001001111101111100101001000001001001111100100010010011001001110110110001111111,133249260,0,0.100000,1.000000
133264355,83,00000000000111101111101100001000001011001011100100010010001001001111111011101111010,133249260,0,0.100000,1.000000
133264356,80,00100100111110111110000101000001001001111100100010010001001000011001100011010011,133249260,0,0.100000,1.000000
133264357,82,0110000001111011111110000110100100100100111110010001001000100100100111010000110001,133249260,0,0.100000,1.000000
133264358,76,0000010101010111110000001000100101100111110010001001001100100110000110001011,133249260,0,0.100000,1.000000
133264359,75,000100011101111100101000001001001001111100100010010000001001111110110001101,133249261,0,0.200000,0.600000
133264360,84,111000000101111001111100111001001001001001111100100010010001001001100110110010011010,133247273,0,0.022857,0.800000
133264361,80,00100100111101111110001010111000010010011111001000100100010010010111101100010101,133270350,0,0.200000,0.600000
133264362,84,111000000110110111011000011010000010011011111001000100100010010010111101000011000111,133249263,0,0.040000,1.000000
133264363,75,000000111111111100001011010101000001111100100010010001001001010100100011001,133249263,0,0.040000,1.000000
133264364,82,0100010000111110011111010100111000100100111110010001001001100100111011110001111001,133249264,0,0.066667,1.000000
133264367,83,10100000001110000101110010110100000100100111110010001001000100100101110111010110111,133249267,0,0.060000,0.600000
133264368,76,0000100011101111100101000001001001001111100100010010000001001111110110001101,133262178,0,0.120000,0.600000
133264369,83,10111001001110010101011010100100000100100111110010001011000100110111010111001101001,133266905,0,0.050000,0.500000
133264370,84,101110000011100101010100101001000001001001111100100010010001001001110101110011010011,133249268,0,0.040000,1.000000
133264371,83,10000000101011101111100101011001001001001111100100010010001001001110110100001111110,133249268,0,0.040000,1.000000
133264372,82,1010000001111101111100001001001001001001111100100010010001001001100110110001111110,133247266,0,0.030000,0.600000
133264373,81,100000101010000111110110110100000100100111110010001001000100100111101011100111001,133249268,0,0.040000,1.000000
133264374,84,110010001001111101111100101001000001001001111100100010010011001001110110110001111111,133268599,0,0.040000,0.600000
133264375,80,00000000011111011111000010100000100100111110010001001000100100101110110011101001,133249269,0,0.050000,1.000000
133264377,83,11100000001110011101010010110100000100100111110010001001000100100111111011001110101,133240464,0,0.050000,0.500000
133264378,83,01000010011110111011100100001100000001001111100100010000011001001010100110101100011,133249271,0,0.100000,1.000000
133264379,84,011000000001111011101000110110100010101100111110010001001000100101111111001001110101,133259019,0,0.040000,0.400000
133264380,83,10100000001110010101110010110100000100100111110010001001000100100101110011010110101,133251028,0,0.080000,0.800000
133264381,86,10100000011011011111110000110100000100100111110010011001000100100101111010010110001111,133252607,0,0.028000,0.700000
133264382,79,0000010011111011010010100000000100100111110010000001000100100111011011001111110,133266907,0,0.020000,0.500000
133264383,81,110000000101001110111001010101000100100111110010001001000100100011111001001100101,133251031,0,0.040000,1.000000
133264388,84,011001000100111110011110010100100000100100111110010001001001100100111011011000011111,133251033,0,0.100000,1.000000
133264389,82,1101000100011100101111100101001001001001001111100100010010001001001011110110001010,133266891,0,0.100000,0.500000
133264390,83,01000001010100001001101101101000001001001111100100010010001001001111000101001100010,133241964,0,0.160000,1.000000
133264391,84,110101010001110110101110010110100000100100101110010001001001100100111111000000100101,133251034,0,0.066667,1.000000
133264392,84,110000001101101111111000011010000010010111110010001001000100100001111010000110001111,133251034,0,0.066667,1.000000
133264393,85,1111110000011100100010100101001000001001001111100100010010001001001110100111001101000,133251034,0,0.066667,1.000000
133264394,82,1000000010111110111110010100101100100100111110010001001000100100111011011000111011,133251035,0,0.050000,1.000000
133264395,82,1101000100101100101011100101101001001001001111100100010010001001001011110110001010,133263573,0,0.040000,0.600000
133264396,76,0000100011110111100101000001001001001111100110010010001000001111110110001101,133251037,0,0.066667,1.000000
133264397,87,011001100010011111001111011010010000010010011011001000100100110010011101001100011111110,133251038,0,0.040000,1.000000
133264398,82,1000001010100001110101101101000001001001111100101010010001001001111010111001100010,133251038,0,0.040000,1.000000
133264399,87,010101100100011100101011100101101000001001001111100100010010001001001011110110001101010,133251041,0,0.050000,1.000000
133264400,82,0110010001001111100111100101001000001001001111100100010010011001011101101100011111,133259006,0,0.028000,0.500000
133264401,83,10100000001100000101110010110100000100100111110010001001001100100101110011010110101,133251041,0,0.050000,1.000000
133264402,81,100000001010000111110110110100000100100111110010001001000100100111101011100111001,133251042,0,0.200000,1.000000
133264403,76,0000000011100111010001011000010010011111001000100100110010011101101100011101,133251042,0,0.200000,1.000000
133264404,85,1101000000011100001011100101101010001001001111000100010010001001001011110110001101010,133251044,0,0.100000,1.000000
133264405,85,1011001000100111110011100010100100000100100111110010001001001100100111011011000111111,133237121,0,0.070000,0.700000
133264406,84,110110000011100101010100101001000001001001111101100010010001001001110100111001101000,133252596,0,0.100000,1.000000
133264407,85,0010000010011100111011100100101000001001001111100100010010001001001111110010011101011,133252596,0,0.100000,1.000000
133264408,82,1010000010111100111110010100101100100100111110010001001000100100111011011000111001,133252598,0,0.040000,1.000000
133264409,83,00000001001010010101111111110011010100100111110010001101000100100111100110001011011,133259005,0,0.040000,0.800000
133264410,86,11110010001001111101111100101001000001001001011100100010010011001001110110110001111110,133252598,0,0.032000,0.800000
133264411,82,1110000011100111111100100000100001000011111100100010010001001001011110110101101000,133252598,0,0.040000,1.000000
133264412,83,00000110011110111111110100000000100100110110010001001000100100111011111000111100110,133252598,0,0.040000,1.000000
133264413,82,1101100010011111011111001010000000010010011110010001001001100100111011011000111111,133259005,0,0.040000,0.400000
133264414,83,11001001100111110011110010100100010100100111010010001001001100100111011011100111111,133252601,0,0.066667,1.000000
133264415,86,11100000011011010111110000110100000100100111110010001001000100100101111010010110001111,133252601,0,0.066667,1.000000
133264416,82,1000001010100001111101101101000001001001111100100010010001001001111010111001110010,133252601,0,0.066667,1.000000
133264417,86,10010000010101000010111011011010000010010011111001000100100010010011110101100011000101,133252601,0,0.066667,1.000000
133264418,81,110100000010111011111000010010010000100111110010001001000100100110011011000111110,133252601,0,0.066667,1.000000
133264419,80,00000000011111011111000010100000100100111110010001001000100100101110110011101001,133252601,0,0.066667,1.000000
133264420,79,0000000110101011100101001011001001001111100100010010011001001111110110001111111,133252601,0,0.066667,1.000000
133264421,84,011100000001110011101100010110100000100100111110011001001000100100111111001001010101,133252601,0,0.066667,1.000000
133264422,84,111001000110111110011110011100100000100101111110010001001001000100011011111100111111,133252601,0,0.066667,1.000000
133264423,82,0000000000111001000111000011010100010010011111001000100100110011011111010100110101,133252601,0,0.066667,1.000000
133264424,75,000000111111111100001011010101000001111100100010010001001001010100100011001,133252601,0,0.066667,1.000000
133264425,83,01000010010111110111110010100100100100100111110110001001001100100111011011000111101,133252602,0,0.200000,1.000000
133264426,76,0000010101010111110000001000100101100111110010001001001100100110010110001011,133252602,0,0.200000,1.000000
133264427,76,0000010101010111110000001000100101100111110010001001001100100110010110001011,133252602,0,0.200000,1.000000
133264428,83,10000101010000101110110010100000100100111110010001001000100100111101011100100001111,133252602,0,0.200000,1.000000
133264429,83,01000010010111110111110010100100100100100111110110001001001100100111011011000111101,133252602,0,0.200000,1.000000
133264430,83,10000101010000101110110010100000100100111110010001001000100100111101011100100001111,133247258,0,0.080000,0.800000
133264431,83,11101010000111100101010101011010000010010011011001000100100010010010111111100011010,133252602,0,0.200000,1.000000
133264432,84,111110000011100101011100101001000001001001111100100010010001001001110100111001101000,133252602,0,0.200000,1.000000
133264433,83,10000101010000101110110010100000100100111110010001001000100100111101011100100001111,133252602,0,0.200000,1.000000
133264434,84,110101010001110010101010010110100000100100111110010001101000000100011101001000110101,133252602,0,0.200000,1.000000
133264435,83,01100100001110011001110010110100000100000111110010001001000100100111111001001110101,133252603,0,0.100000,1.000000
133264436,83,10100000001110010101110010110100000100100111110010001001000100101101110011011110101,133252604,0,0.050000,1.000000
133264437,79,0000000011111011111000010100000100100111110010001001000100100101110110001101001,133255837,0,0.060000,0.600000
133264438,83,11100000001110011101010010110100000100100111110010001001000100100111111011001110101,133252606,0,0.100000,1.000000
133264439,79,0000000011111011010010100000000100100111110010001001000100100111011011000110110,133252607,0,0.040000,1.000000
133264440,82,0100010100111101111110001000111000010010011111001000100100010010010111101100010111,133251030,0,0.024000,0.600000
133264441,77,00000000111110111110001010000010010011111001000100110010010010111011000110100,133252607,0,0.040000,1.000000
133264442,81,110000000101001110111001010101000100100111110010001001000100100011111001001100101,133252607,0,0.040000,1.000000
133264443,83,10100000001110010101110010110100000100100111110010001001000100100101110011010110101,133228730,0,0.032000,0.800000
133264444,86,00110010001001111100111100101001000001001001111100100010010011001001110110110001111110,133266907,0,0.024000,0.600000
133264445,82,1000010011110111011100100101100001001001111100100010010001001001010110110101101011,133251030,0,0.024000,0.600000
133264446,83,11001001100111110011110010100100010100100111010010001001001100100111011011100111111,133228730,0,0.028000,0.700000
133264447,85,0000000000010100101011111111100110001001001111100100010010001001001111010110001011011,133251030,0,0.024000,0.600000
133264448,85,1101000000011100001011100111101010001001001111000100010010001001001011110110101101010,133252607,0,0.040000,1.000000
133264449,84,000000000011111001111101010011000010010011111001000100101110010011101111100011110011,133266907,0,0.024000,0.600000
133264450,85,1001000001010100001011101101101000001001001111100100000010001001001111010110001100011,133251030,0,0.020000,0.500000
133264451,85,1111001000100111110111110110100100000100100111110010001001001100100111011011000111111,133266907,0,0.024000,0.600000
133264452,83,00100100001111101111110101001000101001001111100110010010011001001110111110001111001,133252607,0,0.040000,1.000000
133264453,80,00000100111110111110000101000001001001111100100010010001001000011101100011010010,133251030,0,0.020000,0.500000
133264454,82,1000000010111110111110011100000100100100111110010001001001100100111011011000101101,133230485,0,0.066667,0.700000
133264455,82,1000000010111110111110011100000100100100111110010001001001100100111011011000101101,133252608,0,0.066667,1.000000
133264456,84,011101000100011100101011100101101000010010011111001000100100010010010111001100011010,133257468,0,0.100000,1.000000
133264457,82,1101000100011100101011100101001001001001001111100100010010001001001011110110001010,133265292,0,0.120000,0.800000
133264458,82,1010000010111100111110010100101100100100111110010001001000100100111011011000111001,133252609,0,0.100000,1.000000
133264459,75,000100011010111100101000001001000001111100100010010001001000111110110001101,133262191,0,0.050000,0.500000
133264460,83,11001000100111110111110010100000000100100100110010001001001100100111011010000111111,133259012,0,0.140000,0.700000
133264461,86,01110100010001110010101110010110100000100100111110010001001000100100101111001000110101,133259012,0,0.120000,0.600000
133264462,85,1110100000001110010101110010110111000100100111110010001001001100100100111011001110111,133252609,0,0.100000,1.000000
133264463,84,111011000100111110011110010100000000100100111110010001001001100100111011110001111111,133259012,0,0.140000,0.700000
133264464,82,1010000010111100111110010100101100100100111110010001001000100100111011011000111001,133257468,0,0.100000,1.000000
133264465,84,000000000011111001111101010011000010011011111001000100100110010011101111000011110011,133252610,0,0.040000,1.000000
133264466,77,00010001101010111001010000111010010011111001000100100110010011001011000111111,133268597,0,0.023333,0.700000
133264467,84,111000000101111001111100101011001001001001111100100010010101011001100010110100011010,133252610,0,0.040000,1.000000
133264468,76,0010001101110111001100010110100100111110010001001001100100111111011000111111,133268612,0,0.070000,0.700000
133264469,86,01001000001010100001011000100101000000001001111100100010010001001101111010111001100010,133252611,0,0.066667,1.000000
133264470,84,010011100001110010101010000110100000100100111110010001001000100100101111010010101010,133252611,0,0.066667,1.000000
133264471,82,1110000011110111101100100000100001001011111100100010010001001001011110110101101000,133252612,0,0.200000,1.000000
133264472,82,1001001000100001011111101101000001001001111100100010010001011001101010111001100011,133252612,0,0.200000,1.000000
133264474,76,0000001111101111010001011000010010011111001000100100110010011101101100011101,133254146,0,0.040000,1.000000
133264475,83,00000000000111101111101100001000001011001011100100010010001001001111111011101111010,133254146,0,0.040000,1.000000
133264476,82,1010000001011101111100001001001001001001111100100010010001001001100110110001111110,133254147,0,0.066667,1.000000
133264477,75,000100011011111100101000001001000001111100100010010001001001111110110001101,133254147,0,0.066667,1.000000
133264478,84,000000110011110111111110100000000100100110110010001001000100100111011111000111100110,133254147,0,0.066667,1.000000
133264479,84,111010001000111001010111001011010000010010011111001000100100010010001101011000110101,133254147,0,0.066667,1.000000
133264480,83,10000000101011101111101101011001001001001111100100010010001001001110110100001111110,133254147,0,0.066667,1.000000
133264481,76,0000010101010111110000001000100101100111110010001001001100100110010110001011,133254147,0,0.066667,1.000000
133264482,88,0101110000011011011111110000110100110100110111110010001001000100100101101010000110001110,133254147,0,0.066667,1.000000
133264483,86,01100110010001111001011001010010000010010011111001100100100110010011100101100011111110,133254147,0,0.066667,1.000000
133264484,81,100000101010000111110110010100000100100111110010001001000100100111101011100110001,133254147,0,0.066667,1.000000
133264485,80,01111001110011101000010001110000100100111110011001001000100100101111011000101011,133255840,0,0.070000,0.700000
133264486,84,111001010100111110111110010100100000110100111110010001001001100100111011011000111011,133255840,0,0.060000,0.600000
133264487,73,0000011110111011101010100100100100111110010001001001100100001111111000110,133230500,0,0.040000,0.600000
133264488,86,01100110010001111001011001010010000010010011111001100100100111010011100101100011111110,133254150,0,0.100000,1.000000
133264489,85,0100000000111110011111010100110000100100111110010001001001100100111011111000111100110,133233877,0,0.060000,0.600000
133264490,86,10100000001011111011111011010010000010010011111001000100100010010011111110111011010111,133254151,0,0.100000,1.000000
133264491,77,00000000111110111110001010000010010011111001000100100010010010111011000110100,133233877,0,0.060000,0.600000
133264492,83,00000000000111101111101100001000001011001011100100010010001001001101111011101111010,133254151,0,0.100000,1.000000
133264493,83,10100000001110010101110010110100000100100111110010001001000100101101010011010110101,133254152,0,0.040000,1.000000
133264494,82,1000000010101110111100010101100100100100111110010001001000101100111010011000111101,133254152,0,0.040000,1.000000
133264495,83,01000000010101110111100010101100100100100111110010011001000100100111011011000111101,133254153,0,0.066667,1.000000
133264496,84,000011000011101110111101010010000010010011111001000100100010010011101111101011110010,133254153,0,0.066667,1.000000
133264497,83,11100000010011110001110101100100000100100110110010001000000100100011111001000111101,133254154,0,0.060000,0.500000
133264498,76,0011001111101111111101001100010010011111001000100110010000011100101000110110,133254154,0,0.100000,1.000000
133264499,87,001110100010001110010101110010010100000100100111110010001001000100100101111011000110101,133249265,0,0.100000,0.700000
133264500,82,1110000011100111101100100010100001001001111100100010110001001001011110111101101000,133270350,0,0.100000,0.500000
133264501,83,11101000100111100001011100101101001101001001111100100010010001001001011110110001010,133268613,0,0.100000,0.600000
133264502,82,1000001010100001110101101101000001001001111100101010010001001001111010111001100010,133254157,0,0.100000,1.000000
133264503,83,11000000010111110111110010100101100100100111110010001001000100100111011011000111001,133254157,0,0.100000,1.000000
133264504,82,1000000001110111101010010110100010100100111110010001001000100100111111001000110101,133254157,0,0.100000,1.000000
133264505,86,00110010001001111100111100101001000101001001111100100010000010001001110110110001111101,133254158,0,0.080000,0.800000
133264506,84,111000000011100111010100101101000001001001111100100010010001001001111110110011101010,133254159,0,0.100000,1.000000
133264507,84,111000000011100111010100101101000001001001111100100010010001001001111110110011101010,133254159,0,0.100000,1.000000
133264508,81,100000001011111011111011010011000000100111110010001001000100100111111101110110101,133255824,0,0.200000,1.000000
133264509,83,11100000001110011101010010110100000100100111110010001001000100100111111011001110101,133255825,0,0.100000,1.000000
133264510,87,010101000101011100101011100101101000001001001111100100010010001001001011110110001101010,133255826,0,0.200000,1.000000
133264511,81,010000010101000011101111011010000010010011111001010100100010000111101011100110001,133255826,0,0.000000,0.000000
133264512,85,0110010001001111101111100101001000001001001111100100010010011001001110110110001111111,133255826,0,0.200000,1.000000
133264513,86,01000000100011111001111101000011000010010011111001000100100110010011101110100011110011,133255826,0,0.200000,1.000000
133264514,80,00000100111110111110000101000001001001111100100010010001001000011101100011010010,133237123,0,0.066667,1.000000
133264515,83,00100000101010000101100010010100000000100111100100010010001001101111010111001100010,133255828,0,0.066667,1.000000
133264516,83,10000000001110000101110000110101000100100111110010001001001100110111110101001101011,133255828,0,0.066667,1.000000
133264517,83,11001001100111110011110010100100110100100111010010001001001100100111011011100111111,133255828,0,0.066667,1.000000
133264518,85,0010000000011100111011100000101000001001001111100100010010001001001111110010011101011,133255828,0,0.066667,1.000000
133264519,84,111001000110111110011110011100100000100101111111010001001001000100011011111100111111,133255828,0,0.040000,0.500000
133264520,84,110101010001110010101010010110100100100100111110010001001000100100011101000000110101,133237123,0,0.066667,1.000000
133264521,85,1000011000011101110111101010010000010010011111001000000100010010011101111101011110000,133237123,0,0.053333,0.800000
133264522,82,1100001010100001111101100101000001001001111100100010010001001101111010011001100011,133255828,0,0.066667,1.000000
133264523,82,0000000000111001010101000001010100010010011111001000100100110011011111010100110100,133255828,0,0.066667,1.000000
133264524,84,111001000100111110011110010100000000100100111110010001001001100100101011011000111111,133255828,0,0.066667,1.000000
133264525,82,0000000000111001010101000001010100010010011111001000100100110011011111010100110100,133255828,0,0.066667,1.000000
133264526,82,1000000010101110111100010101100100100100111110010001001000101100111010011100111101,133255830,0,0.066667,1.000000
133264527,84,010001100000110010101010000010100000100100111110010001001000100100101111000010101011,133262193,0,0.120000,0.600000
133264528,82,1000000010101110111100010101100100100100111110010001001000101100111010011100111101,133262193,0,0.100000,0.500000
133264529,83,10100000001110010101110010110100000100100111110010001001000100101101110011010110101,133255830,0,0.066667,1.000000
133264530,83,10000000000111110011111010000110000100100111110010001001001100100111011110001111001,133262193,0,0.120000,0.600000
133264531,75,000001111011011110101010010001001001111100100010010011001001011111110001101,133245520,0,0.120000,0.600000
133264532,83,11001000100111110111110010100100000100100110110010001001001100100111011011000111111,133266902,0,0.040000,0.500000
133264533,88,1101110000011011011111100000110100101100110111110010001001000100100101101010000110001110,133254146,0,0.020000,0.500000
133264534,83,11001000100111110111110010100100000100100111110010001001001100100111011011000111011,133255833,0,0.040000,1.000000
133264535,82,1101000100101100101011100101101001001001001111100100010010001001001011110110001010,133255833,0,0.040000,1.000000
133264536,77,00000000111110111110001010000010010011111001000100000010010010111011000110000,133255833,0,0.040000,1.000000
133264537,81,000000101110010001110010100100000100100111100010001001000100100111111011000110000,133255833,0,0.040000,1.000000
133264538,82,1001001000100001011111101101000001001001111100100010010001011001101010111001100011,133255833,0,0.040000,1.000000
133264539,83,11101010000011100101010101011010000010010011111001000100100000010010111101100011010,133240466,0,0.032000,0.600000
133264540,78,010000101000001111101100101000001001001111100100010010000101101111010111001100,133255833,0,0.040000,1.000000
133264541,83,11100000001110011101010010110100000100100111110010001001000100100111111011001110101,133240466,0,0.040000,0.600000
133264542,77,00000000111110111110001010000010010011111001000100000010010010111011000110000,133255833,0,0.040000,1.000000
133264543,85,0100000001011111011111011010010000010010011111001000100100010010011111110111011010111,133240466,0,0.040000,0.600000
133264544,76,0001000111001111001010010010010010011111001000100100000010011111101100011011,133225410,0,0.017143,0.700000
133264545,85,0100000001011111011111011010010000010010011111001000100100010010011111110111011010111,133240466,0,0.024000,0.600000
133264546,85,1011001000100111110011100010100100000100100111110010001001001100100111011011000111111,133255833,0,0.040000,1.000000
133264547,77,00000000111110111110001010000010010010111001000100100010010010111011000110100,133255833,0,0.040000,1.000000
133264548,77,00000000111110111110001010000010010010111001000100100010010010111011000110100,133240466,0,0.040000,0.600000
133264549,83,11100000001110011101010010110100000100100111110010001001000100100111111011001110101,133255835,0,0.100000,1.000000
133264550,83,01000010010111110111110110100100000100100111110010001001000100100111111101110110100,133255835,0,0.100000,1.000000
133264551,83,01000010010111110111110110100100000100100111110010001001000100100111111101110110100,133255835,0,0.100000,1.000000
133264552,83,11100000001110011101010010110100000100100111110010001001000100100111111011001110101,133255835,0,0.100000,1.000000
133264553,84,111010100000111001010101010110100000100100111110010001001000100100101111011000110101,133255835,0,0.100000,1.000000
133264554,84,111010100000111001010101010110100000100100111110010001001000100100101111011000110101,133255835,0,0.100000,1.000000
133264555,84,111001000100111110011110010100100000010100111110010001001001100100111011010001111111,133255835,0,0.100000,1.000000
133264556,84,101010001000111010101110010110100000100100111110010001001000100100101011011000110101,133255835,0,0.100000,1.000000
133264557,83,01000010010111110111110110100100000100100111110010001001000100100111111101110110100,133255835,0,0.100000,1.000000
133264558,83,11100000001110011101010010110100000100100111110010001001000100100111111011001110101,133255835,0,0.100000,1.000000
133264559,83,11100000001110011101010010110100000100100111110010001001000100100111111011001110101,133247265,0,0.040000,0.600000
133264561,87,011101000100011100101011100101101000001001001111100100010010001001001011110110001101010,133255838,0,0.050000,1.000000
133264563,81,100000101010000111110110010100000100100111010010101001000100100111101011100110001,133265298,0,0.050000,0.600000
133264564,83,10000000101011101111101101011001001001001111100100010010001001001110110100001111110,133255838,0,0.050000,1.000000
133264565,78,000100011010101110010100101100100100111110010011001001100100111101011000111111,133265298,0,0.050000,0.600000
133264567,86,11000000011011011110110000110100000100100111110010001001000100100101111010000110001111,133245503,0,0.100000,0.600000
133264568,85,0000000010010100101011111111100110101001001111100100011010001001001111010110001011011,133222210,0,0.050000,0.500000
133264569,73,0010001110011110010100000100100100111110010001001000000100101111011000110,133222210,0,0.060000,0.600000
133264570,82,0100100001010010101110011110100000100100111110010001001000100100101111110000111101,133254148,0,0.160000,0.800000
133264571,83,10000000001110000101110000110001000100100111110010001001001100110111110101001101011,133254148,0,0.140000,0.700000
133264572,85,1001000001010110001011101101101000001001001111100000010010101011001111010111001100011,133255841,0,0.050000,1.000000
133264573,83,10001001100111110011110010100100010100100111010010001001001100100111011011000111111,133255841,0,0.050000,1.000000
133264574,87,011001100100011110010110010100100000100100111110011001001001110100111001011000111111110,133255841,0,0.050000,1.000000
133264575,80,00000000011100101010100000101010010010011111001000100100110011011111010100110100,133255841,0,0.050000,1.000000
133264576,80,00000000111110111110100101010001001001111100100010010001001001011101100011010011,133260440,0,0.035000,0.700000
133264577,86,11100000011011011111110000110100000100100111110010001001000100100101111010010110001111,133255841,0,0.050000,1.000000
133264578,80,00000000111110111110100101010001001001111100100010010001001001011101100011010011,133255841,0,0.050000,1.000000
133264579,89,01011100000110110111111100001101001001001101111100100010010001001001011010100001100011100,133255841,0,0.050000,1.000000
133264580,82,1110000011100111111100100000100001001001111100100000010001001001011110110101101000,133260440,0,0.030000,0.600000
133264581,81,000000011110111011010100100000100100111110010001001000100100111011111000111100111,133255841,0,0.050000,1.000000
133264582,86,01100100011011011111110000100100100100100111110010001001000100100101111010000110001111,133255841,0,0.050000,1.000000
133264583,83,11100000001110011101010010110100000100100111110011001011000100100111111001001010101,133255841,0,0.050000,1.000000
133264584,83,10111000001110010101010010100100000100100111110010001001000100110111010111001101001,133255842,0,0.200000,1.000000
133264585,76,0010011101010111001010010110000010011111001000100100110010011111101100011101,133255843,0,0.200000,1.000000
133264586,76,0010001001110111001100010010100100111110010001001001100100111111011000101111,133255843,0,0.200000,1.000000
133264587,83,00000000001110000101111000110101000100100011110010001001001100110111111101001101011,133255843,0,0.200000,1.000000
133264588,76,0010011101010111001010010110000010011111001000100100110010011111101100011101,133257451,0,0.200000,0.600000
133264589,76,0001000111001111001010000010010010011111011000100100000010011111101100011011,133255843,0,0.160000,0.800000
133264590,87,111100000011011011111110000110100100100100111110010001001000100100101111010000110001111,133255843,0,0.200000,1.000000
133264591,76,0010011101010111001010010110000010011111001000100100110010011111101100011101,133257451,0,0.200000,0.600000
133264592,84,111001000100111110011110010100000000100100111110010001001001100100101011011000111111,133255843,0,0.200000,1.000000
133264593,82,1101000100011100101011100101001001001001001111100100010010001001001011110110001010,133255843,0,0.200000,1.000000
133264594,87,111100000011011011111110000110100100100100111110010001001000100100101111010000110001111,133257451,0,0.200000,0.600000
133264595,74,00000011101111010101011000010010011101001000100100110010011101101100011101,133255843,0,0.200000,1.000000
133264596,80,00000100111110111110000101000001001001111100100010010001001000011101100011010010,133255843,0,0.200000,1.000000
133264597,84,110101010001110110111110010110100000100100101110010001001001100100111111000000100101,133257450,0,0.100000,1.000000
133264598,75,000100011010111100101000001001000001111100100010010001001001111110110001101,133265289,0,0.035000,0.700000
133264599,84,110101010001110110111110010110100000100100101110010001001001100100111111010000100101,133257450,0,0.100000,1.000000
133264600,76,0011001111101111111101001100010010011111001000100110010010011100101000110110,133265289,0,0.035000,0.700000
133264601,75,000100011100111110101000001001001001111100100010010010001001111110110001101,133257450,0,0.100000,1.000000
133264602,84,111001000100111110111110010100100000100100111110010001001001100100111011011000111111,133260451,0,0.060000,0.600000
133264603,82,1101000100011100101011100101001001001001001111100100010010001001001011110110001010,133257454,0,0.040000,1.000000
133264606,86,11100000011011011110110000110100000100100111110010001001000100100101111010000110001111,133257454,0,0.040000,1.000000
133264607,88,0111010011000111001010111001011010000010010011111001000100100010010010111101100111010100,133254146,0,0.024000,0.600000
133264608,84,110110000011100101010100101001000001001001111101100010010001001001110100111001101000,133254146,0,0.024000,0.600000
133264612,83,10111001001110010101011010100100000100100111110010001001000100110111010111001101001,133257454,0,0.040000,1.000000
133264613,88,0111010011000111001010111001011010000010010011111001000100100010010010111101100111010100,133257454,0,0.040000,1.000000
133264614,82,1101000100011100101011100101001001001001001111100100010010001001001011110110001010,133254146,0,0.024000,0.600000
133264617,80,00000000011111011111000010100000100100111110010001001000100100101110110011101001,133257454,0,0.040000,1.000000
133264618,79,0100100111101111110001010111000010010011111001000100100010010010111100100010101,133249268,0,0.024000,0.600000
133264619,80,00000100111110111110000101000001001001111100000010010001001000011101100011010010,133259016,0,0.080000,0.800000
133264620,81,110000000101001110111001010101000100100111110010001001000100100011111001001100101,133257455,0,0.066667,1.000000
133264621,85,0111110000011100101010100101001000001001001111100110010010001001001110100111001101000,133249268,0,0.024000,0.600000
133264622,86,10010000010101000010111011011010000010010011111001000100100010010011110101100011000101,133257456,0,0.100000,1.000000
133264624,75,000100011100101101101000001001001001111100100010010000001001111110110001101,133257456,0,0.100000,1.000000
133264625,83,10000000000111110011111010000110000100100111110010001001001100100111011110001111001,133257456,0,0.100000,1.000000
133264626,80,10000000111101111110100001000001001001111100100010000001001011101111100011110011,133245511,0,0.020000,0.400000
133264628,83,11001000001110011101010010110100000100100111110010001001000100100111111011001110101,133257457,0,0.050000,1.000000
133264629,83,11010000001111101111100001001001001001001111100100010010001001001100110110001110110,133257457,0,0.050000,1.000000
133264630,83,10100000001110000101110010110100000100100111110010001001000100100101110111010110111,133257457,0,0.050000,1.000000
133264631,82,1000000010111110111110011100000100100100111110010001001001100100111011011000101101,133257458,0,0.066667,1.000000
133264632,85,0100000000111110011111010100110000100100111110010001001001100100111011111000111100110,133257458,0,0.066667,1.000000
133264633,83,10100000001110010101110010110000001100100111110010001001000100100101110011010110101,133257458,0,0.066667,1.000000
133264634,83,10100000001110000101110010110100000100100111110010000001000100100101110011010110101,133235545,0,0.050000,0.600000
133264635,83,11100000001110011101010010110100000100100111110010001001000100100111111011001110101,133238705,0,0.040000,0.600000
133264636,83,10000001101111101111100101001011001001001111100100010010001001001110110110001110010,133257460,0,0.100000,1.000000
133264637,74,00000011101111010101011000010010011101001000100100110010011101101100011101,133265303,0,0.100000,0.600000
133264638,75,000100011010111100101000001001000001111100100010010001001001111111110000101,133257461,0,0.200000,1.000000
133264639,76,0010011101010111001010010110000010011111001000100100110010011111101100011101,133257462,0,0.100000,1.000000
133264640,80,00000000011111011111000010100000100100111110010001001000100100101110110011101001,133257462,0,0.100000,1.000000
133264641,75,000101011110111100101000001001001001111100100010010000001001111110100001101,133257464,0,0.033333,1.000000
133264642,84,100110000001100101010100101000000001101011111100100010010001001001110100111001101001,133257464,0,0.033333,1.000000
133264643,84,011000000011110011111100001101001101001001111100100010010001001001011110100001100011,133257464,0,0.033333,1.000000
133264644,84,111010001000111010101110010110100000110100111110010001001000100100101011011000110101,133238696,0,0.025000,0.500000
133264645,85,1101000000011100001011100101101010001001001111000100010010001001001011110110101101010,133257464,0,0.033333,1.000000
133264646,84,111001000100111110011110010100100000100100111110010001001001100100011011111100111111,133257464,0,0.033333,1.000000
133264647,84,111100000001110011101110010110100000100100111110010001001000100100111101011001110101,133238696,0,0.030000,0.600000
133264648,83,11100000001110011101010010110100000100100111110010001001000100100111111011001110101,133257464,0,0.033333,1.000000
133264649,84,111010001000111010101110010110100000110100111110010001001000100100101011011000110101,133238696,0,0.025000,0.500000
133264650,84,111001000100111110011110010100100000100100111110010001001001100100011011111100111111,133257464,0,0.033333,1.000000
133264651,84,111100000001110011101110010110100000100100111110010001001000100100111101011001110101,133238696,0,0.030000,0.600000
133264652,75,000101011110111100101000001001001001111100100010010000001001111110100001101,133238696,0,0.025000,0.500000
133264653,82,1010000001011101111100001001001001001001111100100010010001001001100110110001111110,133257465,0,0.066667,1.000000
133264654,84,110101010001111010101110010110100000100100111110010001001001100100101111001001100101,133259013,0,0.046667,0.700000
133264655,82,1010000001011101111100001001001001001001111100100010010001001001100110110001111110,133257465,0,0.066667,1.000000
133264656,84,110101010001111010101010010110100000100100111110010001001001100100101111001001100101,133257465,0,0.066667,1.000000
133264657,84,011001000100111110011110010100100000100100111110010001001001100100111011011000011111,133257465,0,0.066667,1.000000
133264658,86,10010000000011100111011100100101000001001001111100100010010001001001111110010011101011,133257465,0,0.066667,1.000000
133264659,83,10100000001100000101110010110100000100100111110010001001001100100101110011010110101,133257465,0,0.066667,1.000000
133264660,81,100000001111110111110001001000010010001111001000110100110010111101101100011001101,133257467,0,0.100000,1.000000
133264661,79,0100100111101111110001000111000010010011111001000100111010010010111101100010101,133265304,0,0.050000,0.600000
133264662,79,0100100111101111110001000111000010010011111001000100111010010010111101100010101,133265304,0,0.050000,0.600000
133264663,86,11110010001001111101111100101001000001001001111100100010010011001001110110110001111110,133240472,0,0.046667,0.700000
133264664,86,01100110010001111001011001010010000010010011111001100100100110010011100101100011111110,133257468,0,0.100000,1.000000
133264665,86,01000000000111110101100010100100100100100111110010001001001000101111010011000111101011,133257468,0,0.060000,0.700000
133264666,86,11100000011011011110110000110100000100100111110010001001000100100101111010000110001111,133240472,0,0.040000,0.600000
133264667,82,1000010011110111011100110001100000001001111100100010000011001001010100110101100011,133262191,0,0.060000,0.600000
133264668,83,10100000001110000101110010110100000100100111110010001001000100100101110111010110101,133247273,0,0.053333,0.800000
133264669,86,11100000011011011110110000110100000100100111110010001001000100100101111010000110001111,133257468,0,0.100000,1.000000
133264670,79,0100100111101111110001000111000010010011111001000100111010010010111101100010101,133257468,0,0.100000,1.000000
133264671,82,1000010011110111011100110001100000001001111100100010000011001001010100110101100011,133257468,0,0.100000,1.000000
133264672,79,0000001011111011010010100000000100100111110010001001000100100111011011000111110,133265304,0,0.060000,0.800000
133264673,86,01000000000111110101100010100100100100100111110010001001001000101111010011000111101011,133265304,0,0.060000,0.600000
133264674,86,01100110010001111001011001010010000010010011111001100100100110010011100101100011111110,133240472,0,0.040000,0.600000
133264675,79,0000001011111011010010100000000100100111110010001001000100100111011011000111110,133259003,0,0.100000,1.000000
133264676,82,0111000001110010101010010100100000100100111110010001010001001001110101110011010011,133259003,0,0.000000,0.000000
133264677,83,01100000001110010001110010110100000100101111110010001001000100100111111001001110101,133259004,0,0.100000,1.000000
133264678,81,100000001011111011111010010010000000100111110010001001000100100111111101110110101,133235544,0,0.030000,0.600000
133264679,85,1011001000100111110011100010100100000100100111110010001001001100100111011011000111111,133260441,0,0.035000,0.700000
133264680,83,00100000001111101111110101001000101001001111100110010010011001001110111110001111001,133259005,0,0.200000,1.000000
133264681,82,1101000100011110101011100101001001001001001111100100010010001011001011110110001010,133259005,0,0.200000,1.000000
133264682,77,10000011001010111110000100000100100100101110010001001000100100110000110001011,133259005,0,0.200000,1.000000
133264683,79,0000000110101011100101001011001001001111100100010010011001001111110110001111111,133252608,0,0.040000,0.600000
133264684,83,11010000001111101111100001001001001001001111100100010010001001001110110110001110110,133252598,0,0.200000,1.000000
133264685,84,101110000011100101110100101111000001001001111100100010010001001001110101110011010011,133259005,0,0.200000,1.000000
133264686,81,100000101011000000110110110100000100100111110010001001000100100111101011100100001,133259007,0,0.200000,1.000000
133264687,87,011100000011011011111110000110100000100100111110010001001000100100101110010000110001111,133259007,0,0.200000,1.000000
133264688,77,00000010111011110100010110000100100111110010001001001100100111011011000111011,133259007,0,0.200000,1.000000
133264689,77,00001010100001111011001010000010010011111001000100100010010011111101110011000,133259007,0,0.200000,1.000000
133264690,82,1000001110100001111101100101000001001001111100100010010001001001111010111001100011,133259007,0,0.200000,1.000000
133264691,79,0100100111101111110001010111000010010011111001000100100010010010111101000010101,133259007,0,0.200000,1.000000
133264692,88,1101110000011001011111110000110100101100110111110010001001000100100101101010000110001110,133259008,0,0.100000,1.000000
133264693,84,111000011111011110110010001110100100100111110010001001000100100101111011010110110000,133259008,0,0.080000,0.800000
133264694,77,00000010010101111100001000001001001001111100100010010001001001100001100010111,133259009,0,0.040000,1.000000
133264695,81,100000001110101111101001001000001001001111101100010010001001001101110010001111001,133259009,0,0.040000,1.000000
133264696,82,1110000011100111111100100000100001001011111100100010010001001001011110110101101000,133259009,0,0.040000,1.000000
133264697,82,1000000010111110111110011100000100100100111110010001001001100100111011011000101101,133259010,0,0.040000,1.000000
133264698,77,00000001111101111000010100000100100111110110001001000100100101110110001111001,133259010,0,0.040000,1.000000
133264699,83,01000010010111110111110110100100000100100111110010001001000100100111111101110110101,133243647,0,0.033333,0.500000
133264700,76,0000010101010111110000001000100101100111110010001001001100100110000110001011,133259011,0,0.066667,1.000000
133264701,84,111001000100111110011100000100100000100100111010000001101001100100111011111000011111,133265292,0,0.200000,0.500000
133264702,82,1000001010100001111101101101000001001001111100100010010001001001111010111001110010,133259012,0,0.200000,0.600000
133264703,84,100000101010000101110110110100000100100111110010001001000100100111101011010110001010,133259012,0,0.200000,1.000000
133264704,75,000101011110111100101000001001001001111100100010010000001001111110100001111,133259012,0,0.200000,1.000000
133264705,83,10111001001110010101011010100100000100100111110010001011000100110111010111001101001,133259012,0,0.200000,1.000000
133264706,84,100000101010000101110110110100000100100111110010001001000100100111101011010110001010,133252609,0,0.100000,1.000000
133264707,75,000101011110111100101000001001001001111100100010010000001001111110100001111,133265292,0,0.200000,0.700000
133264708,83,11011001100111110111110010100100000100100111110010001001001101100111011011000111011,133252609,0,0.070000,0.700000
133264709,84,100000101010000101110110110100000100100111110010001001000100100111101011010110001010,133259012,0,0.200000,1.000000
133264710,84,100000101010000101110110110100000100100111110010001001000100100111101011010110001010,133259012,0,0.200000,1.000000
133264711,83,11011001100111110111110010100100000100100111110010001001001100100111011011000111011,133252609,0,0.080000,0.800000
133264712,75,000101011110111100101000001001001001111100100010010000001001111110100001111,133265292,0,0.200000,0.700000
133264713,84,111001000100111110011100000100100000100100111010000001101001100100111011111000011111,133259012,0,0.200000,1.000000
133264714,75,000101011110111100101000001001001001111100100010010000001001111110100001111,133252609,0,0.080000,0.800000
133264715,84,111001000100111110011100000100100000100100111010000001101001100100111011111000011111,133265292,0,0.200000,0.500000
133264716,83,11011001100111110111110010100100000100100111110010001001001100100111011011000111011,133259012,0,0.200000,1.000000
133264717,84,111001000100111110011100000100100000100100111010000001101001100100111011111000011111,133265292,0,0.200000,0.500000
133264718,82,1000001010100001111101101101000001001001111100100010010001001001111010111001110010,133259012,0,0.200000,1.000000
133264719,81,101000000011100111000100011010000010010011111001000100100010010011110100100111010,133252609,0,0.100000,1.000000
133264720,84,111001000100111110011100000100100000100100111010000001101001100100111011111000011111,133265292,0,0.200000,0.500000
133264721,83,11011001100111110111110010100100000100100111110010001001001100100111011011000111011,133252609,0,0.080000,0.800000
133264722,84,111001000100111110011100000100100000100100111010000001101001100100111011111000011111,133259012,0,0.200000,1.000000
133264723,84,111001000100111110011100000100100000100100111010000001101001100100111011111000011111,133259012,0,0.200000,1.000000
133264724,81,101000000011100111000100011010000010010011111001000100100010010011110100100111010,133259012,0,0.200000,1.000000
133264725,81,100000101010000111110110010100000100100111110010101001000100100111101011100110001,133259014,0,0.200000,1.000000
133264726,87,011101000100011100101011100101101000001001001111100100010010001001001011110110001101010,133259014,0,0.200000,1.000000
133264727,83,01000010011110111011100100001100000001001111100100010000011001001010100110101100011,133259014,0,0.200000,1.000000
133264728,76,0000101111111111100001011010001001001111100100010010001001001010100100011001,133259014,0,0.200000,1.000000
133264729,83,01100100001110011001010010110100000100000111110110001001000100100111111001001110101,133259014,0,0.200000,1.000000
133264730,83,11010000001111101111100001001001001001001111100100010010001001001100110110001110110,133259015,0,0.200000,1.000000
133264731,80,10000000111101111110100001000001001001111100100010000001001011101111100011110011,133259015,0,0.200000,1.000000
133264732,82,0010110000101001010101001011010010000010011111001000100100010010010111010000110101,133259015,0,0.200000,1.000000
133264733,84,110010001001111101111100101001000001001001111100100010010011001001110110110001111111,133259015,0,0.200000,1.000000
133264734,82,1010000001111101111100001001001001001001111100100010010001001001100110110001111110,133259015,0,0.200000,1.000000
133264735,82,1010000001111101111100001011001001001001101100100010010001001001100110110001111110,133259015,0,0.200000,1.000000
133264736,82,0010110000101001010101001011010010000010011111001000100100010010010111010000110101,133259015,0,0.200000,1.000000
133264737,75,000101011110111100101000001001001001111100100010110001001001111110100001101,133259015,0,0.200000,1.000000
133264738,86,11111010110000111000010101010110100000100100111110010001001000100100101111011000110101,133259015,0,0.200000,1.000000
133264739,80,11010001001011001010111001011010010010000111110010001001000100110101111011000101,133259015,0,0.200000,1.000000
133264740,75,000100011010111000101000001001000001111100100010010001001001111110110001101,133259015,0,0.200000,1.000000
133264741,82,0010110000101001010101001011010010000010011111001000100100010010010111010000110101,133259015,0,0.200000,1.000000
133264742,82,1000001010100001101101100101000001001001011100100010010001001001111010111001100011,133259015,0,0.200000,1.000000
133264743,82,1010000001111101111100001001001001001001111100100010010001001001100110110001111110,133259015,0,0.200000,1.000000
133264744,78,000100011010101110010100100110100100111110010011001000100100111111001000111111,133259015,0,0.200000,1.000000
133264745,78,000100011010101110010100101110100100111110010011001000100100111111001000111111,133259015,0,0.200000,1.000000
133264746,81,000000101110010101110010110100000100100111110010001001000100100111111011000110000,133257455,0,0.053333,0.800000
133264747,85,0110101010001110010101010010110100000100100111110010001011000100100011101001100110101,133257455,0,0.046667,0.700000
133264748,79,0000000110101011100101001011001001001111100100010010011001001111110110001111111,133266892,0,0.046667,0.700000
133264749,84,111100000001110001101010010110100000100100111110010001001000100100111101011001110101,133259018,0,0.100000,1.000000
133264750,80,00000100111110111110000101000001001001111100100010010001001000011101100011010010,133259018,0,0.100000,1.000000
133264751,81,100000001011111011111011010010000000100111110010001001000100100111111101110110101,133259018,0,0.100000,1.000000
133264752,83,01100100000011111001101011010010000010010011011001001001001001100011010011000111111,133259018,0,0.100000,1.000000
133264753,82,1000001010110000011101101101000001001001111100100010010001001001111010111001000011,133259019,0,0.100000,1.000000
133264754,83,11001000001110011101010010110100000100100111110010001001000100100111111011001110101,133259019,0,0.100000,1.000000
133264755,80,00000000011100101010100000101010010010011111001000100000110011011111010100110100,133249271,0,0.050000,0.500000
133264756,83,00010110000111001011101001011010010010010011111001000100100000010010111010000110100,133249271,0,0.070000,0.700000
133264757,85,0010000010011100111011100100101000001001001110100100010010001001001111110010011101011,133260438,0,0.100000,1.000000
133264758,77,10010001101110111001100010110100100111110010001001001100100111111011001111111,133260438,0,0.100000,1.000000
133264759,82,1000000010111110111110010100101100100100111110010001001000100100111011011000111001,133260438,0,0.100000,1.000000
133264760,86,11110010001001111101111100101001000001001001111100100010010011001001110110110001111110,133260438,0,0.100000,1.000000
133264761,77,10010001101110111001100010110100100111110010001001001100100111111011001111111,133260438,0,0.100000,1.000000
133264762,86,11100000011011011111110000110100000100100111110010001001000100100101111010010110001111,133260438,0,0.100000,1.000000
133264763,80,00000000011111011111000010100000100100111110010001001000100100101110110011101001,133260438,0,0.100000,1.000000
133264764,81,100000001111110111110001001000010010011111001000110100110010111101101100011001101,133260438,0,0.100000,1.000000
133264765,82,0010110000111001010101001011010010010010011111001000100100010010010111010000110101,133260438,0,0.100000,1.000000
133264766,81,100000101010000111110110010100000100100111110010001001000100100111101011100110001,133260438,0,0.100000,1.000000
133264767,79,0000001011111011010010100000000100100111110010001001000100100111011011000111110,133260438,0,0.100000,1.000000
133264768,84,010000000011101001111101010011000010010011111001000100100110010011101111100011110011,133260438,0,0.100000,1.000000
133264769,75,000100011000111100101000001001000001111100100010010001001001111110110000101,133260440,0,0.050000,1.000000
133264770,84,110110000011100101010100101001000001001001111101100010010001001001110100111001101000,133260440,0,0.050000,1.000000
133264771,77,00000000111110111110001010000010010011111101000100110010010010111011000110100,133260440,0,0.050000,1.000000
133264772,81,000000011110111111010100100000100100111110010001001000100100111011111000111100111,133260440,0,0.050000,1.000000
133264773,83,10111000001111010101010010100100000100100111111010001001000100100111010111001101001,133255841,0,0.025000,0.500000
133264774,75,000001111011110110101010010001001001111100100010010010001001011111110001001,133260442,0,0.100000,1.000000
133264775,75,000001111011110110101010010001001001111100100010010010001001011111110001001,133260442,0,0.100000,1.000000
133264776,82,1000001110100001111101100101000001001001111100100010010001001001111010111001100011,133260442,0,0.100000,1.000000
133264777,81,100000101010000111110110010100000100100111110010001001000100100111101011100110001,133249261,0,0.120000,0.600000
133264778,77,00001011111111111000010110101010010011111001000100100010010010101001001110010,133266891,0,0.060000,0.600000
133264779,82,0100000101010000111110110110100000100100111110010001001010100100111101011100110001,133270350,0,0.100000,0.500000
133264780,75,000100011100111110101000001001001001111100100010010010001001111110110001101,133260443,0,0.200000,1.000000
133264781,81,100000101010000111110110010100000100100111110010001001000100100111101011100110001,133238709,0,0.200000,0.500000
133264782,76,0000001001010111110000100000100100100111110010001001000100100110000110001011,133251033,0,0.080000,0.800000
133264783,81,100000101010000111110110010100000100100111110010001001000100100111101011100110001,133238709,0,0.200000,0.500000
133264784,82,1101000100011100101011100101001001001001001111100100010010001001001011110110001010,133241964,0,0.200000,1.000000
133264785,83,10111000001110010101010010100100000100100111110010001001000100100101010111001101001,133238709,0,0.200000,0.500000
133264786,82,0100000101010000111110110110100000100100111110010001001010100100111101011100110001,133241964,0,0.200000,0.800000
133264787,80,11010001000111001010111001010010010010010011110010001001000100100101111011000101,133260443,0,0.000000,0.000000
133264788,81,100000101010000111110110010100000100100111110010001001000100100111101011100110001,133241964,0,0.200000,1.000000
133264789,81,100000101010000111110110010100000100100111110010001001000100100111101011100110001,133238709,0,0.200000,0.500000
133264790,76,0000001001010111110000100000100100100111110010001001000100100110000110001011,133270350,0,0.120000,0.600000
133264791,81,100000101010000111110110010100000100100111110010001001000100100111101011100110001,133249261,0,0.120000,0.600000
133264792,75,000001111011111110101010010001001001111100100010010010001001011111110001001,133260443,0,0.200000,1.000000
133264793,84,111000000101111001111100111001001001001000111100100010110101001001100110110000011010,133241964,0,0.200000,0.600000
133264794,76,0000000011101111110101011000010010011111101000100100110010011101101100011101,133259011,0,0.033333,0.600000
133264795,86,11100000011011111111110000110100000110100111110010001001000100100101111010010110001111,133260444,0,0.200000,1.000000
133264796,83,01000010010111110111110010100100100100100111110110001001001100100111011011000111101,133260446,0,0.033333,0.500000
133264797,83,11100000010011110001110101100100000100100110110010001000000100100111111001000111101,133260444,0,0.200000,1.000000
133264798,83,10100000001110010101110010110100000100100111110010101001000100100101110011010110101,133260444,0,0.200000,1.000000
133264799,83,10000000101011101111101101011001001001001111100100010010001001001110110100001111110,133260444,0,0.200000,1.000000
133264800,81,100000101011000001110110110100000100100111110010001001000100100111101011100100001,133260444,0,0.200000,1.000000
133264801,81,110100000011101011111000010010010000100111110110001001000100100100011011000111110,133235545,0,0.035000,0.500000
133264802,83,11101010000011100101010101011010000010010011111001000100100010010010111101100011010,133260445,0,0.066667,1.000000
133264803,84,011001000100111110011110010100100000100100111110010001001001100100111011011000111111,133257459,0,0.035000,0.700000
133264804,84,110001010001111010101110010110100000100100111110010001001001100100101111001001100101,133238705,0,0.053333,0.600000
133264805,80,10100010001110010101110010100100111001001111100100010010001001001011110110001010,133235545,0,0.040000,0.500000
133264806,85,1110100000001110010101110010110011000100100111110010001001000100100100111011001110101,133238705,0,0.066667,0.600000
133264807,76,0001000111001111001010000010010010011111001000100100000010011111101100011011,133260445,0,0.066667,0.600000
133264808,84,110101010001111010101110010110100000100100111110010001001001100100101111001001100101,133260445,0,0.066667,1.000000
133264809,83,11101010000011100101010101011010000010010011111001000100100010010010111101100011010,133238705,0,0.066667,0.600000
133264810,85,1100010001001111100110101101001000001001001101100100010010011011001110100110001111111,133235545,0,0.030000,0.600000
133264811,85,1001000001010110001011101101101000001001001111100100010010001001000111010111001100011,133257459,0,0.040000,0.800000
133264812,83,00010100000111001010101001011011000010010011111001001100100000010010111000000110101,133260445,0,0.066667,0.600000
133264813,80,01101001110011111100010001110000101100111110011001001000100100101111011000101111,133235545,0,0.030000,0.500000
133264814,76,0001000111001111001010000010010010011111001000100100000010011111101100011011,133260445,0,0.066667,0.600000
133264815,75,000100011010111100101000001001000001111100100010010001001001111110110001001,133238705,0,0.066667,0.600000
133264816,82,1010000001011101111100001001001001001001111100100010010001001001100110110001111110,133238705,0,0.066667,0.600000
133264817,82,1110000011100111101100100000100001001001111100100010010001001001011110111101101000,133259011,0,0.066667,0.800000
133264818,83,01000010010111100111110010100101100100100111110010001001000100110111011011000111001,133263571,0,0.100000,0.500000
133264819,79,0000000011011011110000000100000100100111110010001001000100100101110110001101001,133259011,0,0.066667,0.800000
133264820,84,111011000100111110011110010100000000100100111110010001001001100100111011110001111111,133263571,0,0.120000,0.600000
133264821,77,00000010111011110100010110000100100111110010001001001100100111011011101111011,133260444,0,0.120000,0.600000
133264822,84,110101010001111010101110010110100000100100111110010001101001100100101111001001100101,133257466,0,0.050000,0.500000
133264823,82,0000000000111001000111000011010100010010011111001000100100110011011111010100110101,133260449,0,0.200000,1.000000
133264824,80,00000000011111011111000010100000100100111110010001001000100100101110110011101001,133257466,0,0.050000,0.500000
133264825,82,1101000100011100101011100101001001001001001111100100010010001001001001110110001010,133257466,0,0.050000,0.500000
133264826,82,1010000001111101111100001001001001101001111100100010010001001001100110110001111110,133260449,0,0.200000,1.000000
133264827,83,11100100001100011101010010110100000100100111110010101001000100110111101011001110101,133260449,0,0.200000,1.000000
133264828,85,0010000010011100111011100100101000001001001111100100010010001001001111110010011101010,133260449,0,0.200000,1.000000
133264829,80,00000000011111011111000010100000100100111110010001001000100100101110110011101001,133260449,0,0.200000,1.000000
133264830,84,011100000001110011101100010110100000100100111110011001001000100100111111001001010101,133260449,0,0.200000,1.000000
133264831,80,00000000011111011111000010100000100100111110010001001000100100101110110011101001,133260449,0,0.200000,1.000000
133264832,75,000100011100111100101000001001001001111100100010010001001001111110110001101,133247257,0,0.100000,0.600000
133264833,76,0010001101110111001100010110100100111110010001001001100100111111011000111111,133260450,0,0.100000,1.000000
133264834,89,01011100000110110111111100001101001001001101111100100010010001001001011010100001100011100,133260450,0,0.100000,1.000000
133264835,75,000100011010111100101000001001000001111100100010010001001001111110110000101,133260450,0,0.100000,1.000000
133264836,81,100000101010000111110110010100000100100111010010001001000100100111100010100110001,133260450,0,0.100000,1.000000
133264837,83,11100000001110011101010010110100000100100111110010001001000100100111111011001110111,133260450,0,0.100000,1.000000
133264838,75,000100011100101101101000001001001001111100100010010000001001111110110001101,133247257,0,0.100000,0.700000
133264839,85,0011000000001111001101000110110100010000100111110010001001000100100111111001001110101,133260451,0,0.100000,1.000000
133264840,85,0011000000001111001101000110110100010000100111110010001001000100100111111001001110101,133260451,0,0.100000,1.000000
133264841,82,1000000001110111101010010110100010100100111110010001001000100100111110001000110101,133260451,0,0.100000,1.000000
133264842,82,0100010100111101111110001000111000010010011111001000100100010010010111101100010111,133260451,0,0.100000,1.000000
133264843,75,000100011010111100101000001001000001111100100010010001001001111110110001101,133260451,0,0.100000,1.000000
133264844,81,000000011110111111010100100000100100111110010001001000100100110011111000111100110,133260451,0,0.100000,1.000000
133264845,83,11100000001110011101010010110100000100100111111010001001000100100111111011001110101,133260451,0,0.100000,1.000000
133264846,83,11001001100111110011110010100100010100100111010010001001001100100111011011100111111,133257452,0,0.033333,0.500000
133264847,85,0011000000001111001101000110110100010000100111110010001001000100100111111001001110101,133260451,0,0.100000,1.000000
133264848,85,0111000000101111001111100101011001001001001111100100010010001011001100010110000011010,133260451,0,0.100000,1.000000
133264849,83,11001001100111110011110010100100010100100111010010001001001100100111011011100111111,133260451,0,0.100000,1.000000
133264850,83,11001000100111110111110010100100000100100110110010001001001100100111011011000101111,133260451,0,0.100000,1.000000
133264851,77,00000010101010111110000001000100101100111110010001001001100100110000110000011,133257452,0,0.033333,0.500000
133264852,77,00000010101010111110000001000100101100111110010001001001100100110000110000011,133260451,0,0.100000,1.000000
133264853,82,0100010100111101111110001000111000010010011111001000100100010010010111101100010111,133260451,0,0.100000,1.000000
133264854,81,000000011110111111010100100000100100111110010001001000100100110011111000111100110,133260451,0,0.100000,1.000000
133264855,82,1000000001110111101010010110100010100100111110010001001000100100111110001000110101,133263567,0,0.060000,0.600000
133264856,85,1100010001001111100110101101001000001001001101100100010010011011001110100110001111111,133260453,0,0.100000,1.000000
133264857,84,000000000011111001111111010011000010010011111001000100100110010011101111100011110011,133249264,0,0.046667,0.700000
133264858,86,11110010001001111101111100101001000001001001111100100010010011001001110110110001111110,133249264,0,0.046667,0.700000
133264859,76,0000010101010111110000001000100101100111110010001001001100100110000110001011,133260453,0,0.100000,1.000000
133264860,76,0000010101010111110000001000100101100111110010001001001100100110000110001011,133260453,0,0.100000,1.000000
133264861,83,10111000001111010101010010100100000100100111110010001001000100100111010111001101001,133263574,0,0.050000,0.500000
133264862,76,0000010101010111110000001000100101100111110010001001001100100110000110001011,133249264,0,0.050000,0.600000
133264863,84,000000000011111001111111010011000010010011111001000100100110010011101111100011110011,133260453,0,0.100000,1.000000
133264864,82,0110000001111011111110000110100100100100111110010001001000100100100111010000110001,133260453,0,0.100000,1.000000
133264865,79,0100100111101111110001000111000010010011111001000100111010010010111101101010101,133249264,0,0.040000,0.600000
133264866,83,11101010000111100101010101011010000010010011011001000100100010010010111111100011010,133249264,0,0.046667,0.700000
133264867,83,10111000001110010101010010100100000100100111110010001001000100100101010111001101001,133249264,0,0.053333,0.800000
133264868,80,01111001110011111100010001110000100100111110011001001000100100101111011000101111,133260453,0,0.100000,1.000000
133264869,84,001001010100111110011110010100100000100100111110010001001001100101101011011000111111,133262191,0,0.046667,0.600000
133264870,80,01111001110011111100010001110000100100111110011001001000100100101111011000101111,133260453,0,0.100000,1.000000
133264871,86,01000000000111110101100010100100100100100111110010001001001000101111010011000111101011,133249264,0,0.040000,0.600000
133264872,87,011101000100011100101011100101101000001001001111100100010010011000001011010110001101010,133260455,0,0.066667,1.000000
133264873,86,11100000011011011110110000110100000100100111110010001001000100100101111010000110001111,133260455,0,0.066667,1.000000
133264874,76,0000000011101111010001011000010000011111001000100100110010011101101100011101,133260455,0,0.066667,1.000000
133264875,83,11001000100111110111110010000100000100100110110010001001001100100111011011000111111,133243650,0,0.046667,0.700000
133264876,83,00000110011110111111110100000000100100110110010001001000100100111011111000111100110,133260455,0,0.066667,1.000000
133264877,76,0000000011101111010001011000010000011111001000100100110010011101101100011101,133243650,0,0.040000,0.600000
133264878,76,0000000011101111010001011000010000011111001000100100110010011101101100011101,133270349,0,0.033333,0.500000
133264879,86,10100000000111110011111010100110000100100111110010001001001100100111011111000111100110,133243650,0,0.040000,0.600000
133264880,86,11100000011011011110110000110100000100100111110010001001000100100101111010000110001111,133260455,0,0.066667,1.000000
133264881,83,10100010001110010101110010110100000100100111110010001001000100100101110011010100101,133249259,0,0.033333,0.500000
133264882,83,11001000100111110111110010000100000100100110110010001001001100100111011011000111111,133260455,0,0.066667,1.000000
133264883,86,10100000000111110011111010100110000100100111110010001001001100100111011111000111100110,133260455,0,0.066667,1.000000
133264884,83,00000110011110111111110100000000100100110110010001001000100100111011111000111100110,133260455,0,0.066667,1.000000
133264885,76,0000101111111111100001010010001001001111100100010010001001001010100100011001,133260455,0,0.066667,1.000000
133264886,83,11101000000011100101011100101101110001001001111100100000110001001101001110110011010,133260455,0,0.066667,1.000000
133264887,76,0000101111111111100001010010001001001111100100010010001001001010100100011001,133260455,0,0.066667,1.000000
133264888,76,0000000011101111010001011000010000011111001000100100110010011101101100011101,133260455,0,0.066667,1.000000
133264889,83,10100000001110010101110010110100000100100111110010001001000100100101110011000110101,133260455,0,0.066667,1.000000
133264890,87,011101000100011100101011100101101000001001001111100100010010011000001011010110001101010,133260455,0,0.066667,1.000000
133264891,83,10100000001110010101110010110100000100100111110010001001000100100101110011000110101,133260455,0,0.066667,1.000000
133264892,83,10100010001110010101110010110100000100100111110010001001000100100101110011010100101,133260455,0,0.066667,1.000000
133264893,76,0000000011101111010001011000010000011111001000100100110010011101101100011101,133260455,0,0.066667,1.000000
133264894,81,000000101110010101110010110100000100101111110010001001000100100111111011000110000,133262177,0,0.040000,1.000000
133264895,80,00000100111110111110000101000001001001111100100010010001001000011111100011010010,133262177,0,0.040000,1.000000
133264896,86,11100000011011011110110000110100000100100111110010101001000100100101111010000110001111,133262177,0,0.040000,1.000000
133264897,84,111100000001110011101010010110100000100100111110010001001000100100111101011001110101,133262177,0,0.040000,1.000000
133264898,79,1000000011111101110100010010001100100111110010001101001100101110110110001100110,133262177,0,0.040000,1.000000
133264899,84,111100000001110011101010010110100000100100111110010001001000100100111101011001110101,133262177,0,0.040000,1.000000
133264900,82,1101000100011100101011100101001001001001001111100100010010001001001011110110001010,133265292,0,0.080000,0.800000
133264901,73,0010001110011100010100000100100100111110010001011000000100111111011001110,133259012,0,0.060000,0.500000
133264902,81,100000101010000111110110010100000100100111110010101001000100100111101011100110001,133262177,0,0.040000,1.000000
133264903,85,1100010001001111100110101101001000001001001101100100010010011011001110100110001111111,133262177,0,0.040000,1.000000
133264904,74,00100011100111000101000001001001001111100100010110000001001111110110011100,133259012,0,0.060000,0.500000
133264905,81,000000101110010101110010110100000100101111110010001001000100100111111011000110000,133262177,0,0.040000,1.000000
133264906,84,011010001000111001010111001011010010010010011111001000100100010010010111101100010100,133259012,0,0.080000,0.600000
133264907,81,000000101110010101110010110100000100101111110010001001000100100111111011000110000,133262177,0,0.040000,1.000000
133264908,81,000000101110010101110010110100000100101111110010001001000100100111111011000110000,133265292,0,0.070000,0.700000
133264909,81,000000101110010101110010110100000100101111110010001001000100100111111011000110000,133262177,0,0.040000,1.000000
133264910,86,11100000011011011110110000110100000100100111110010101001000100100101111010000110001111,133265292,0,0.070000,0.700000
133264911,81,100000101010000111110110010100000100100111110010101001000100000111101011100110001,133262177,0,0.040000,1.000000
133264912,79,1000000011111101110100010010001100100111110010001101001100101110110110001100110,133262177,0,0.040000,1.000000
133264913,86,11100000011011011110110000110100000100100111110010101001000100100101111010000110001111,133262177,0,0.040000,1.000000
133264914,82,0100000001010111011111011010010001000100111110010001001000100100011111101110110101,133260443,0,0.070000,0.600000
133264915,81,110100000010111011111000010010010000100111110010001001000100100110011011000111110,133263569,0,0.080000,0.800000
133264916,79,0000010011111011010010100000000100100111110010000001000100100111011011001111110,133233877,0,0.050000,0.500000
133264917,86,10100000011011011111110000110100000100100111110010011001000100100101111010010110001111,133262180,0,0.100000,1.000000
133264918,84,100010000011001110011101010000000010010011111001000100100010010011101110010011110010,133263569,0,0.080000,0.800000
133264919,83,11001000000111110111110010000100000100100110110010001001001100100111011011000111111,133262180,0,0.100000,1.000000
133264920,83,00010100000111001010101001011011000010010011111001001100100000010010111000000110101,133262180,0,0.100000,1.000000
133264921,83,00010100000111001010101001011011000010010011111001001100100000010010111000000110101,133263569,0,0.060000,0.600000
133264922,78,000100011010101110010100101110100100111110010011000000100100111111011100111111,133263569,0,0.070000,0.700000
133264923,81,110100000010111011111000010010010000100111110010001001000100100110011011000111110,133262180,0,0.100000,1.000000
133264924,73,0000011110111011101010100100100100111110010001001001100100001111111000110,133262184,0,0.100000,1.000000
133264925,85,1100000010011010001111011000010000010010011011001000100100010010011111100100011110110,133262184,0,0.100000,1.000000
133264926,84,101000000011100101011100101101000001001001111100100010010001001001011100110101101010,133266899,0,0.100000,1.000000
133264927,81,100000001011111011111011010011000000100111110010001001010100100111111101110110101,133266899,0,0.100000,0.700000
133264928,81,100000001011111011111011010011000000100111110010001001000100100111111101110110101,133262184,0,0.100000,1.000000
133264929,81,000000000111001010101000001010100100100111110010001001001100110111110101001101001,133266899,0,0.100000,0.800000
133264930,84,110101010001111010101110010110100000100100111110010000001001100100101111001001100101,133230482,0,0.025000,0.500000
133264931,80,00000100010000011101101001000000001001110100100010010001001001111000101001100010,133262185,0,0.040000,1.000000
133264932,84,110101010001110010101010010110100000100100111110010001101000000100011101001000110101,133230482,0,0.025000,0.500000
133264933,82,1101000100011100101011100101001001011001000111100100010010001001001011110110001010,133230482,0,0.025000,0.500000
133264934,83,11101010000111100101010101011010000010010011011001000100100010010010111111100011010,133262185,0,0.040000,1.000000
133264935,80,00000100010000011101101001000000001001110100100010010001001001111000101001100010,133262185,0,0.040000,1.000000
133264936,76,0000101111111111100001011010001001001111100100010010001001001010100100011001,133262185,0,0.040000,1.000000
133264937,80,00000000011111011111000010100000100100111110010001001000100100101110110011101001,133262185,0,0.040000,1.000000
133264938,84,110101010001110010101010010110100000100100111110010001101000000100011101001000110101,133230482,0,0.025000,0.500000
133264939,83,10000100101011101111100101011001001001001111100100010010001001001110110100001111110,133262185,0,0.040000,1.000000
133264940,83,10000101010000101110110010100000100100111110010001001000100100111101011100100001111,133262185,0,0.040000,1.000000
133264941,83,10000101010000101110110010100000100100111110010001001000100100111101011100100001111,133262185,0,0.040000,1.000000
133264942,83,11101010000011100101010101011010000010010011111001000100100010010010111101100011010,133262186,0,0.066667,1.000000
133264943,82,0000000000111001010111000001010100010010011011001000100100110011011111010100110100,133262186,0,0.066667,1.000000
133264944,87,010101000100011100101011100101101000001001001111100100010010001001001011110110001101010,133262186,0,0.066667,1.000000
133264945,79,0000000110101011100101001011001001001111100100010010011001001111110110001111111,133262186,0,0.066667,1.000000
133264946,82,1000000011111101111100010010000100100111110010001001001100101111011011000110011011,133262186,0,0.066667,1.000000
133264947,81,110100000011101011111000010010010000100111110110001001000100100100011011000111110,133262186,0,0.066667,1.000000
133264948,85,1011001000100111110011100010100100000100100111110010001001001100100111011011000111111,133262186,0,0.066667,1.000000
133264949,81,100000101010000111110110010100000100100111010010001001000100100111101010100110001,133262186,0,0.066667,1.000000
133264950,81,100000101010000111110110010101000100100111110010001001000100101111101011100110001,133262186,0,0.053333,0.800000
133264951,84,111001000110111110011110011100100000100101111111010001001001000100011011111100111111,133262186,0,0.066667,1.000000
133264952,76,0010011101010111001010010110000010011111001000100100110010011111101100011101,133262187,0,0.100000,1.000000
133264953,76,0010011101010111001010010110000010011111001000100100110010011111101100011101,133262187,0,0.100000,1.000000
133264954,83,00000000001110000101111000110101000100100011110010001001001100110111111101001101011,133262187,0,0.100000,1.000000
133264955,76,0001000111001111001010000010010010011111001000100100000010011111101100011011,133262187,0,0.100000,1.000000
133264956,81,100000001111110111010001001000010010011111001000100100110010111101101100011001101,133262187,0,0.100000,1.000000
133264957,83,11100000001110011101010010110100000100100111110010001001000100100111111011001110101,133262187,0,0.100000,1.000000
133264958,82,0100000000111010111110000010100000100100111110010001001000100000111110110000001001,133262187,0,0.100000,1.000000
133264959,83,11100000001110011101010010110100000100100111110010001001000100100111111011001110101,133262187,0,0.100000,1.000000
133264960,87,111100000011011011111110000110100100100100111110010001001000100100101111010000110001111,133262187,0,0.100000,1.000000
133264961,82,1101000100011100101011100101001001001001001111100100010010001001001001110110001010,133262187,0,0.100000,1.000000
133264962,81,100000101011000000110110110100000100100111110010001001000100100111101011100100001,133262188,0,0.050000,1.000000
133264963,77,00000010111011110100010110000100100111110010001001001100100111011011000111011,133262188,0,0.050000,1.000000
133264964,81,100000101010000111110110010100000100100111110010101001000100100111101011100110001,133262188,0,0.050000,1.000000
133264965,82,1000001110100001111101100101000001001001111100100010010001001001111010111001100011,133262188,0,0.050000,1.000000
133264966,87,011100000011011011111110000110100000100100111110010001001000100100101110010000110001111,133245503,0,0.040000,0.600000
133264967,83,10100000001110010101110010110100000100100111110010001001100100100101110011010110101,133262188,0,0.050000,1.000000
133264968,83,11000000001111010101000110010100010101100111110010001000000100100111011001001110101,133262188,0,0.050000,1.000000
133264969,79,0100100111101111110001010111000010010011111001000100100010010010111101000010101,133262188,0,0.050000,1.000000
133264970,81,100000101010000111110110010100000100100111110010101001000100100111101011100110001,133245503,0,0.033333,0.500000
133264971,86,11100000011011011111110000110100100100100111110010001001000100100101111010000110001111,133255839,0,0.040000,0.600000
133264972,88,0101110000011011011111110000110100110100110111110010001001000100100101101010000110001110,133245503,0,0.033333,0.500000
133264973,82,0010110000111001010101001011010010010010011111001000100100000010010111010000110101,133255839,0,0.040000,0.500000
133264974,84,111000011111011110110010000110100100100111110010001001000100100101111011010110110000,133262188,0,0.050000,1.000000
133264975,87,011100000011011011111110000110100000100100111110010001001000100100101110010000110001111,133262188,0,0.050000,1.000000
133264976,76,0000001001010111111000100000100100100111110010001001000100100110000110001011,133266902,0,0.032000,0.500000
133264977,82,1000001010100001101101100101000001001001011100100010010001001001111010111001100011,133255832,0,0.028000,0.700000
133264978,84,111000001111011110110010000110100100100111110010001001000100100101111011010110111000,133262194,0,0.080000,0.800000
133264979,84,110010001001111101111100101001000001001001111100100010010011001001110110110001111111,133252600,0,0.070000,0.700000
133264980,82,1000001010100001110101101101000001001001111100101010010001001001111010111001100010,133262194,0,0.100000,1.000000
133264981,86,11001000001011100001111101101101000001001001111000110010010000001001111010111000100011,133262194,0,0.100000,1.000000
133264982,81,100001001111011101110010010110000100100111110010001001000100100101011011010110101,133262194,0,0.100000,1.000000
133264983,84,111001000100111110111110010100100000100100111110010001001001100100111011011000111111,133252600,0,0.100000,0.700000
133264984,86,01100000011011011111110000110100100100100011110010001001000101100101111010000110001111,133252600,0,0.050000,0.500000
133264985,84,110101000001111010101010010110100000100100111110010001001000100100101111110000110101,133262194,0,0.100000,1.000000
133264986,84,110010001001111101111100101001000001001001111100100010010011001001110110110001111111,133262194,0,0.100000,1.000000
133264987,77,00000011011101110011000101101001001111100100010010011001001111110110001111111,133262194,0,0.080000,0.800000
133264988,86,11001000001011100001111101101101000001001001111000110010010000001001111010111000100011,133262194,0,0.100000,1.000000
133264989,83,10000000101111101111100101001011001001001111100100010010001001001110110110001110010,133262194,0,0.100000,1.000000
133264990,84,111000011111011110110010000110100100100111110010001001000100100101111011010110111000,133252600,0,0.060000,0.600000
133264991,84,110010001001111101111100101001000001001001111100100010010011001001110110110001111111,133252600,0,0.100000,0.700000
133264992,84,111001000100111110111110010100100000100100111110010001001001100100111011011000111111,133262194,0,0.070000,0.700000
133264993,86,01100000011011011111110000110100100100100011110010001001000101100101111010000110001111,133262194,0,0.100000,1.000000
133264994,84,110101000001111010101010010110100000100100111110010001001000100100101111110000110101,133262194,0,0.100000,1.000000
133264995,81,100001001111011101110010010110000100100111110010001001000100100101011011010110101,133252600,0,0.060000,0.600000
133264996,83,10000010101000010111011010010000010010011111001000100100010010011110101111011000101,133262194,0,0.100000,1.000000
133264997,86,11001000001011100001111101101101000001001001111000110010010000001001111010111000100011,133262194,0,0.100000,1.000000
133264998,82,1101000000100110111110000100100100001001111100100010010001001001100110110001111101,133262195,0,0.040000,0.800000
133264999,81,100000001010000111110110110100000100100111110010001001000100100111101011100111001,133262196,0,0.200000,1.000000
133265000,80,01111001110011101000010001110000100100111110011001001000100100101111011000101011,133255830,0,0.060000,0.600000
133265001,81,100010001111110111010001001000010010011111001000100100110000111101101100011001101,133262196,0,0.200000,1.000000
133265002,83,11001001100111110011110010100100010100100111010010001001001100100111011011100111111,133262196,0,0.200000,1.000000
133265003,82,1100001010011111001111011010101000100100110110010001001000100100111111001000111101,133255839,0,0.050000,0.500000
133265004,86,01100000011001011111110000110100100100100111110010001001000101100101111010000110001111,133262196,0,0.200000,1.000000
133265005,83,10100000001110010101110010110100000100100111110010001001000100100111110011010110101,133262196,0,0.160000,0.800000
133265006,83,01110000001100011000110010110100000100100111110010001001000100100011111001001110101,133255830,0,0.060000,0.600000
133265007,80,01001001010100001111101100101000011001011111001000100100001010011110101110011000,133262196,0,0.200000,1.000000
133265008,76,0001000111001111001010010010010010011111001000100100000010011111101100011011,133262196,0,0.200000,1.000000
133265009,84,011000000001111011101000110110100010101100111110010001001000100101111111001001110101,133263556,0,0.066667,1.000000
133265010,84,100001101000111100111101101001010001001001101100100010010001001001111111010001111010,133263556,0,0.066667,1.000000
133265011,81,100000001011111011111010010010000000100111110010001001000100100111111101110110101,133263556,0,0.066667,1.000000
133265012,84,100000101010000101110110110100000100100111110010001001000100100111101011010110001010,133263556,0,0.066667,1.000000
133265013,75,000100011010111100101000001001000001111100100010010001001001111110110001101,133263556,0,0.066667,1.000000
133265014,78,000100011010101110010100101110100100111110010011001000100100111111011000111111,133263556,0,0.066667,1.000000
133265015,79,0000000110101011100101001011001001001111100100010010011001001111110110001111111,133263556,0,0.066667,1.000000
133265016,84,101110000011100101110100101111000001001001111100100010010001001001110101110011010011,133263556,0,0.066667,1.000000
133265017,78,000100011010101110010100101110100100111110010011001000100100111111011000111111,133263556,0,0.066667,1.000000
133265018,84,111001000100111110011110010100100000010100111110010001001001100100111011010001111111,133263556,0,0.066667,1.000000
133265019,82,1110000011100111111100100000100001001001111100100010010001001001011110110101101000,133263557,0,0.040000,1.000000
133265020,75,000101011110111100101000001001001001111100100010010001001001111110100001101,133263557,0,0.040000,1.000000
133265021,87,011101001100011100101011100101101000001001001111100100010010001001001011110110001101010,133263557,0,0.040000,1.000000
133265022,85,0010000010011100111011100100101000001001001111100100010010001001001111110010011111011,133243661,0,0.025000,0.500000
133265023,85,0001100000001110011001110010110100010100100111110110001001100100110111111001001110101,133263557,0,0.040000,1.000000
133265024,80,10000101010000011101101001000000001001110100100010010001101001111000101001100010,133263557,0,0.040000,1.000000
133265025,82,1000000010111110111110010100101100100101111110010001001000100100111011011000111001,133263557,0,0.040000,1.000000
133265026,83,10000000111101111110101001000001001011111100100010010101001001110111110001111001100,133263557,0,0.040000,1.000000
133265027,84,011010001000111001010111001011010010010010011111001000100100010010010111101100010101,133263557,0,0.040000,1.000000
133265028,81,100001001111011101110010000110000100100111110010001001000100100101011011010110101,133243661,0,0.025000,0.500000
133265029,74,00001010101011111000000100010010110011111001000100100110010110000110001011,133263557,0,0.040000,1.000000
133265030,75,000001111011111110100010010001001001111100100010010001001001011111110001001,133243661,0,0.025000,0.500000
133265031,83,10100000001110000101110010110100000100100111110010001001000100100101110111010110101,133243661,0,0.025000,0.500000
133265032,82,1000001001100001111101100101000001001001111100100010010001001001111010111001100011,133263557,0,0.040000,1.000000
133265033,84,010000000001111101011000101001001001001001111100100010010010001111101001000011110101,133263557,0,0.040000,1.000000
133265034,76,0011001111101111111101001100010010011111001000100110010010011100101000110110,133263557,0,0.040000,1.000000
133265035,84,111001010100111110111110010100100000100100111110010001001001100100111011011000111011,133263558,0,0.200000,1.000000
133265036,86,11100000011011011111110000110100100100100111110010001001000100100101111010000110001111,133263558,0,0.200000,1.000000
133265037,83,10100000001110000101110010110100000100100111110010000001000100100101110011010110101,133263558,0,0.200000,1.000000
133265038,75,000101010110111100101000001001001001111100100010010001001001111110100001101,133263558,0,0.200000,1.000000
133265039,85,1011001000100111110011100010100100000100100111110010001001001100100111011011000111111,133263558,0,0.200000,1.000000
133265040,83,11001000100111110111110010100100000100100110110010001001001100100111011011000101111,133263558,0,0.200000,1.000000
133265041,86,10100000001011111011111011010010000010010011111001000100100010010011111110111011010111,133263558,0,0.200000,1.000000
133265042,83,10000000101111101111100111001001001001001101100100010010001001001110110110001011010,133263559,0,0.200000,1.000000
133265043,84,111001000100111110011110010100000000100100111110010001001001100100101011011000111111,133263559,0,0.200000,1.000000
133265044,83,10000110011110111111110100010000100100110110010001001000100100111011111000111100110,133263559,0,0.200000,1.000000
133265045,86,11011001000100111110011100010100100000100100111110010001001001100100111011011000111111,133263559,0,0.200000,1.000000
133265046,81,100100010011111001111011100100000100100110110010001001001100100011010110001111111,133263559,0,0.200000,1.000000
133265047,80,01111001110011111000010001110000100100111110011001001000101100101111011000101111,133263560,0,0.200000,1.000000
133265048,81,100000101010000111110110010100000100100111110010001001000100100111101011100110001,133263560,0,0.200000,1.000000
133265049,86,10100000011011011111110000110100000100100111110010001001000100100101111010010110001111,133263560,0,0.200000,1.000000
133265050,86,10100000011011011111110000110100000100100111110010001001000100100101111010010110001111,133263560,0,0.200000,1.000000
133265051,85,0011001000100111110111110010100100000100100111110010001001001100100111011011000111111,133263560,0,0.200000,1.000000
133265052,82,0100010000111110001111010100111000100100111110010001001001100100101011110001111001,133263560,0,0.200000,1.000000
133265053,84,011010001000111001010111001011010010110010011111001000100100010010010111101100010100,133263560,0,0.200000,1.000000
133265054,82,1110000011100111111100100000100001001001111100100000010001001001011110110101101000,133263560,0,0.200000,1.000000
133265055,86,01100000011011011111110000110100100100100011110010001001000101100101111010000110001111,133263560,0,0.200000,1.000000
133265056,84,111001000100111110111110010100100000100100111110010001001001100100111011011000111111,133263560,0,0.200000,1.000000
133265057,82,1110000011100111111100100000100001001001111100100010010001001001011110110101101000,133263560,0,0.200000,1.000000
133265058,85,0110010001001111101111100101001000001001001111100100010010011001001110110110001111111,133263560,0,0.200000,1.000000
133265059,85,1100000101010000101110110110100000101100111110010101001000100100111101010010110001010,133263560,0,0.160000,0.800000
133265060,81,001000000111110111110000100100100100101111110010001001000100100110011011000111111,133263560,0,0.200000,1.000000
133265061,82,1110000011100111111100100000100001001001111100100010010001001001011110110101101000,133263560,0,0.200000,1.000000
133265062,80,00000000111110111110100101010001001001111100100010010001001001011101100011010011,133263560,0,0.200000,1.000000
133265063,85,0010000010011100111011100100101000001001001110000100010010001001001111110010011101011,133263560,0,0.160000,0.800000
133265064,86,01110100010001110010101110010110100000100100111110010001001001100000101101011000110101,133263561,0,0.040000,1.000000
133265065,84,111000001101111001111100111001001001001001111100100010010001001001100110110010011010,133263561,0,0.040000,1.000000
133265066,85,1001000001010100001011000100101000000001001111100100010010001001111111010111001100010,133263561,0,0.040000,1.000000
133265067,82,1110000011100111101100100000100001001001111100100010010001001001011110111101101000,133223823,0,0.040000,0.600000
133265068,85,1001000001010100001011000100101000000001001111100100010010001001111111010111001100010,133263561,0,0.040000,1.000000
133265069,84,111000001101111001111100111001001001001001111100100010010001001001100110110010011010,133263561,0,0.040000,1.000000
133265070,84,111000001101111001111100111001001001001001111100100010010001001001100110110010011010,133263561,0,0.040000,1.000000
133265071,83,11001000100111110111110010100100000100100110110010001001001100100111001011000101111,133263561,0,0.040000,1.000000
133265072,82,0010110000111101010101001011110010010010011111001000100100000010010111010000110101,133263561,0,0.040000,1.000000
133265073,86,01110100010001110010101110010110100000100100111110010001001001100000101101011000110101,133263561,0,0.040000,1.000000
133265074,85,1001001001010100001011101101101000001001001111100100010010001001001111010111001100011,133223823,0,0.040000,0.600000
133265075,84,110101010001110010101010010110100100100100111110010001001000100100011101001000110101,133228731,0,0.033333,0.500000
133265076,82,1000010011110111011100110001100000001001111100100010000011001001010100110101100011,133228731,0,0.033333,0.500000
133265077,80,01111001110011111000010001110000100100111110011001001000101100101111011000101111,133263562,0,0.100000,1.000000
133265078,84,110101010001110110101110010110100000100100111110010001001001100100101111000000100101,133263562,0,0.100000,1.000000
133265079,84,110101010001110110101110010110100000100100111110010001001001100100101111000000100101,133263562,0,0.100000,1.000000
133265080,83,10100000001110010101110010110100000100100111110010001001000100100101110011010110101,133228731,0,0.033333,0.500000
133265081,84,111000011111011110110010000110100100100111110010001001000100100101111011010110110000,133263562,0,0.100000,1.000000
133265082,78,000000000111110111110001010000010010011111001000100100010010010111011000111100,133263562,0,0.100000,1.000000
133265083,83,11100000001110011101010010110100000100100111110011001001000100100111111011001110101,133263562,0,0.100000,1.000000
133265084,84,111000011111011110110010000110100100100111110010001001000100100101111011010110110000,133263562,0,0.100000,1.000000
133265085,82,0010110000111001010101001011010010010010011111001000100100000010010111010000110101,133263562,0,0.100000,1.000000
133265086,84,100010000011101110011101010000000010010011111001000100100010010011101110010011110010,133263562,0,0.100000,1.000000
133265087,79,1000000011110111110100001000001001001111100100010000001001011101111100111110011,133263562,0,0.100000,1.000000
133265088,82,1101000100101100101011100101101001001001001111100100010010001001001011110110001010,133263562,0,0.100000,1.000000
133265089,82,0100100001010010101110011110110000100100111110010001001000100100101111110000111101,133263563,0,0.070000,0.700000
133265090,81,000000011110111111010100100000100100111110010001001000100100110011111000111100110,133255829,0,0.030000,0.600000
133265091,83,11100000001110011101010010110100000100100111111010001001000100100111111011001110101,133263563,0,0.100000,1.000000
133265092,82,1110000011110111101100100000100001001011111100100010010001001001011110110101101000,133255829,0,0.025000,0.500000
133265093,83,11001000100111110111110010100100000100100110110010001001001100100111011011000101111,133263563,0,0.100000,1.000000
133265094,77,00100011011101110011000101101001001111100100010010011001001111110110001111111,133263563,0,0.100000,1.000000
133265095,83,10000010101000010111011011010000010010011111001000100100010010011110101111011000101,133255829,0,0.030000,0.600000
133265096,83,10000010101000010111011011010000010010011111001000100100010010011110101111011000101,133263563,0,0.100000,1.000000
133265097,83,11000000110111110111110010100101100100100111110010001001000100100111011011000111001,133255829,0,0.030000,0.600000
133265098,81,100001001111011101110010010110000100100111110010001001000100100101011011010110101,133263563,0,0.070000,0.700000
133265099,82,1100100010011111001111011100100000100100110110010001001001100100011010110001111111,133263563,0,0.100000,1.000000
133265100,82,0000100000111001000111000011010100010010011111001000100100110011011111010100110101,133263563,0,0.100000,1.000000
133265101,85,1110010001001111100111100101000000001001001111100110010010011001001010110110001111111,133263564,0,0.080000,0.800000
133265102,84,110011001000111100101100101001000001001101111100110010010011001001100101100011111110,133263564,0,0.100000,1.000000
133265103,75,000100011010111100111000001001000001111100100010010001001001111111110000101,133263564,0,0.100000,1.000000
133265104,82,1101000100101100101011100101101001001001001111100100010010001001001011110110001010,133263564,0,0.100000,1.000000
133265105,74,00000011101111010101011000010010011101001000100100110010011101101100011101,133263564,0,0.100000,1.000000
133265106,74,00000011101111010101011000010010011101001000100100110010011101101100011101,133263564,0,0.100000,1.000000
133265107,85,1001000001010100001011000100101000000001001111100100010010001001111111010111001100010,133263564,0,0.100000,1.000000
133265108,74,00000011101111010101011000010010011101001000100100110010011101101100011101,133263564,0,0.100000,1.000000
133265109,82,0100000000011111010110001010100100100100111110010001001001000111110100110001111010,133263564,0,0.100000,1.000000
133265110,81,100000101010000111110110110100000100100111110010001001000100100111101011100111001,133263565,0,0.100000,1.000000
133265111,82,1010000001111101111100001000001001101001111100100010010001001001100110110001111110,133266895,0,0.080000,0.800000
133265112,87,011101000100011100101011100101101100011001001111100100010010001001001011110110001101010,133263565,0,0.100000,1.000000
133265113,84,100010000001001110011101010000000010010011111001000100100010010011101110010011110010,133263565,0,0.100000,1.000000
133265114,84,011001000100111110111110010100100000100100111110010001001001100100111011011000111111,133265293,0,0.046667,0.700000
133265115,82,1100000010111110111110010100101100100100111110010001001000100100111011011000111001,133263565,0,0.100000,1.000000
133265116,84,111001000100111110011110010100100000110100111110010001001001100100111011010001111111,133263565,0,0.100000,1.000000
133265117,86,11110010001001111101111100101001000001001001111100100010010011001001110110110001111110,133263565,0,0.100000,1.000000
133265118,83,10000000000111110011111010000110000100100111110010001001001100100111011110001111001,133263565,0,0.100000,1.000000
133265119,87,011100000011011011111110000110100000100100111110010001001000100100101110010000110001111,133263565,0,0.100000,1.000000
133265120,84,101010001000111010101110010110100000100100111110010001001000100100101011011000110101,133263565,0,0.100000,1.000000
133265121,85,0000000000010100101011111111100110001001001111100100010010001001001111010110001011011,133265293,0,0.053333,0.800000
133265122,75,000100011010111100101000001001000001111100100010010001001001101110110001101,133263565,0,0.100000,1.000000
133265123,83,10000000000111110011111010000110000100100111110010001001001100100111011110001111001,133265293,0,0.046667,0.700000
133265124,83,00000000001110010101110000110101000110100111110010001001001100110111110101001101011,133232169,0,0.040000,0.600000
133265125,83,00000000001110010101110000110101000110100111110010001001001100110111110101001101011,133266895,0,0.070000,0.700000
133265126,73,0010001110011110010100000100100100111110010000001000000100111111011000110,133266895,0,0.070000,0.700000
133265127,76,0000101111111111100001011010101001001111100100010010001001001010100100111001,133263565,0,0.100000,1.000000
133265128,75,000100011100111110101000001001001001111100100010010010001001111110110001101,133265293,0,0.040000,0.600000
133265129,84,011001000100111110111110010100100000100100111110010001001001100100111011011000111111,133266895,0,0.080000,0.800000
133265130,85,1110100000001110010101110010110111000100100111110010001001000100100100111011001110101,133263566,0,0.066667,1.000000
133265131,82,1000000010111110111110011100000100100100111110010001001001100100111011011000101101,133263566,0,0.066667,1.000000
133265132,83,11110000011100111111100100000100001001001111100100010010001001001011110110101101000,133263566,0,0.066667,1.000000
133265133,80,00000000011111011111000010100000100100111110010001001000100100101110110001101001,133263566,0,0.066667,1.000000
133265134,84,011100000001110011101010010110100000100100111110010001001000100100111111011000100101,133263566,0,0.066667,1.000000
133265136,82,1000001010100001111101101101000001001001111100100010010001001001111010111001110010,133263566,0,0.066667,1.000000
133265137,83,11101010000111100101010101011010000010010011011001000100100010010010111111100011010,133263566,0,0.066667,1.000000
133265138,85,1101000000011100001011100111101010001001001111000100010010001001001011110110101101010,133257452,0,0.033333,0.500000
133265139,85,1001000001010100001111101101101000001001001111100100000010001001001111010110001100011,133263567,0,0.100000,1.000000
133265140,83,10100000001110000101110010110100000100100111110010001001000100100101110111010110101,133263567,0,0.100000,1.000000
133265141,83,10100000001110010101110010110100000100100111110010001001000100100101110011010110101,133263567,0,0.100000,1.000000
133265142,83,00000001111011111101010010000010010011111001000100100010010011101111100011110011010,133263567,0,0.100000,1.000000
133265143,82,0111000001111011110110000000010000100100111100010001001000100100111111111010101000,133263567,0,0.100000,1.000000
133265144,83,10100000001110010101110010110100000100100111110010001001000100100101110011010110101,133263567,0,0.100000,1.000000
133265145,83,11100000001110011101010010110100000100100111110010001001000100100111111011001110101,133263567,0,0.100000,1.000000
133265146,80,00000100111110111110000101000001001001111100100010010001001000011101100011010010,133257452,0,0.033333,0.500000
133265147,77,00100011011101110011000101101001001111100100010010011001001111110110001111111,133263567,0,0.100000,1.000000
133265148,82,0000000000111001000111000011010100010010011111001000100100110011011111010100110101,133257452,0,0.033333,0.500000
133265149,81,110100000011101011111000010010010000100111110110001001000100100100011011000111110,133257452,0,0.033333,0.500000
133265150,78,001100001100111110011100111010100101111110010001001000100100111010011000111111,133263567,0,0.100000,1.000000
133265151,86,01100110010001111001011001010010000010010011111001100100100110010011100101100011111110,133257452,0,0.033333,0.500000
133265152,83,11100000001110011101010010110100000100100111110010001001000100100111111011001110101,133263567,0,0.100000,1.000000
133265153,80,00000100111110111110000101000001001001111100100010010001001000011101100011010010,133257452,0,0.033333,0.500000
133265154,83,10100000001110000101110010110100000100100111110010001001000100100101110111010110101,133257452,0,0.033333,0.500000
133265155,83,01000010010111110111110010100100100100100111110110001001001100100011011011000111101,133263567,0,0.100000,1.000000
133265156,83,10000010001110000101110000110101000100100111110010001001001100110111110101001101011,133263567,0,0.100000,1.000000
133265157,85,1011001000100111110011100010100100000100100111110010001001001100100111011011000111111,133263567,0,0.100000,1.000000
133265158,80,10100000001110010101110010110100000100100111110010001001000001001011100110101101,133263568,0,0.066667,1.000000
133265159,79,0000000011011011110000000100000100100111110010001001000100100101110110001101001,133263568,0,0.066667,1.000000
133265160,81,100000101010000111110110010100000100100111110010001001000100100111101011100110001,133263568,0,0.066667,1.000000
133265161,83,10100000001110010101110010110100000100100111110010001001000100100101110011010110101,133263568,0,0.066667,1.000000
133265162,84,011000000011110111111100001101001001001001111100100010010001001001011110100001100011,133263568,0,0.066667,1.000000
133265163,79,0000000011111011010010100000000100100111110010001001000100100111011011000110110,133263568,0,0.066667,1.000000
133265164,83,01001000100101010111110010100100000100100110110010001001001100100111011011000111111,133263568,0,0.066667,1.000000
133265165,84,011000000011110111111100001101001001001001111100100010010001001001011110100001100011,133263568,0,0.066667,1.000000
133265166,83,11100000001110011101010010110100000100100111110010001001000100100111111011001110111,133263568,0,0.066667,1.000000
133265167,79,0000000001110111110100010010100100100111100010001001000100100111011011000111011,133263568,0,0.066667,1.000000
133265168,82,1000000001110111101010010110100010100100111110010001001000100100111111001000110101,133263568,0,0.066667,1.000000
133265169,86,11110010001001111101111100101001000001001001111100100010010011001001110110110001111110,133263568,0,0.066667,1.000000
133265170,79,0000000011111011010010100000000100100111110010001001000100100111011011000110110,133263568,0,0.066667,1.000000
133265171,88,0101110000011011011111110000110100100100110111110010001001000100100101101010000110001110,133263568,0,0.066667,1.000000
133265172,76,0000000011101111110101011000010010011111101000100100110010011101101100011101,133263568,0,0.066667,1.000000
133265173,86,11100000011011111111110000110100000110100111110010001001000100100101111010010110001111,133263568,0,0.066667,1.000000
133265174,84,111010011111011110110010000110100100100111110010001001000100100101111011010110110000,133263568,0,0.066667,1.000000
133265175,82,1000001010100001111101101101000001001001111100100010010001001001111010111001110010,133263568,0,0.066667,1.000000
133265176,82,1100000101011000001110110110100000100100111110010001001000100100111101011100100001,133263569,0,0.100000,1.000000
133265177,83,11100000001110011101010010110100000100100111110010001001000100100111101011001110101,133262180,0,0.070000,0.700000
133265178,83,11100000001110011101010010110100000100100111110010001001000100100111101011001110101,133263569,0,0.100000,1.000000
133265179,82,1010000010111100111110010100101100100100111110010001001000100100111011011000111001,133263569,0,0.100000,1.000000
133265180,86,01100110010001111001011001010010000010010011111001100100100111010011100101100011111110,133263569,0,0.100000,1.000000
133265181,83,10100001001110000101110010110100000100100111110010001001000100100101110101010110101,133263569,0,0.100000,1.000000
133265182,85,1110100000001110010101100010110111000100100111110010001001000100100100111011001110101,133263569,0,0.080000,0.800000
133265183,83,10000001001101000111101100001000001001001101100100010010001001001111110010001111011,133263569,0,0.100000,1.000000
133265184,82,1101000100011100101011100101101001001001001111100100010010001001001011110110001010,133263569,0,0.100000,1.000000
133265185,86,01100110010001111001011001010010000010010011111001100100100111010011100101100011111110,133263569,0,0.100000,1.000000
133265186,83,11100000001110011101010010110100000100100111110010001001000100100111111011001110111,133263569,0,0.100000,1.000000
133265187,86,01110100010001110010101110010110100000100100111110010001001000100100101111001000110101,133263569,0,0.100000,1.000000
133265188,79,0000000011011011110000000100000100100111110010001001000100100101110110001101001,133263569,0,0.100000,1.000000
133265189,83,11100000001110011101010010110100000100100111110010001001000100100111111011001110111,133263570,0,0.200000,1.000000
133265190,80,00000000011100101010100000101010010010011111001000100000110011011111010100110100,133263570,0,0.200000,1.000000
133265191,81,100000101010000111110110010100000100100111110010001001000100100111101011100110001,133263570,0,0.200000,1.000000
133265192,84,111001000100111110111110010100100000100100111110010001001001100100111011011000111111,133263570,0,0.200000,1.000000
133265193,84,101110000011100101010100101111000001001001111100100010010001001001110101110011010011,133263570,0,0.200000,1.000000
133265194,83,11101000100111100001011100101101001101001001111100100010010001001001011110110001010,133263570,0,0.200000,1.000000
133265195,83,11100000001110011101010010110100000100100111110010001001000100100111111011001110111,133263570,0,0.200000,1.000000
133265196,80,01111001110011101000010001110000100100111110011001001000100100101111011000101111,133263570,0,0.200000,1.000000
133265197,80,01111001110011101000010001110000100100111110011001001000100100101111011000101111,133263570,0,0.200000,1.000000
133265198,81,100000101010000111110110010100000100100111110010001001000100100111101011100110001,133263570,0,0.200000,1.000000
133265199,80,01111001110011101000010001110000100100111110011001001000100100101111011000101111,133263570,0,0.200000,1.000000
133265200,83,10000000001110000101110000110001000100100111110010001001001100110111110101001101011,133263570,0,0.200000,1.000000
133265201,82,0100000000111010111110000010100000000100111110010001001000100000111110110000101001,133263571,0,0.200000,1.000000
133265202,85,1010011000011101110111101010010000010010011111001000000100010010011101111101011110000,133263571,0,0.160000,0.800000
133265203,84,110000001101101111111000011010000010010111110010001001000100100101111010000110001111,133263571,0,0.200000,1.000000
133265204,82,1100001010100001111101100101000001001001111100100010010001001101111010011001100011,133260446,0,0.033333,0.500000
133265205,84,110101010001110010101010010110100100100100111110010001001000100100011101000000110101,133263571,0,0.200000,1.000000
133265206,81,000001001111101111100001010000010010011111001000100100010010000111011000110100101,133260446,0,0.033333,0.500000
133265207,84,011001010100111110011110010100100000100100111110010001001001100101101011011000111111,133263571,0,0.200000,1.000000
133265208,80,01111001110011101000010001110000100100111110011001001000100100101111011000101111,133263571,0,0.200000,1.000000
133265209,84,111001000100111110011110010100000000100100111110010001001001100100101011011000111111,133263571,0,0.200000,1.000000
133265210,83,00100000101010000101100010010100000000100111100100010010001001101111010111001100010,133263571,0,0.200000,1.000000
133265211,80,00000100111110111110000101000001001001111100100010010001001000011101100011010010,133263571,0,0.200000,1.000000
133265212,81,110100000011101011111000010010010000100111110110001001000100100100011011000111110,133260444,0,0.100000,0.500000
133265213,88,0101110000011011011111110000110100100100110111110010001001000100100101101010000110001110,133263571,0,0.200000,1.000000
133265214,82,0100000000111010110110000010100000000100111110010001001000100000111110110000101001,133263571,0,0.200000,1.000000
133265215,83,10000000000111110011111010000110000100100111110110001001001100100111011110001111001,133263571,0,0.200000,1.000000
133265216,82,1000000010111110111010011100000100100100111110010000001000100100111011010000101101,133263571,0,0.200000,1.000000
133265217,76,0010001001110111001100010010100100111110010001001001100100111111011000101111,133263571,0,0.200000,1.000000
133265218,84,111001000100111110011110010100000000100100111110010001001001100100101011011000111111,133263571,0,0.200000,1.000000
133265219,86,10010000010101000010111011011110000010010011111001000100100010010011110101100011000111,133263572,0,0.200000,1.000000
133265220,84,111001000100111110011110010100000000100100111110011001001001100100101011011000111111,133263572,0,0.200000,1.000000
133265221,83,11100000111001111011001000001000010010011111001000100100010010010111101111011010000,133263572,0,0.200000,1.000000
133265222,81,000000101110010101110010110100000100100111110010001001000100100111111011000110000,133263572,0,0.200000,1.000000
133265223,87,010101000100011100101011100101101000001001001111100100010010001001001011110110001101010,133263572,0,0.200000,1.000000
133265224,86,10010000010101000010111011011110000010010011111001000100100010010011110101100011000111,133263572,0,0.200000,1.000000
133265225,84,011001000100111110011110010100100000100100111110010001001001100100111011011000111111,133263572,0,0.200000,1.000000
133265226,81,000010101110010101110010110100000100100110110010001001000100100111111011000110000,133268596,0,0.160000,0.800000
133265227,82,1101000100011100101011100101001001001001001111100100010010001001001011110110001010,133263572,0,0.200000,1.000000
133265228,86,11100000011011011110110000110100000100100111110010001001000100100101111010000110001111,133263572,0,0.200000,1.000000
133265229,84,011001000100111110011110010100100000100100111110010001001001100100111011011000111111,133263572,0,0.200000,1.000000
133265230,84,111001000100111110011110010100000000100100111110011001001001100100101011011000111111,133263572,0,0.200000,1.000000
133265231,80,00000100111110111110000101000001001001111100100010010001001000011101100011010010,133263572,0,0.200000,1.000000
133265232,81,110100000011101011111000010010010000100111110110001001000100100100011011000111110,133251037,0,0.040000,0.600000
133265233,85,0000000000010100101011111111100110001001001111100100010010001001001111010110001011011,133263573,0,0.066667,1.000000
133265234,86,01001000001010110001011101101101000001001011111100100010010001001000111010111001100011,133263573,0,0.066667,1.000000
133265235,86,01000000100011111001111101000011000010010011111001000100100110010011101010100011110011,133263573,0,0.066667,1.000000
133265236,84,100001101000111100111101101001010001001001101100100010010001001001111111010001111010,133251037,0,0.053333,0.800000
133265237,81,100000001011111011110110100100000100100111110010001001000100100111111101110110101,133251037,0,0.066667,1.000000
133265238,84,011010000000111001010111001011010010010010011111001000100100010010010111101100010100,133251037,0,0.066667,1.000000
133265239,84,011010000000111001010111001011010010010010011111001000100100010010010111101100010100,133263573,0,0.066667,1.000000
133265240,84,100001101001111100111101101001010001001001101100100010010001001001111111010001111010,133251037,0,0.053333,0.800000
133265241,85,1000011000011101110111101010010000010010011111001000000100010010011101111101011110000,133251037,0,0.053333,0.800000
133265242,76,0000010101010111110000001000100101100111110010001001001100100110000110001011,133251037,0,0.046667,0.700000
133265243,83,10000000000111110011111010000110000100100111110010001001001100100111011110001111001,133263573,0,0.066667,1.000000
133265244,82,0100100001010010101110011110100000100100111110010001001000100100101111110000111101,133263573,0,0.066667,1.000000
133265245,82,0000000000111001100111000011010100010010011111001000100100110011011111010100110101,133263573,0,0.066667,1.000000
133265246,82,1000000001110111101010010110100010100100111110010001001000100100111111001000110101,133251037,0,0.053333,0.800000
133265247,86,10010000010101000010111011011010000010010011111001000100100010010011110101100011000101,133263574,0,0.100000,1.000000
133265248,83,11100000001110011101010010110100000100100111110010001001000100100111111011001110101,133249264,0,0.100000,0.800000
133265249,80,01111001110011111100010001110000100100111110011001001000100100101111011000101111,133249264,0,0.100000,0.700000
133265250,86,10010000010101000010111011011010000010010011111001000100100010010011110101100011000101,133263574,0,0.100000,1.000000
133265251,82,1110000011100111111100100000100001001001111100100010010001001001011110110101101000,133263574,0,0.100000,1.000000
133265252,85,1111000000011100111010100101101000001001001111100100010010001001001111110110011101111,133263574,0,0.100000,1.000000
133265253,82,1010000010111100111110010100101100100100111110010001001000100100111011011000111001,133257468,0,0.053333,1.000000
133265254,86,01110100010001110010101110010110100000100100111110010001001000100100101111001000110101,133263574,0,0.100000,1.000000
133265255,75,000100011100111110101000001001001001111100100010010010001001111110110001101,133263574,0,0.100000,1.000000
133265256,80,00001001000011011111001010010010010010011111001000100100010010011001011100011100,133265304,0,0.053333,0.800000
133265257,82,0111000001111011110110000000010000100100111100010001001000100100111111111010101000,133263574,0,0.100000,1.000000
133265258,79,1000100011010101110010100101110100100111110010001001001100100110010110001111110,133263574,0,0.100000,1.000000
133265259,77,00100011011101110011000101101001001111100100010010011001001111110110001111110,133260453,0,0.060000,0.600000
133265260,82,1000001010100001011101101001000000001001110100100010010001001001011000101001000010,133249264,0,0.100000,0.600000
133265261,83,11100000001110011101010010110100000110100111110000001001000100100111111011001110101,133263574,0,0.100000,1.000000
133265262,86,10010000010101000010111011011010000010010011111001000100100010010011110101100011000101,133263574,0,0.100000,1.000000
133265263,76,0011001111101111111101001100010010011111001000100110010010011100101000110110,133260453,0,0.050000,0.500000
133265264,83,01000010010111110111110010100100100100100111110110001001001100100111011011000111101,133263575,0,0.040000,1.000000
133265265,83,00100000001111101111110101001000101001001111101110010010011001001110111110001111001,133223823,0,0.033333,0.500000
133265266,76,0000001111101111010001011000010010011111001000100100110010011101101100011101,133223823,0,0.040000,0.600000
133265267,84,110010001001111101111100101001000001001001111100100010010011001001110110110001111111,133223823,0,0.040000,0.600000
133265268,83,11101000000011100101011100101101110001001001111100100000010001001101001110110011010,133263575,0,0.040000,1.000000
133265269,83,10000000001110000101110000110101000100100111110010001001001100110111110101001101011,133245512,0,0.023333,0.700000
133265270,83,11010000001111101111100001001001001001001111100100010010001001001100110110001110110,133263575,0,0.040000,1.000000
133265271,83,01000010010111110111110010100100100100100111110110001001001100100111011011000111101,133263575,0,0.040000,1.000000
133265272,87,010101000100011100101011100101101000001001001111100100010010001001001011110110001101010,133263575,0,0.040000,1.000000
133265273,83,11101010100011100101010101011010000010010011111001000100100010010010101111100011010,133245512,0,0.026667,0.800000
133265274,84,011001000100101110111110010100100000100100111110010001001001100100111011011000111111,133263575,0,0.040000,1.000000
133265275,83,10000000001110000101110000110101000100100111110010001001001100110111110101001101011,133263575,0,0.040000,1.000000
133265276,84,110010001001111101111100101001000001001001111100100010010011001001110111110001111111,133263576,0,0.050000,1.000000
133265277,83,11100000001110011101010010110100000100100111110010001001000100100111111011001110101,133263576,0,0.050000,1.000000
133265278,82,0110010001001111100111100101001000001001001111100100010010011001011101101100011111,133263576,0,0.050000,1.000000
133265279,82,0100000000111010111110000010100000100100111110010001001000100000111110110000001001,133263576,0,0.050000,1.000000
133265280,76,0010001001110111001100010010100100111110010001001001100100111111011000101111,133263576,0,0.050000,1.000000
133265281,82,1000000010101110111100010101100100100100111111010001001000100100111011011000111101,133263576,0,0.050000,1.000000
133265282,83,11001000100111110111110010100100000100100110110010001001001100100111011011000101111,133263576,0,0.050000,1.000000
133265283,84,110101010001110010101010010110100100100100111110010001001000100100011101000000110101,133263576,0,0.050000,1.000000
133265284,84,111001000100111110011110010100100000100100111110010001001001100100011011111100111111,133263576,0,0.050000,1.000000
133265285,84,110000001101101111111000011010000010010111110010001001000100100101111010000110001111,133263576,0,0.050000,1.000000
133265286,83,11100000001110011101010010110100000100100111110010001001000100100111101011001110101,133263576,0,0.050000,1.000000
133265287,78,000000011111011010010100000000100100111110010001001000100100111011011000110110,133263576,0,0.050000,1.000000
133265314,84,111010001000111010101110010110100000110100111110010001001000100100101011010000110101,133222210,0,0.100000,1.000000
133265315,84,111010001000111010101110010110100000110100111110010001001000100100101011010000110101,133222210,0,0.100000,1.000000
133265316,82,0110000000111101111111000011010010010010011111001000101000100100100111010000110001,133222210,0,0.100000,1.000000
133265317,83,11010000001111101111100001001001001001001111100100010010001001001100110110001110110,133222210,0,0.100000,1.000000
133265318,85,0111001000100111110111110010100100000100100111110010001001001100100111011011000111111,133222210,0,0.100000,1.000000
133265319,84,100010000011001110011101010000000010010011111001000100100010010011101110010011110010,133222210,0,0.100000,1.000000
133265320,84,111000011111011110010010000110100100100111110010001001000100100101111011010110110000,133266890,0,0.030000,0.600000
133265321,83,00101100001111010101010010111100100100100111110010001001000000100101110100001101010,133222210,0,0.100000,1.000000
133265322,80,10000101010000011101101001000000001001110100100110010001101001111000101001100010,133266890,0,0.020000,0.400000
133265323,82,1001001000100001011111101101100001001001111100100010010001011001101010111001100011,133222210,0,0.100000,1.000000
133265324,85,1100010001001111100110101101001000001001001101100100010010011011001110100110001111111,133266890,0,0.030000,0.600000
133265329,82,1000000010101110111100010101100100100100111110010011001000101100111010011000011101,133263575,0,0.024000,0.600000
133265330,82,0100011000011100101010100011010000010010011111001000100100010010010111111001010101,133223823,0,0.066667,1.000000
133265331,82,1000000110111110111110010100101100100101111110010001001000100100111011011000111001,133223823,0,0.066667,1.000000
133265332,85,1101000000011100001011100101101010001001001111000100010010001001001011110110001101010,133223823,0,0.066667,1.000000
133265333,84,110010001001111101111100101001000001001001111100100010010011001001110110110001111111,133223829,0,0.050000,1.000000
133265334,76,0000010101010111110000001000100001100111110010001001001100100110000110001011,133223829,0,0.050000,1.000000
133265335,83,00100000101010001111110110010100001100100111110010001001000010100111101011100110001,133223829,0,0.050000,1.000000
133265336,85,0001100000001110011001110010110100010100100111110110001001100100110111111001001110101,133225394,0,0.100000,1.000000
133265337,79,0000000011111011010010100000000100100111110010001001000100100111011011000110110,133225394,0,0.100000,1.000000
133265338,76,0000010101010111110000001000100101100111110010001001001100100110000110001011,133225394,0,0.100000,1.000000
133265339,82,1000000001110111101010010110100010100100111110010001001000100100111111001000110101,133225394,0,0.100000,1.000000
133265340,82,1101001100011100101011100101101001001011001111100100010010001001001011110110001010,133270352,0,0.100000,0.500000
133265341,85,1101000000011100001011100101101010001001001111000100010010001001001011110010001101010,133270352,0,0.100000,0.500000
133265342,84,001001010100111110011110010100100000100100111110010001001001100101101011011000111111,133251032,0,0.120000,0.600000
133265343,82,1000000001110111101010010110100010100100111110010001001000100100111111001000110101,133225394,0,0.100000,1.000000
133265344,84,110000000111001110101001011010000010010011111001000100000010010011111100100101000111,133225394,0,0.100000,1.000000
133265345,82,1000000001110111101010010110100010100100111110010001001000100100111111001000110101,133225394,0,0.100000,1.000000
133265346,83,11001000100111110111110010100100000100100110110010001001001100100111011011000111111,133225394,0,0.100000,1.000000
133265347,84,100000101010000101110110110100000100100111110010001001000100100111101011010110001010,133225394,0,0.100000,1.000000
133265348,82,1000000010111110111110010100101100100100111110010001011000100100111011011000111001,133251032,0,0.100000,0.500000
133265349,82,1000000010111110111110010100101100100100111110010001011000100100111011011000111001,133225394,0,0.100000,1.000000
133265350,83,11100000001110011101010010110100000100100111110010001001000100100111111011001110101,133225398,0,0.100000,1.000000
133265351,82,1000000010111110111110011100000100100100111110010001001001100100111011011000101101,133225398,0,0.100000,1.000000
133265352,84,000000000011111001111101010011000010010011111001000100100110010011101111100011110011,133262183,0,0.120000,0.600000
133265355,82,1000000010111110111110010100101100100100111110010001001000100100111011011000111001,133243640,0,0.032000,0.800000
133265357,83,00100000101010001111110110010100001100100111110010001001000010100111101011100110001,133243640,0,0.024000,0.600000
133265359,79,0000000011111011010010100000000100100111110010001001000100100111011011000111110,133225402,0,0.066667,1.000000
133265360,81,100000101010000111110110110100000100100111110010001001000100100111101011100111001,133225402,0,0.066667,1.000000
133265361,79,0000000011111011010010100000000100100111110010001001000100100111011011000110110,133225402,0,0.066667,1.000000
133265362,84,111000000101111001111100101011001001001001111100100010010101011001100010110100011010,133225402,0,0.066667,1.000000
133265363,89,01011100000110110111111100001101001001001101111100100010010001001001011010100001100011100,133232166,0,0.066667,0.700000
133265364,76,0000001001010111110000100000100100100111110010001001001100100110000110001011,133225402,0,0.066667,1.000000
133265365,83,11100000001110011101010010110100000100100111110010001001000100100111111011001110101,133225402,0,0.066667,1.000000
133265374,84,110101010001110110101110010110100000100100111110010001001001100100101111000000100101,133225409,0,0.050000,1.000000
133265375,82,1010000001111101111100001000001001001001111100100010010001001001100110110001111110,133225409,0,0.050000,1.000000
133265376,81,100000101010000111110110010100000100100111110010101001000100000111101011100110001,133225410,0,0.200000,1.000000
133265377,82,0100000000111010111110000010100000100100111110010001001000100000111110110000101001,133225410,0,0.200000,1.000000
133265378,84,111001000100111110111110010100100000100100111110010001001001100100111011011000111111,133225410,0,0.200000,1.000000
133265379,86,01110100010001110010101110010110100000100100111110010001001100100100101111011000110101,133225410,0,0.200000,1.000000
133265380,81,110100000011101011111000010010010000100111110110001001000100100100011011000111110,133240466,0,0.200000,0.600000
133265381,80,00000100011111011111000010100000100100111110010001001000100100101110110011101001,133225411,0,0.100000,1.000000
133265382,81,100000101011000000110110110100000100100111110010001001000100100111101011100100001,133243659,0,0.198413,1.000000
133265383,79,0000001011111011010010100000000100100111110010001001000100100111011011000111110,133225411,0,0.100000,1.000000
133265384,85,0000000010010100101011111111100110101001001111100100011010001001001111010110001011011,133225411,0,0.100000,1.000000
133265386,85,1011001000100111110011100010100100000100100111110010001001001100100111011011000111111,133243643,0,0.070000,0.700000
133265391,82,1101000100011100101011100101101001001011001111100100010010001101001011110110001000,133243643,0,0.050000,0.500000
133265393,82,0010110000111001010101001011010010010010011111001000100100000010010111010000110101,133243643,0,0.070000,0.700000
133265395,83,11100000001110011101010010110100000100100111100010001001000100100111111011001110101,133243643,0,0.060000,0.600000
133265397,83,10000000001110000101110000110101000100100111110010001001001100110111110101001101011,133243643,0,0.060000,0.600000
133265402,83,00100000001111101111110101001000101001001111100110010010011001001110111110001111001,133257451,0,0.024000,0.600000
133265403,83,11001001100111110011110010100100010100100111010010001001001100100111011011100111111,133257451,0,0.028000,0.700000
133265405,80,00000000011111011111000010100000100100111110010001001000100100101110110011101001,133247258,0,0.100000,0.800000
133265406,79,1000001010110000011101100101000001010011111001000100100010010011110101110010000,133247258,0,0.100000,0.600000
133265409,83,10000000000111101111101100001000001011001011100110010010001001001111111011101111010,133254149,0,0.026667,0.400000
133265412,77,11000000011101111010001011000010010011111001000100100110010011101101100011101,133247273,0,0.046667,0.700000
133265413,74,00000011101111010101011000010010011101001000110100110010011101001100011101,133228722,0,0.028000,0.700000
133265414,75,000001111011111110101011000001001001111100100010010011001001011111110001101,133228722,0,0.040000,1.000000
133265415,83,11001000100111110111110010100100000100100110110010001001001100100111011011000111111,133228722,0,0.040000,1.000000
133265416,84,111100100001110010101110010110111000100100111110010001001000100100101111011000110101,133228722,0,0.040000,1.000000
133265417,83,10100000001110000101110010110100000100100111110010001001000100100101110111010110111,133228722,0,0.040000,1.000000
133265418,84,110101010001110110101110010110100000100100111110010001001001100100101111000000100101,133228722,0,0.040000,1.000000
133265419,83,00000001001010010101111111110011010100100111110010001101000100100111100110001011011,133228722,0,0.040000,1.000000
133265420,83,10100000001110010101110010110100000100100111110010001001000100100101110011010110101,133228722,0,0.040000,1.000000
133265421,80,11100000111001111110010000010000100100111110010001001000101100101110011010110100,133228722,0,0.040000,1.000000
133265422,77,00000000111110111110001010000010010011111101000100110010010010111011000110100,133228722,0,0.040000,1.000000
133265423,85,1000001010100001011101101101000001011001111100100010010001001001111010110101100010101,133228722,0,0.040000,1.000000
133265424,84,110101010001110110101110010110100000100100111110010001001001100100101111000000100101,133228722,0,0.040000,1.000000
133265425,82,1110000011100111101100100010100001001001111100100010110001001001011110111101101000,133228722,0,0.040000,1.000000
133265426,77,00100011011101110011000101101001001111100100010010011001001111110110001111110,133228722,0,0.040000,1.000000
133265427,82,0100100001010010101100011110100001100100111110010001001000100100101111110000111101,133228722,0,0.040000,1.000000
133265428,80,00000000011111011111000010100000100100111110010001001000100100101110110011101001,133228722,0,0.040000,1.000000
133265429,75,000100011100101101101000001001001001111100100010010000001001111110110001101,133228722,0,0.040000,1.000000
133265430,85,0010000010011100111011100100101000001001001111100100010010001001001111110010011111011,133228726,0,0.200000,1.000000
133265431,84,000000000011111001111101010011100010000011111001000100100110010011101111100011110011,133228726,0,0.200000,1.000000
133265432,85,0100000001011111011111011010010000010010011111001000100100010010011111110111011010111,133228726,0,0.200000,1.000000
133265433,76,0000000011101111010001011000010010011111001000100100111010011101101100011101,133228727,0,0.050000,1.000000
133265434,81,100010100111101111110001000111000010010011111001000100100010010010111101100011111,133228731,0,0.066667,1.000000
133265435,80,00000000011111011111000010100000100100111110010001001000100100101110110011101001,133270339,0,0.200000,0.800000
133265436,84,011001000100111110111110010100100000100100111110010001001001100100111011011000111111,133228734,0,0.200000,1.000000
133265437,78,000000011111011010010100000000100100111110010001001000100100111011011000110110,133228734,0,0.200000,1.000000
133265438,86,10010000010101000011111011011010000010010011111001000100100010010011110101110011000110,133228734,0,0.200000,1.000000
133265439,79,0000000110101011100101001011001001001111100100010010011001001111110110001111111,133228734,0,0.200000,1.000000
133265440,85,1110100000001110010101110010110011000100100111110010001001000100100100111011001110101,133228734,0,0.200000,1.000000
133265441,81,100000001011111011110110100100000100100111110010001001000100100111111101110110101,133228734,0,0.200000,1.000000
133265442,82,1000001010100001111101101101000001001001101100100010010001001001111010111001110010,133228734,0,0.160000,0.800000
133265443,82,0100000001010111011111011010010001000100111110010001001000100100011111101110110101,133270339,0,0.200000,0.600000
133265444,83,11001000100111110111110010100100000100100110110010001001001100100111011011000101111,133228734,0,0.200000,1.000000
133265445,80,00000000011111011111000010100000100100111110010001001000100100101110110011101001,133228734,0,0.200000,1.000000
133265446,81,100000001011111011110110100100000100100111110010001001000100100111111101110110101,133270339,0,0.200000,0.800000
133265447,84,011001000100111110011110010100100000100100111110010001001001100100111011011000111111,133228734,0,0.200000,1.000000
133265448,76,0000010101010111110000001000100101100111110010001001001100100110010110001011,133228734,0,0.200000,1.000000
133265449,81,000000011110111111010100100000100101111110010001001000100100111011111000111100111,133270339,0,0.160000,0.700000
133265450,81,100000101010000111110110010100000100100111110010001001000010100111101011100110001,133228734,0,0.200000,1.000000
133265451,84,000000000011111001111101010011000010010011111001000100100110010011101111100011110011,133270339,0,0.200000,0.700000
133265452,80,00000100011111011111000010100000100100111110010001001000100100101110110011101001,133228734,0,0.200000,1.000000
133265453,83,10000000000111110011111010000110000100100111110010001001001100100111011110001111001,133228736,0,0.200000,1.000000
133265454,84,110001101001111100111101101001010001001001101100100010010001001001111110010001111010,133228736,0,0.200000,1.000000
133265455,82,0100100001010010101110011110110000100100111110010001001000100100101111110000111101,133228737,0,0.040000,1.000000
133265456,86,01110100010001110010101110010110100000100100111110010001001000100100101111011000110101,133228737,0,0.040000,1.000000
133265457,81,101000000011100111000100011010000010010011111001000100100010010011110100100111010,133260439,0,0.050000,0.500000
133265458,76,0011001111101111111101001100010010011111001000100110010010011100101000110110,133260439,0,0.050000,0.500000
133265459,75,000001111011111110101010010001001001111100100010010011001001011111110001001,133228738,0,0.050000,1.000000
133265460,81,000000011110111111010100100000100100101110010001001000100100111011111000111100110,133228738,0,0.050000,1.000000
133265461,82,0110000001111011111110000110100100100100111110010001001000100100100111010000110001,133228738,0,0.050000,1.000000
133265462,83,11001000100111110111110010100000000100100100110010001001001100100111011011000101111,133228738,0,0.050000,1.000000
133265463,82,1000000010111110111110010100101100100100111110010001001000100100111011011000111001,133228738,0,0.050000,1.000000
133265464,83,11100000001110011101110010110100000100100110110010001001000100100111111001101110101,133228738,0,0.050000,1.000000
133265465,86,11100000011011011101110000110100000100100111110010001001000100100101111010010110001111,133228738,0,0.050000,1.000000
133265466,83,10100000001110000101110010110100000100100111110010001001000100100101110111010110101,133228738,0,0.050000,1.000000
133265467,83,11101010000111100101010101011010000010010011011001000100100010010010111111100011010,133230482,0,0.050000,1.000000
133265468,84,110001101001111100111101101001010001001001101100100010010001001001111110010001111010,133230482,0,0.050000,1.000000
133265473,76,0000000011100111010001011000010010011111001000100100110010011101101100011101,133265289,0,0.035000,0.700000
133265474,82,1000000010111110111110010100101100100100111110010001001000100100111011011000111001,133230485,0,0.100000,1.000000
133265475,82,0100000000111010111110000010100000100100111110010001001000100000111110110000101001,133230485,0,0.100000,1.000000
133265476,82,1101000100101100101011100101101001001001001111100100010010001001001011110110001010,133230487,0,0.200000,1.000000
133265477,83,10100000001110010101110010110100000000100111110010001001000100101101110011011110101,133230487,0,0.200000,1.000000
133265478,76,0010001101110111001100010110100100111110010001001001100100111111011000111111,133230487,0,0.200000,1.000000
133265479,81,010000000111001010111001011010000100100111110010001001100100100101110011010110101,133230492,0,0.033333,1.000000
133265480,83,10000000101011101101100101011001001001001111100100010010001001001110110100001111110,133270337,0,0.033333,0.600000
133265481,84,111001000100111110011110010100000000100100111110010001001001100100101011011000111111,133230497,0,0.066667,1.000000
133265482,76,0000010101010111110000001000100001100111110010001001001100100110000110001011,133230497,0,0.066667,1.000000
133265483,85,0010000010011100111011100100101000001001001111100100010010001001001111110010011111011,133230497,0,0.066667,1.000000
133265484,77,00000000111110111110001010000010010011111001000100100010010010111011000111100,133230497,0,0.066667,1.000000
133265485,84,111101010000111110101010101011010000010010011111001000100100010010010111111100011010,133230497,0,0.066667,1.000000
133265486,81,100000101010000111110110010100000100100111010010001001000100100111101010100110001,133254149,0,0.033333,0.500000
133265487,84,111110000011100100010100101001000001001001111100100010010001001001110100111001101000,133254149,0,0.040000,0.600000
133265488,83,10000000101011101111100101011001001001001111100100010010001001001110110100001111110,133254149,0,0.040000,0.600000
133265489,82,1101001100011100101001100101101001001011001111100100010010001001001011110110001010,133254149,0,0.033333,0.500000
133265490,84,011001000100111110011110010100100000100100111110010001001001100100111011011000111111,133230500,0,0.066667,1.000000
133265491,84,110000000111001110101001011010000010010011111001000100000010010011111100100101000111,133230500,0,0.066667,1.000000
133265492,82,0000000000111001000111000011010100010010011111001000100100110011011111010100110101,133230500,0,0.066667,1.000000
133265493,82,1001001000100001011111101101000001001001111100100010010001011001101010111001100011,133254149,0,0.033333,0.500000
133265494,87,011100000011011011111110000110100000100100111110011001001000100100101110010000110001111,133230500,0,0.053333,0.800000
133265495,85,1001000001010110001011101101101000001001001111100100010010001001000111010111001100011,133254149,0,0.033333,0.500000
133265496,86,01100000011011011111110000110100100100100011010010001001000101100101111010000110001111,133254149,0,0.033333,0.500000
133265497,83,10100000001110010101110010110100000100100111110010001001000100100101110011010110101,133254149,0,0.040000,0.600000
133265498,86,01100110010001111001011001010010000010010011111001100100100110010011100101100011111110,133232157,0,0.066667,1.000000
133265499,77,00010001101010111001010000111010010011111001000100100110010011001011000111111,133232157,0,0.066667,1.000000
133265500,80,01111001110011101000010001110000100100111110011001001000100100101111011000101011,133232161,0,0.066667,1.000000
133265501,81,000000101110010001110010110100000100100111110010001001000100100111111011000110000,133232163,0,0.050000,1.000000
133265502,84,111110000011100101010100101001000001001001111100100010010001001001110100111001101000,133232165,0,0.100000,1.000000
133265503,81,110000000101001110111001010101000100100111110010001001000100100011111001001100101,133238702,0,0.050000,0.500000
133265504,81,110000000101001110111001010101000100100111110010000001000100100011111001001100101,133232167,0,0.070000,0.700000
133265505,81,110000000101001110111001010101000100100111110010001001000100100011111001001100101,133238702,0,0.050000,0.500000
133265506,81,000000101110010101110010110100000100100111110010001001000100100111111011000110000,133238702,0,0.060000,0.600000
133265507,77,11000000011101111010001011000010010011111001000100100110010011101101100011101,133238702,0,0.060000,0.600000
133265508,77,11000000011101111010001011000010010011111001000100100110010011101101100011101,133238702,0,0.060000,0.600000
133265509,77,11000000011101111010001011000010010011111001000100100110010011101101100011101,133232167,0,0.100000,1.000000
133265510,81,000000101110010101110010110100000100100111110010001001000100100111110011000110000,133232167,0,0.100000,1.000000
133265511,81,110000000101001110111001010101000100100111110010001001000100100011111001001100101,133232167,0,0.100000,1.000000
133265512,81,110000000101001110111001010101000100100111110010001001000100100011111001001100101,133232167,0,0.100000,1.000000
133265513,85,1011001000100111110011100010100100000100100111110010001001001100100111011011000111111,133232167,0,0.100000,1.000000
133265514,77,11000000011101111010001011000010010011111001000100100110010011101101100011101,133238702,0,0.060000,0.600000
133265515,85,1011001000100111110011100010100100000100100111110010001001001100100111011011000111111,133238702,0,0.060000,0.600000
133265516,77,11000000011101111010001011000010010011111001000100100110010011101101100011101,133232167,0,0.100000,1.000000
133265517,81,110000000101001110111001010101000100100111110010001001000100100011111001001100101,133238702,0,0.050000,0.500000
133265518,81,000000101110010101110010110100000100100111110010001001000100100111111011000110000,133232167,0,0.100000,1.000000
133265519,81,110000000101001110111001010101000100100111110010001001000100100011111001001100101,133232167,0,0.100000,1.000000
133265520,81,110000000101001110111001010101000100100111110010001001000100100011111001001100101,133232167,0,0.100000,1.000000
133265521,81,110000000101001110111001010101000100100111110010001001000100100011111001001100101,133238702,0,0.050000,0.500000
133265522,85,0000000000010100101011111111100110001001001111100100010010001001001111010110001011011,133232168,0,0.100000,1.000000
133265523,82,1000000001110111101010010110100010100100111110010001001000100100111111001000110101,133232168,0,0.100000,1.000000
133265524,75,000001111011111110101010010001001001111100100010010011001001011111110001001,133232168,0,0.100000,1.000000
133265525,79,1000000110101011100101001011001001001111100100010010011001001111110110001111111,133232169,0,0.066667,1.000000
133265526,83,11100000001110011101010010110100000100100111110010001001000100100111111011001110101,133232169,0,0.066667,1.000000
133265527,85,1001000001010100001011101101101000001001001111100100000010001001001111010110001100011,133233881,0,0.040000,0.600000
133265528,82,1000000011111101111100010010000100100111110010001001001100101111011011000110011011,133233881,0,0.066667,0.600000
133265529,83,11010000001111101111100001001001001001001111100100010010001001001100110110001110110,133233881,0,0.040000,0.600000
133265530,79,0000000011011011110000000100000100100111110010001001000100100101110110001101001,133232169,0,0.066667,1.000000
133265531,85,1001000001010100001011101101101000001001001111100100000010001001001111010110001100011,133232169,0,0.066667,1.000000
133265532,78,001100001100111110011100111010100101111110010001001000100100111010011000111111,133232169,0,0.066667,1.000000
133265533,75,000100011100101101101000001001001001111100100010010000001001111110110001101,133232171,0,0.040000,1.000000
133265534,83,11010000001111101111100001001001001001001111100100010010001001001100110110001110110,133232171,0,0.040000,1.000000
133265535,80,00000000011111011111000010100000100100111110010001001000100100101110110011101001,133232171,0,0.040000,1.000000
133265536,84,110101010001110110101110010110100000100100111110010001001001100100101111000000100101,133232171,0,0.040000,1.000000
133265537,84,111001000100111110111110010100100000100100111110010001001001100100111011011000111111,133232171,0,0.040000,1.000000
133265538,79,0000000110101011100101001011001001001111100100010010011001001111110110001111111,133245516,0,0.030000,0.600000
133265539,82,1000000011110111111010100100000100100111110010001001000100100110011111000111100110,133245516,0,0.025000,0.500000
133265540,75,000101011110111100101000001001001001111100110010010001001001111110100001101,133232171,0,0.040000,1.000000
133265541,85,1011001000100111110011100010100100000100100111110010001001001100100111011011000111111,133259013,0,0.046667,0.700000
133265542,86,10100000011011011111110000110100000100100111110010001001000100100101111010010110001111,133233877,0,0.100000,1.000000
133265543,83,10001001100111110011110010100100010100100111010010001001001100100111011011000111111,133233877,0,0.100000,1.000000
133265544,83,10100000001110010101110010110100000100100111110010001001000100100101110011000110101,133233877,0,0.100000,1.000000
133265545,84,111001010100111100010110010101100000100100111110010001001000100100111011111000111111,133233877,0,0.100000,1.000000
133265546,82,1000000110111110111110010100101100100100111110010001001000100100111011011000111001,133254151,0,0.080000,0.800000
133265547,80,00000000111110111110100101010001001001111100100010010001001001011101100011010011,133254151,0,0.080000,0.800000
133265548,84,111110000011100101010100101001000001001001111100100010010001000001110100111001101000,133233877,0,0.100000,1.000000
133265549,84,111110000011100101010100101001000001001001111100100010010001000001110100111001101000,133254151,0,0.070000,0.700000
133265550,83,11010000001111101111100001001001001001001111100100010010001001001100110110001110110,133233881,0,0.066667,1.000000
133265551,85,1101000000011110001011100101101010001001001111000100010010001001001011110110001101010,133233881,0,0.066667,1.000000
133265552,85,1101000000011110001011100101101010001001001111000100010010001001001011110110001101010,133232169,0,0.046667,0.700000
133265553,80,00100100111110111110000101000001001001111100100010010001001000011001100011010011,133232169,0,0.053333,0.800000
133265554,83,11100000001110011101010010110100000100100111110010001001000100100111111011001110101,133233881,0,0.053333,0.600000
133265555,83,11010000001111101111100001001001001001001111100100010010001001001100110110001110110,133233881,0,0.066667,1.000000
133265557,81,100000101010000111110110010100000100100111110010001101000100100111101011100110001,133233888,0,0.160000,0.800000
133265558,85,1100010001001111100110101101001000001001001101100100010010011011001110100110001111111,133225411,0,0.200000,0.600000
133265559,82,1101001100011100101011100101101001001011001111100100010010001001001011110110001010,133237113,0,0.070000,0.700000
133265560,84,101000000011100101011100101101000001001001111100100110010001001001011100110101101010,133245507,0,0.040000,0.500000
133265561,75,000100011011111100101000001001000001111100100010010001001001111110110001101,133235531,0,0.050000,1.000000
133265562,83,11100000010011110001110101100100000100100110110010001000000100100111111001000111101,133235531,0,0.050000,1.000000
133265563,89,01011100000110110111111100001101001001001101111100100010010001001001011010100001100011101,133235531,0,0.050000,1.000000
133265564,75,000100011100101101101000001001001001111100100010010000001001111110110001101,133235531,0,0.050000,1.000000
133265565,83,10100000001100010101110010110100000100100111110010001001001100100101110011010110101,133235531,0,0.050000,1.000000
133265566,74,00000000111011111101010110000100100111111010001001001100000111010110001110,133252608,0,0.033333,0.500000
133265567,83,10000000101011101111101101011001001001001111100100010010001001001110110100001111110,133252608,0,0.040000,0.600000
133265568,86,01100110010001111001011001010010000010010011111001100100100110010011100101100011111110,133235533,0,0.066667,1.000000
133265569,83,10100000001110011101010000110110000100100111111010001001000100110111101001001110101,133235533,0,0.066667,1.000000
133265570,83,10100000001110010101110010110100000100100111110010001001000100100101110011010110101,133235533,0,0.066667,1.000000
133265571,84,111010011111011110110010000110100100100111110010001001000000100111111011010110110000,133235534,0,0.200000,1.000000
133265572,86,11100000011011011110110000110100000100100111110010001001000100100101111010000110001111,133235534,0,0.200000,1.000000
133265573,83,11011001100111110111110010100100000100000111110010001001001100100111011011000111011,133235537,0,0.100000,1.000000
133265574,83,11001001100111110011110010100100010100100111010010001001001100100111011011100111111,133235537,0,0.100000,1.000000
133265575,82,0100010100111101111110001000111000010010011111001000100100010010010111101100010111,133235537,0,0.100000,1.000000
133265576,83,11001000100111110111110010100100000100100110110010001001001100100111011011000101111,133265295,0,0.046667,0.700000
133265577,82,1010000010111100111110010100101100100100111110010001001000100100111011011000111001,133235539,0,0.033333,1.000000
133265578,84,110101010001110010101010010110100000100100111110010001011000100100011101001101110101,133235539,0,0.033333,1.000000
133265579,85,0010000010011100111011100100101000001001001110100100010010001001001111110010011101011,133245493,0,0.140000,0.700000
133265580,82,0110100001111011111110000110100100100100111110010001001000100100100111010000110001,133245493,0,0.160000,0.800000
133265581,84,111000001101111001111100111001001001001001111100100010010001001001100110110010011010,133235541,0,0.100000,1.000000
133265582,81,000000101110010001110010110100000100100111110010001001000100100111111011000110000,133235542,0,0.066667,1.000000
133265583,80,10000000111101111110100001000001001001111100100010000001001011101111100011110011,133235542,0,0.066667,1.000000
133265584,75,000100011100111110101000001001001001111100100010010000001001111110110001101,133235544,0,0.050000,1.000000
133265585,84,100000101010000101110110110100000100100111110010001001000100100111101011010110001010,133235544,0,0.050000,1.000000
133265586,80,01000010101000011111011001010100010010011111001000100100001011011110101110011000,133235544,0,0.050000,1.000000
133265587,85,0000000000010100101011111111100110001001001111100100010010001001001111010110001011011,133235544,0,0.050000,1.000000
133265588,83,01000010011110111011100100001100000001001111100100010000011001001010100110101100011,133259004,0,0.060000,0.600000
133265589,82,1000000001110111101010010110100010100100111110010001001000100100111111001000110101,133259004,0,0.080000,0.800000
133265590,84,111100000001110001101010010110100000100100111110010001001000100100111101011001110101,133235544,0,0.050000,1.000000
133265591,84,110101010001110010101010010110100100100100111110010001001000100100011101000000110101,133235545,0,0.040000,1.000000
133265592,85,1011001000100111110011100010100100000100100111110010001001001100100111011011000111111,133235545,0,0.040000,1.000000
133265593,74,01000110111011100110001011010010011111001000100101100100111111011000111111,133235545,0,0.040000,1.000000
133265594,84,010000000101111101111101101001000001001001111101100010010011001001111111011101101011,133235545,0,0.040000,1.000000
133265595,76,0000000011101111010001011000010010011111001000000100110010011101101100010101,133257459,0,0.040000,0.600000
133265596,80,00000000011111011111000010100000100100111110010001001000100100101110110011101001,133235546,0,0.200000,1.000000
133265597,83,11001000100111110111110010100100000100100110110010001001001100100111011011000101111,133235546,0,0.200000,1.000000
133265598,83,11000000010111110111110010100101100100100111110010001001000100100111011011000111001,133235547,0,0.100000,1.000000
133265599,81,100000101010000111110110010100000100100111110010001001000100100111101011100110001,133270340,0,0.100000,0.500000
133265600,83,10100000001100010101110010110100000100100111110010001001000100100101110011010110101,133270340,0,0.100000,0.600000
133265603,85,1111010001000111010101110010110100000100100111110010001001000100100101111011000110101,133245511,0,0.025000,0.500000
133265607,74,00000011101101010101011000010010011101001000100100110010011101101100011101,133237119,0,0.040000,1.000000
133265608,80,01111001110011111000010001110000100100111110011001001000101100101111011000101111,133237119,0,0.040000,1.000000
133265611,80,00000000111110111110100101010001001001111100100010010001001001011101100011010011,133255828,0,0.040000,0.600000
133265612,86,11100000011011011110110000110100000100100111110010001001000100100101111010000110001111,133237123,0,0.066667,1.000000
133265613,82,1000000011110111101010010110100010100100111110010001001000100100111111001000110101,133238687,0,0.200000,1.000000
133265614,83,11001010100111110111110010100100100100100111110010001001001100100111011011000111011,133238687,0,0.200000,1.000000
133265615,85,0010000010011100111011100100101100001001001111100100010010001001001111110010011101011,133238687,0,0.200000,1.000000
133265616,83,11111010000111100101010101011010000010010011011001000100100010010010111111100011010,133238687,0,0.200000,1.000000
133265617,84,111001000100111110011110010100100000010100111110010001001001100100111011010001111111,133238687,0,0.200000,1.000000
133265618,77,01001001111011111100001011100001001001111100100010010001001001011110110001010,133238687,0,0.200000,1.000000
133265619,75,000000111111111100001011010101000001111100100010010001001001010101100011001,133238687,0,0.200000,1.000000
133265620,78,010000101010000111110110010100001001001111100100010010000101101111010111001100,133238687,0,0.200000,1.000000
133265621,86,10010000010101000010111011011010000010010011111001000100100010010011110101100011000101,133238687,0,0.200000,1.000000
133265622,83,11100000001110011101010010110100000100100111110010001001000100100111111011001110101,133238687,0,0.200000,1.000000
133265623,83,01000010011110111011100100001100000001001111100100010000011001001010100110101100011,133238687,0,0.200000,1.000000
133265624,76,0000001011101111110101011000010010011111101000100100110010011101111100011101,133238687,0,0.200000,1.000000
133265625,82,1100001010011111001111011010101000100100110110010001000000100100111111001000111101,133238687,0,0.200000,1.000000
133265626,83,00000110011110111111110100000000100100110110010001001000100100111011111000111100110,133238687,0,0.200000,1.000000
133265627,84,111001000100111110011110010100100000010100111110010001001001100100111011010001111111,133238687,0,0.200000,1.000000
133265628,83,01000010011110111011100100001100000001001111100100010000011001001010100110101100011,133238687,0,0.200000,1.000000
133265629,84,011100000001110011101010010110100000100100111110010001001000100100111111011000100101,133238693,0,0.040000,1.000000
133265630,85,1101000100011100101011100101101000001001001111100100010010000001001010110110001101011,133238693,0,0.040000,1.000000
133265631,79,0000010011111011010010100000000100100111110010000001000100100111011011001111110,133238699,0,0.100000,1.000000
133265632,82,0110000000111001100110001010100010100100111110010001011000100100111111001001110101,133238699,0,0.100000,1.000000
133265633,84,111001000100111110111110010100100000100100111110010001001001100100111011011000111111,133254158,0,0.070000,0.700000
133265634,85,1011001000100111110011100010100100000100100111110010001001001100100111011011000111111,133238700,0,0.066667,1.000000
133265635,83,10000000101011101111110101011001001001001111100100010010001001001110110100001111110,133238700,0,0.066667,1.000000
133265640,84,111001010100111100010110010101100000100100111110010001001000100100111011111000111111,133238702,0,0.100000,1.000000
133265641,75,000001111011111110101010010001001001111100100010010010001001011111110001001,133238705,0,0.040000,0.600000
133265642,84,111010011111011110110010000110100100100111110010001001000100100101111011010110110000,133238705,0,0.040000,0.600000
133265643,80,01111001110011111000010001110000100100111110011001001000101100101111011000101111,133260445,0,0.040000,0.500000
133265644,82,1000000001110111101010010110100010100100111110010001001000100100111111001000110101,133260445,0,0.040000,0.600000
133265645,84,110110000011100101010100101001000001001001111101100010010001001001110100111001101000,133238706,0,0.040000,1.000000
133265646,81,000000011110111111010100100000100100111110010001001000100100111011111000111100111,133243640,0,0.040000,0.800000
133265647,84,111001000100111110111110010100100000100110111110010001001001100100111011011000111111,133266895,0,0.070000,0.700000
133265648,83,11100000001110011101010010110100000100100111110010001001000100100111111011001110101,133238707,0,0.066667,1.000000
133265649,84,010001100000110010101010000010100000100100111110010001001000100100101111010010101011,133266895,0,0.100000,1.000000
133265650,82,1000000010101110111100010101100100100100111110010001001000100100111011011000111101,133238707,0,0.066667,1.000000
133265651,83,10000001101111101111100101001011001001001111100100010010001001001110110110001110011,133251035,0,0.030000,0.600000
133265653,76,0001000111001111001010010010010010011111001000100100000010011111101100011011,133241974,0,0.035000,0.700000
133265655,76,0000010101010111110000001000100101100111110010001001001100100110000110001011,133240459,0,0.100000,1.000000
133265656,83,11001000100111110111110010100100000100100110110010001001001100100111011011000101111,133240459,0,0.100000,1.000000
133265657,83,11001000100111110111110010100100000100100110110010001001001100100111011011000101111,133240459,0,0.100000,1.000000
133265658,82,1010000001111101111100001000001001101001111100100010010001001001100110110001111110,133240459,0,0.100000,1.000000
133265659,85,1111001000100111110111110110101100000100100111110010001001001100100111011011000111111,133262182,0,0.100000,0.600000
133265660,84,011001000100111110011110000100100000100100111110010001001001100100111011011000111111,133240460,0,0.100000,1.000000
133265661,76,0000001111111111000010110101010000011111001000100100010010010101001000110011,133240460,0,0.100000,1.000000
133265662,85,1101000000011100001011100101101010001001001111000100010010001001001011110110001101010,133240460,0,0.100000,1.000000
133265663,82,1000000110111110111110010100101100100100111110010001001000100100111011011000111001,133240460,0,0.100000,1.000000
133265664,74,00000011101111010101011000010010011101001000100100110010011101101100011101,133240460,0,0.100000,1.000000
133265665,76,0000001111111111000010110101010000011111001000100100010010010101001000110011,133240460,0,0.100000,1.000000
133265666,74,00000011101111010101011000010010011101001000100100110010011101101100011101,133240460,0,0.100000,1.000000
133265667,82,1000000010111110111110010100101100100100111110010001001000100100111011011000111001,133233871,0,0.053333,0.800000
133265668,84,111001000100111110011110010100100000110100111110010001001001100100111011010001111111,133240460,0,0.100000,1.000000
133265669,83,11011000100111110111110010100100000100100111110010001001001100100111011011000111011,133240460,0,0.100000,1.000000
133265670,84,111001000110111110011110011100100000100101111110010001001001000100011011111100111111,133240460,0,0.100000,1.000000
133265671,83,11001000100111110111110010100100000100100110110010001001001100100111011011000101111,133240460,0,0.100000,1.000000
133265672,84,111001001100111110011110010100100000110100111110010001000001100100111011010001111111,133240460,0,0.070000,0.700000
133265673,82,1000000010111110111110011100100100100100111110010001001000100100111011011000101101,133240460,0,0.100000,1.000000
133265674,86,10010000010101000010111011011010000010010011111001000100100010010011110101100011000101,133240461,0,0.050000,1.000000
133265675,82,0001000000111001010111000001010100010010011111001000100100110011011111010100110100,133240461,0,0.050000,1.000000
133265676,87,110010000000011100111011100100101000001001001111100100010010001001001111110010011101011,133240461,0,0.050000,1.000000
133265677,82,0100000001010111011111011010010001000100111110010011001000100100011111101110110101,133240461,0,0.040000,0.800000
133265678,82,1101001100011100101011100101101001001011001111100100010010001001001011110110001010,133240461,0,0.050000,1.000000
133265679,86,01110100010001110010101110010110100000100100111110010001001000100100101111001000110101,133240461,0,0.050000,1.000000
133265680,76,0010001101110111001100010110100100111110010001001001100100111111011000111111,133240461,0,0.050000,1.000000
133265681,87,110010000000011100111011100100101000001001001111100100010010001001001111110010011101011,133240461,0,0.050000,1.000000
133265682,83,11001000100111110111110010100100000100100110110010001001001100100111011011000111111,133240461,0,0.050000,1.000000
133265683,83,01100000001110011101010010110100000100100111110010001001000100100111111011001110111,133240461,0,0.050000,1.000000
133265684,78,000000011111011010010100000000100100111110010001001000100100111011011000110110,133240461,0,0.050000,1.000000
133265685,75,000001111011111110101010010001001001111100100010010011001001011111110001001,133240462,0,0.100000,1.000000
133265686,75,000000111111111100001011010101000001111100100010010001001001010101100011001,133243645,0,0.060000,0.600000
133265687,75,000100011110111100101000001001001001111100100010010001001001111110110001101,133243645,0,0.060000,0.600000
133265688,75,000001111011111110101010010001001001111100100010010010001001011111110001001,133240462,0,0.100000,1.000000
133265689,75,000000111111111100001011010101000001111100100010010001001001010100100011001,133240462,0,0.100000,1.000000
133265690,84,011101000100011100101011100101101000010010011111001000100100010010010111001100011010,133240463,0,0.100000,1.000000
133265691,82,1000000010111110111110011100100100100100111110010001001100100100111011011000101101,133243655,0,0.100000,0.500000
133265692,84,011101000100011100101011100101101000010010011111001000100100010010010111001100011010,133240463,0,0.100000,1.000000
133265693,72,001011111111110000101101000100100111100100010010001001001010100100011001,133240464,0,0.100000,1.000000
133265694,86,11100000011011010111110000110100000100100111110010001001000100100101111010010110001111,133240464,0,0.100000,1.000000
133265695,84,100010000011101110011101010000000010010011111001000100100010010011101110010011110010,133254146,0,0.028571,0.600000
133265696,86,01001000001010110001011101101101000001001001111100100010010001001001111010111001100011,133255833,0,0.024000,0.800000
133265697,87,011101000100011100101011100101101000011001001111100100010010001001001011110110001101010,133240466,0,0.028571,1.000000
133265698,82,1110000011110111101100100000100001001011111100100010010001001001011010110111101000,133225410,0,0.028571,0.700000
133265699,86,01110100010001110010101110010110100000100100111110010001001000100100101111011000110101,133240467,0,0.050000,1.000000
133265700,83,01000010011110111011100100001100000001001111100100010000011001001010100110101100011,133240467,0,0.050000,1.000000
133265701,86,01110100010001110010101110010110100000100100111110010001001000100100101111011000110101,133240467,0,0.050000,1.000000
133265702,84,100000101010000101110110110100000100100111110010001001000100100111101011010110001010,133240468,0,0.066667,1.000000
133265703,82,1101000100101100101011100101101001001001001111100100010010001001001011110110001010,133266896,0,0.066667,1.000000
133265704,83,11010000001111101111100001001001001001001111100100010010001001001100110110001110110,133270347,0,0.060000,0.600000
133265705,84,111100000001110011101010010110100000100100111110010001001000100100111111011001110111,133240468,0,0.066667,1.000000
133265706,76,0010001101110111001100010110100100111110010001001001100100111111011000111111,133240472,0,0.066667,1.000000
133265707,82,1110000011100111111100100000100001001001111100100010010001001001011110110101101000,133247273,0,0.053333,0.800000
133265709,74,00000011101101010101011000010010011101001000100100110010011101101100011101,133240475,0,0.066667,1.000000
133265710,88,1101110000011011011111110000110100101100110111110010001001000100100101101010000110001110,133247270,0,0.100000,0.600000
133265711,86,01001000001010100001010000100101000000001001111100100010010001001101111010111001100010,133268592,0,0.040000,0.600000
133265712,83,10110000001110010101010010000100000100110111110010001001000100100111010111001101001,133268593,0,0.023333,0.700000
133265713,75,000101011110111100101000001001001001111100100010010001001001111110100001101,133241964,0,0.100000,1.000000
133265714,83,10100000001110010101110010110100010100100111110010001001000110101101110011010110101,133241964,0,0.080000,0.800000
133265715,85,0110101010001110010101010010110100000100100111110010001011000100100011101001100110101,133241964,0,0.100000,1.000000
133265716,83,00000000001110010101110000110101000110100111110010001001001100110111110101001101011,133241964,0,0.100000,1.000000
133265717,76,0000010101010111110000001000100101100111110010001001001100100110000110001011,133241964,0,0.100000,1.000000
133265718,82,0000000010111110111110011100000100101100111110010001001001100100111011011000101101,133241964,0,0.100000,1.000000
133265726,81,101000000011100101011100101101000001001001111100100100100010010110111001101011010,133241967,0,0.050000,1.000000
133265727,82,1000000010111110111110011100000100100100111110010001001001100100011011011000101101,133241967,0,0.050000,1.000000
133265728,84,011010000000111001010111001011010010010010011111001000100100010010010111101100010100,133241971,0,0.050000,1.000000
133265729,80,01111001110011101000010001110000100100111110011001001000100100101111011000101011,133241971,0,0.050000,1.000000
133265730,86,01000000100011111001111101000011000010010011111001000100100110010011101110100011110011,133241971,0,0.050000,1.000000
133265731,83,10000000000111110011111010000110000100100111110010001001001100100111011110001111001,133241972,0,0.100000,1.000000
133265732,83,11100000001110011101010010110100000100100111110010001001000100100111111011001110101,133241972,0,0.050000,0.500000
133265733,74,00000011101111010101011000010010011101001000100100110010011101101100011101,133241972,0,0.100000,1.000000
133265734,83,10001001100111110011110010100100010100100111010010001001001100100111011011000111111,133241973,0,0.100000,1.000000
133265735,80,00000100111110111110000101000001001001111100100010010001001000011111100011010010,133241973,0,0.100000,1.000000
133265736,80,00000100111110111110000101000001001001111100100010010001001000011111100011010010,133241973,0,0.100000,1.000000
133265738,82,1000000010111110111110011100000100101100111110010001001001100100111011011000101101,133241975,0,0.066667,1.000000
133265740,87,001110100010001110010101110010010100000100100111110010001001000100100101111011000110101,133243644,0,0.100000,1.000000
133265741,83,11000000011100111111000100100000100100111110010001001000100100111011111000111100110,133243645,0,0.100000,1.000000
133265742,83,11001000100111110111110010100100000100100110110010001001001100100111011011000111111,133243645,0,0.100000,1.000000
133265743,86,11100000011011011111110000110100000100100111010010001001000100100101111010000110001111,133243645,0,0.100000,1.000000
133265744,88,0101110000011011011111110000110100100100110111110010001001000100100101101010000110001110,133259011,0,0.046667,0.700000
133265745,82,0000000000111001000111000011010100010010011111001000100100110011011111010100110101,133243647,0,0.066667,1.000000
133265746,84,111000000101111001111100111001001001001001111100100010010001001001100110110000011011,133243647,0,0.066667,1.000000
133265747,83,10000000000111110011111010000110000100100111110010001001001100100111011110001111001,133243647,0,0.066667,1.000000
133265758,76,0000010101010111110000001000100101100111110010001001001100100110000110001011,133243650,0,0.066667,1.000000
133265759,82,1000000001110011101010010110100010100100111110010001001000000100111111001001110101,133243651,0,0.100000,0.600000
133265760,83,11100000001110011101010010110100000100100111110010001001000100100111111011001110101,133243652,0,0.066667,1.000000
133265761,82,0000000000111001000111000011010100010010011111001000100100110011011111010100110101,133243652,0,0.066667,1.000000
133265762,84,110100010001110010101010010110100100100100111110010001001000100100011101001000110101,133243652,0,0.066667,1.000000
133265763,83,10000001101111101111100101001011001001001111100100010010001001001110110110001110011,133243652,0,0.066667,1.000000
133265764,82,1000001010100101011101101101000001001001111100100010010111001001111010110001101010,133243652,0,0.066667,1.000000
133265765,76,0010001001110111001100010010100100111110010001000001100100111111011000101111,133243652,0,0.066667,1.000000
133265766,84,110011001000111100101100101001000001001101111100110010010011001001100101100011111110,133243652,0,0.066667,1.000000
133265767,83,10000000000111110011111010000110000100100111110010001001001100100111011110001111001,133243652,0,0.066667,1.000000
133265768,85,0000000000010100101011111111100110001001001111100100010010001001001111010110001011011,133243652,0,0.066667,1.000000
133265769,86,01110100010001110010101110010110100000100100111110010001001000100100101111001000110101,133243652,0,0.066667,1.000000
133265770,83,10000000001111011101000110010100010101100111110010001001000100100111011001001110101,133243652,0,0.053333,0.800000
133265771,83,10000001101111101111100101001011001001001111100100010010001001001110110110001110011,133243652,0,0.066667,1.000000
133265772,86,01100000011011011111110000110100100100100011110010001001000101100101111010000110001111,133243652,0,0.066667,1.000000
133265773,83,11100000001110011101010010110100000100100111110010001001000100100111111011001110101,133243652,0,0.066667,1.000000
133265774,81,100000101010000111110110110100000100100111110010001001000100100111101011100111001,133243653,0,0.100000,1.000000
133265775,83,11100000001110011101010010110100000100100111110010001001000100100111111011001110101,133243653,0,0.100000,1.000000
133265776,77,00010001101010111001010000111010010011110001000100100110010011001011000111111,133243653,0,0.100000,1.000000
133265777,82,1110000011100111111100100000100001000011111100100010010001001001011110110101101000,133243653,0,0.100000,1.000000
133265778,79,0000000110101011100101001011001001001111100100010010011001001111110110001111111,133243653,0,0.100000,1.000000
133265779,84,111110000011100101010100101001001001001001111100100010010001001001110100111001101000,133243653,0,0.100000,1.000000
133265780,83,10000000001110000101110000110001000100100111110010001001001100110111110101001101011,133243655,0,0.200000,1.000000
133265781,83,10000000001110000101110000110001000100100111110010001001001100110111110101001101011,133243655,0,0.200000,1.000000
133265782,85,1111000000011100111010100101101000001001001111100100010010001001001111110110011101111,133240463,0,0.200000,0.600000
133265783,86,10010000010101000010111011011010000010010011111001000100100010010011110101100011000101,133243657,0,0.100000,1.000000
133265784,85,1101000000011100001011100101101010001001001111000100010010001001001011110110001101010,133243657,0,0.100000,1.000000
133265785,78,001100011010101010010100001100100100111110011001001001100100111101011000111111,133268596,0,0.140000,0.700000
133265786,84,010001100000110010101010000010100000100100111110010001001000100100101111010010101011,133243658,0,0.100000,1.000000
133265787,85,0011001000100111110111110010100100000100100111110010001001001100100111011011000111111,133243658,0,0.100000,1.000000
133265788,82,1110010001101111100111100111001000001001011111100110010000100010001101111110011111,133243658,0,0.100000,1.000000
133265789,82,1110010001101111100111100111001000001001011111100110010000100010001101111110011111,133243658,0,0.100000,1.000000
133265790,82,1101100010011111011111001010000000010010011110010001001000100100111011011000111111,133243659,0,0.198413,1.000000
133265791,81,000000011110111111010100100000100100111110010001001000100100111011111000111100111,133243659,0,0.198413,1.000000
133265792,74,00001010101011111000000100010010110011111001000100100110011011000011000101,133266899,0,0.070000,0.700000
133265793,84,111100000001110011101010010110100000100100111110010001001000100100111111011011110111,133225411,0,0.080000,0.800000
133265794,84,111110000011100101010100101001001001001001111100100010010001001001110100111001101000,133243660,0,0.066667,1.000000
133265795,75,000100011100101101101000001001001001111100100010010000001001111110010001101,133243660,0,0.066667,1.000000
133265796,85,1111010110000111000010101010110100000100100111110010001001000100100101111011000110101,133243660,0,0.066667,1.000000
133265797,78,000100011010101110010100101110100100111110010011001100100100111111001000111111,133243660,0,0.066667,1.000000
133265798,85,1001000001010100001011101101101000001001001111100100000010001001001111010110001100011,133243660,0,0.066667,1.000000
133265799,81,100000001011111011111011010010000000110111110010001001000100100111111101110110101,133245494,0,0.066667,1.000000
133265800,86,10100000011011011111110000110100000100100111110010001001000100100101111010010110001011,133245494,0,0.066667,1.000000
133265801,83,11001000100111110111110010100100000100100110110010001001001100100111011011000111111,133245495,0,0.028571,1.000000
133265802,84,111110000011100101010100101001000001001001111100100010010001000001110100111001101000,133245495,0,0.028571,1.000000
133265803,79,0000010011110111110001001111000010010010111001000100100010010010111101100010111,133245496,0,0.200000,1.000000
133265804,76,0000000011101111010001011000010010011111001000100100110010011101101100011101,133245496,0,0.200000,1.000000
133265805,81,000000011110111111010100100000100100111110010001001000100100111011111000111100110,133245496,0,0.200000,1.000000
133265806,83,10000000101011101111100101011001001001001111100100010010001001001110110100001111110,133265305,0,0.040000,0.600000
133265816,86,11101000011011111111110000110100000100110111110010001001000100100101111010010110001111,133245498,0,0.066667,1.000000
133265817,84,011010001000111001010111001011010010010010011111001000100100010010010111101100010100,133245498,0,0.066667,1.000000
133265818,84,110101010001111010101110010110100000100100111110010001101001100100101111001001100101,133245499,0,0.050000,1.000000
133265819,84,100100000000111001110111001001010000010010011111001000100100010010111111001001110101,133245499,0,0.000000,0.000000
133265820,79,0000001011111011010010100000000100100111110010001001000100100111011011000111110,133245499,0,0.050000,1.000000
133265821,85,1101000100011100101011100101101000001001001111100100010010000001001010110110001101011,133245499,0,0.050000,1.000000
133265822,76,0001000110111101001010000010010000011111001000100100010010011111101100011011,133245499,0,0.050000,1.000000
133265823,83,11001000100111110111110010100100000100100111110010001001001100100111011011000111011,133245499,0,0.050000,1.000000
133265824,84,111110000011100101010100101001001001001001111100100010010001001001110100111001101000,133245499,0,0.050000,1.000000
133265825,87,010010000010101000010111011011010000010010011111001000100100010010011110101100011000101,133245499,0,0.050000,1.000000
133265826,84,111001000100011110011110010100000000100100111110010001001001100100111011110001111111,133245499,0,0.050000,1.000000
133265827,83,10100000001110010101110010110100000100100111110010001001000100101101110011010110101,133245499,0,0.050000,1.000000
133265828,85,0001100000001110011001110010110100010100100111110110001001100100110111111001001110101,133245499,0,0.050000,1.000000
133265829,77,00000000111110111110001010000010010011111100000100010010010010111011000110100,133245499,0,0.050000,1.000000
133265830,82,1001001000100001011111101101000001001000111100100010010001011001101010111001100011,133245499,0,0.050000,1.000000
133265831,83,11001000100111110111110010100100000100100110110010001001001100100011011001000101111,133245499,0,0.050000,1.000000
133265832,83,10000000000111110011111010000110000100100111110010001001001100100111011110001111001,133245499,0,0.050000,1.000000
133265833,83,01110000001100011000110010110100000100100111110010001001000100100011111001001110101,133245501,0,0.050000,1.000000
133265834,76,0000010101010111110000001000100101100111110010001001001100100110000110001011,133245502,0,0.200000,1.000000
133265835,83,11010001000111001010111001011010010010110011111001000100100010010010111101100010101,133245502,0,0.200000,1.000000
133265836,84,010001100000110010101010000010100000100100111110010001001000100100101111000010101011,133245503,0,0.066667,1.000000
133265837,84,111110000011100101010100101001001001001001111100100010010001001001110100111001101000,133245503,0,0.066667,1.000000
133265838,83,11000010100111110011110110101010001001001101100100010010001001001111110010001111011,133255827,0,0.040000,0.600000
133265839,81,100001001111011101110010010110000100100111110010001001000100100101011011010110101,133266901,0,0.040000,0.600000
133265840,85,0100010001001111100110111101001000001001001101100100000010011011001110100110001111111,133245504,0,0.066667,1.000000
133265841,80,00000100111110111110000101000001001001111100100010010001001000011101100011010010,133245504,0,0.066667,1.000000
133265842,84,110101000001110010101010010110100000100100111110010001001000100100101111110000110101,133245504,0,0.066667,1.000000
133265843,83,11101010000011100101010101011010000010010011111001000100100010010010101111100011010,133245504,0,0.066667,1.000000
133265844,76,0000001011101111110101011000010010011111101000100100110000011101111100011101,133245504,0,0.066667,1.000000
133265845,82,1101010100011101101011100101101000001001001111100100010010011001001111110000010010,133245504,0,0.066667,1.000000
133265846,81,100000001011111011111011010011000000100111110010001001000100100111111101110110101,133245504,0,0.066667,1.000000
133265847,84,111110000011100101011100101001000001001001111100100010010001001001110100111001101000,133268597,0,0.020000,0.600000
133265848,81,100000101010000111110110010100000100100111110010001001000100100111101011100110001,133268599,0,0.033333,0.500000
133265849,84,111110000011100101010100101001001001001001111100100010010001001001110100111001101000,133268609,0,0.050000,0.800000
133265850,81,100000101010000111110110010100000100100111110010001001000100100111101011100110001,133245509,0,0.066667,1.000000
133265851,87,010101000100011100101011100101101000001001001111100100010010001001001011110110001101010,133245509,0,0.066667,1.000000
133265852,82,1001001000100001011111101101100001001000111100100010010001011001101010111001100011,133268600,0,0.040000,0.600000
133265854,82,0010110000111001010101001011010010010010011111001000100100000010010111010000110101,133245512,0,0.033333,1.000000
133265855,74,00001011101011111000000100010010110011111001000100100110011011000011000101,133245512,0,0.033333,1.000000
133265856,79,0100100111101111110001000111000010010011111001000100111010010010111101100010101,133245512,0,0.033333,1.000000
133265857,84,111001000110111110011110011100100000100101111110010001001001000100011011111100111101,133245512,0,0.033333,1.000000
133265858,74,00001010101011111000000100010010110011111001000100100110011011000011000101,133245512,0,0.033333,1.000000
133265859,85,0000000000010100101011111111100110001001001111100100010010001001001111010110001011011,133245512,0,0.033333,1.000000
133265860,82,0010110000111001010101001011010010010010011111001000100100000010010111010000110101,133245512,0,0.033333,1.000000
133265861,83,10000000101011101111100101011001001001001111100100010010001001001110110100001111110,133245513,0,0.050000,1.000000
133265862,82,1000000010111110111110010100101100100100111110010001001000000100111011011000111001,133245513,0,0.050000,1.000000
133265863,82,1110000011100111101100100010100001001001111100100010110001001001011110111101101000,133245513,0,0.050000,1.000000
133265864,86,11100000011011011101110000110100000100100111110010001001000100100101111010010110001111,133245513,0,0.050000,1.000000
133265865,83,10100000001110000101110010110100000100100111110010001001000100100101110111010110101,133245513,0,0.050000,1.000000
133265866,80,00000000011111011111000010100000100100111110010001001000100100101110110011101001,133245513,0,0.050000,1.000000
133265867,87,011100000011011011111110000110100000100101111110010001001000100100101110010000110001111,133245513,0,0.050000,1.000000
133265868,80,00000000011111011111000010100000100100111110010001001000100100101110110001101001,133245513,0,0.050000,1.000000
133265869,84,011001010100111110011110010100100000100100111110010001001001100101101011011000111111,133245514,0,0.066667,1.000000
133265870,84,111001000100111110011110010100000000100100111110010001001001100100101011011000111111,133245514,0,0.066667,1.000000
133265871,84,111001000100111110011110010100000000100100111110010001001001100100101011011000111111,133245514,0,0.066667,1.000000
133265872,84,111001000100111110011110010100000000100100111110010001001001100100101011011000111111,133245514,0,0.066667,1.000000
133265873,77,00100000111110111110001010000010010011111001000100100010010010111011000110100,133255843,0,0.024000,0.600000
133265874,76,0000000011101111010001011000010010011111001000100100111010011101101100011101,133268601,0,0.020000,0.500000
133265875,83,00000110011110111111110100010000100100110110010001011000100100111011111000111100110,133245515,0,0.040000,1.000000
133265876,84,110001101001111100111101101001010001001001101100100010010001001001111110010001111010,133245516,0,0.050000,1.000000
133265877,80,00000000011111011111000010100000100100111110010001001000100100101110110001101001,133265299,0,0.050000,1.000000
133265882,85,0010000010011100111011100100101000001001001110100100010010001001001111110010011101011,133245518,0,0.100000,1.000000
133265883,85,1111100000111001010101001010010010010010011111001000100110010010011101001110011010001,133245518,0,0.100000,1.000000
133265884,83,10100000001110010101110010110100000100100111110010001001100100100101110011010110101,133245518,0,0.100000,1.000000
133265885,85,0010000010011100111011100100101000001001001110100100010010001001001111110010011101011,133245520,0,0.200000,1.000000
133265886,84,111010000001111101111100001001001001001001111100100010010001001001100110110001110110,133245520,0,0.200000,1.000000
133265887,82,1101000100011100101011100101001001001001001111100100010010001001001011110110001010,133247252,0,0.050000,1.000000
133265888,83,11101010000111100101010101011010000010010011011001000100100010010010111111100011010,133268603,0,0.033333,0.500000
133265889,75,000001111011111110101010010001001001111100100010010011001001011111110001001,133257455,0,0.050000,0.700000
133265890,75,000100011100111110101000001001001001111100100010010000001001111110110001101,133247253,0,0.120000,0.600000
133265891,84,101110000011100101000100101001000001001001111100100010010001001001010101110011010011,133270345,0,0.050000,0.800000
133265892,81,101000000011100111010100011010000010010011111001000100100010010011110100100111010,133247254,0,0.050000,1.000000
133265893,76,0000010101010111110000001000100101100111110010001001001100100110010110001011,133223829,0,0.025000,0.500000
133265894,83,10100010001110010101110010110100000100100111110010001001000100100101110011010100101,133247254,0,0.050000,1.000000
133265895,84,110101010001110010101010010110100100100100111110010001001000100100011101001000110101,133247255,0,0.040000,1.000000
133265896,84,110101010001110110101110010110100000100100101110010001001001100100111111000000100101,133268604,0,0.035000,0.700000
133265897,82,0000000000111001010111000001010100010010011011001000100100110011011111010100110110,133247257,0,0.100000,1.000000
133265898,83,10000000101111101111100111001001001001001101100100010010001001001110110110001011010,133247257,0,0.100000,1.000000
133265899,84,110101010001110110101110010110100000100100111110010001001001110100101111000000100101,133247257,0,0.100000,1.000000
133265900,82,1000000110111110111110010100101100100100101110010001001000100100111011011000111001,133247257,0,0.100000,1.000000
133265901,81,100000101010000111110110010100000100100101110010101001000100100111101011100110001,133247257,0,0.100000,1.000000
133265902,82,1010000001111101111100001001001001101001111100100010010001001001100110110001111110,133247257,0,0.100000,1.000000
133265903,82,1110000011100111101100100010100001001001111100100010110001001001011110111101101000,133247257,0,0.100000,1.000000
133265904,83,11100000001110011101010010110100000100100111110011001011000100100111111001001010101,133247257,0,0.100000,1.000000
133265905,85,1011001000100111110011100010100100000100100111110010001001001100100111011011000111111,133247257,0,0.100000,1.000000
133265906,79,0000000011111011010010100000000100100111110010001001000100100111011011000110110,133260450,0,0.100000,0.600000
133265907,77,00000000111110111110001010000010010011111101000100110010010010111011000110100,133247257,0,0.100000,1.000000
133265908,84,011010001000111001010111001011010010010010011111001000100100010010010111101100010100,133247257,0,0.100000,1.000000
133265909,80,00001001000011011111001010010010010010011111001000100100010010011001011100011100,133247257,0,0.100000,1.000000
133265910,82,1101000100101100101011100101101001001001001111100100010010001001001011110110001010,133260450,0,0.100000,0.600000
133265911,84,110101010001110110101110010110100000100100111110010001001001110100101111000000100101,133260450,0,0.100000,0.600000
133265912,81,100010100111101111110001000111000010010011111001000100100010010010111101100011111,133260450,0,0.100000,0.600000
133265913,86,11100000011011011111110000110100000100100111110010001001000100100101111010010110001111,133247257,0,0.100000,1.000000
133265914,83,01000010010111110111110010100100100100100111110110001001001100100111011011000111101,133247257,0,0.100000,1.000000
133265915,85,1001000001010100001011000100101000000001001111100100010010001001111111010111001100010,133252602,0,0.100000,0.500000
133265916,82,1010000001111101111100001001001001001001111100100010010001001001100110110001111110,133247258,0,0.100000,1.000000
133265917,82,1110000011110111101100100000100001001011111100100010010001001001011010110111101000,133240468,0,0.053333,0.800000
133265918,84,111001000100111110011110010100000000100100111110010000001001100100101011011000111111,133247259,0,0.100000,1.000000
133265919,85,0011001000100111110011110010100100000100100111110010001001001100100111011011000111111,133247259,0,0.070000,0.700000
133265920,88,0101110000011011011111110000111100100100110111110010001001000100100101101010000110001110,133240468,0,0.053333,0.800000
133265921,83,10100000001110010101110010110100000100100111110010001001000100100101110011010110101,133247259,0,0.100000,1.000000
133265922,80,11010001001011011010111001011010010011000111110010001001000100100101111011000101,133247260,0,0.066667,1.000000
133265923,81,100000101011000000110110100100000100100111110010001001000000100111101011100100001,133247260,0,0.066667,1.000000
133265924,84,010000000011111001111101010011000010010011111001000100100110010011101111100011110011,133247260,0,0.066667,1.000000
133265925,82,0100000000111110011111010100110000100100111110010001001001100100111011111000111101,133247260,0,0.066667,1.000000
133265926,86,10010000010101000010111011011010000010010011111001000100100010010011110101100011000101,133247260,0,0.066667,1.000000
133265927,82,1101000100101100101011100101101001001001001111100100010010001001001011110110001010,133247260,0,0.066667,1.000000
133265928,84,111001000100111110111110010100100000100100111110010001001001100100111011011000111111,133247260,0,0.066667,1.000000
133265929,86,10100000001011111011111011010010000010010011111001000100100010010011111110111011010111,133252597,0,0.040000,0.600000
133265930,84,010000000011111001111101010011000010010011111001000100100110010011101111100011110011,133247260,0,0.066667,1.000000
133265931,81,010000000111000010111001011010000010010011111001001001000100100101110111010110101,133247260,0,0.066667,1.000000
133265932,82,0100000000111110011111010100110000100100111110010001001001100100111011111000111101,133247260,0,0.066667,1.000000
133265933,83,11100000001110011101010010100100000100100111110010001001000100100111111011001110101,133247260,0,0.066667,1.000000
133265934,84,111010000000111010101110110110100000100100111110010001001000100100101011011000110101,133247260,0,0.053333,0.800000
133265935,83,11001000100111110111110010100100000100100110110010001001001100100111001011000101111,133270343,0,0.066667,0.600000
133265936,82,1010000001111101111100001000001001001001111100100011010001001001100110110001111110,133252597,0,0.033333,0.500000
133265937,83,01000001010100101011101101101000001001001110100100010010011001001111010110001100010,133247260,0,0.066667,1.000000
133265938,84,111010001000111010101110110110100000100100111110010001001000100100101011011000110101,133270343,0,0.066667,0.500000
133265939,84,111010001000111010101110110110100000100100111110010001001000100100101011011000110101,133247260,0,0.066667,1.000000
133265940,86,10010000010101000010111011011010000010010011111001000100100010010011110101100011000101,133270343,0,0.066667,0.500000
133265941,87,011100000011011011111110000110100000100100111110010001001000100100101110010000110001111,133252597,0,0.040000,0.600000
133265942,83,11100000001110011101010010110100000100100111110010001001000100100111111011001110101,133270343,0,0.066667,0.500000
133265943,82,1110000011110111101100100000100001001011111100100010010001001001011010110111101000,133247262,0,0.050000,1.000000
133265944,84,000000000011111001111101010011000010010011111001000100100110010011101111100011110011,133265289,0,0.035000,0.700000
133265945,80,01111001110011101000010001110000100100111110011001001000100100101111011000101111,133230485,0,0.070000,0.700000
133265946,83,10000000001110000101110000110101000100100111110010001001001100110111110101001101011,133268606,0,0.070000,0.700000
133265947,83,11100000001110011101010010110000000100100111111010001001000100100111111011001110101,133247264,0,0.100000,1.000000
133265948,83,10000000001110000101110000110101000100100111110010001001001100110111110101001101011,133247264,0,0.100000,1.000000
133265949,83,00000000001110010101010000010101000100100111110010001001001100110111110101001101000,133247264,0,0.100000,1.000000
133265950,83,00100000000111101111110101001000101001011111100110010010011001001110111110001111001,133247265,0,0.066667,1.000000
133265951,82,1010000001111101111100001001001001001001111100100010010001001001100110110001110110,133247265,0,0.066667,1.000000
133265952,77,00000010010101111100001000001001001001111100100010010001001001100001100010111,133247265,0,0.066667,1.000000
133265953,80,00000000011111111111000010100000100100111110010001001000100100101110110011101001,133247265,0,0.066667,1.000000
133265954,77,00100011011101110011000101101001001111100100010010011001001111110110001111110,133247265,0,0.066667,1.000000
133265955,82,1110000001110011101010010110100000100100111110010001001000100100111111011001110101,133247265,0,0.000000,0.000000
133265956,84,110011001000111100101100101001000001001101111100010010010011001001100101100011111110,133247265,0,0.053333,0.800000
133265957,84,100110000001100101010100101000000001101011111100100010010001001001110100111001101001,133247265,0,0.066667,1.000000
133265958,83,10000000101111101111100111001001001001001101100100010010001001001110110110001011010,133247265,0,0.066667,1.000000
133265959,76,0000000011101111110101011000010010011111101000100100110010011101101100011101,133247266,0,0.050000,1.000000
133265960,84,100001010100001011101100101000001001001111100100010010001001001111010111001000011111,133247266,0,0.050000,1.000000
133265961,88,0001100000010011011111110000110100100100100011110010001001000101100101111010000110001111,133247266,0,0.050000,1.000000
133265962,77,00000000111110111110001010000010010011111001000100100010010010111011000110100,133247266,0,0.050000,1.000000
133265963,83,11001001100111110011110010100100010100100111010010001001001100100011011011100111111,133247266,0,0.050000,1.000000
133265964,83,01000010010111110111110010100100100100100111110110001001001100100111011011000111101,133265302,0,0.046667,0.700000
133265965,82,1000000011111101111100010010000100100111110010001001001100101111011011000110011011,133247266,0,0.050000,1.000000
133265966,81,100000001011111011111010010010000000100111110010001001000100100111111101110110101,133247266,0,0.050000,1.000000
133265967,82,1000000011111101111100010010000100100111110010001001001100101111011011000110011011,133247266,0,0.050000,1.000000
133265968,84,011101000100011100101011100101101000010010011111001000100100010010010111001100011010,133265302,0,0.040000,0.600000
133265969,82,1000001010100001110101101101000001001001111100101010010001001001111010111001100010,133265302,0,0.033333,0.500000
133265970,77,00000000111110111110001010000010010011111001000100000010010010111011000110000,133265302,0,0.033333,0.500000
133265971,84,100001010100001011101100101000001001001111100100010010001001001111010111001000011111,133249268,0,0.024000,0.600000
133265977,79,0000000001110111110100010010100100100111100010001001001100100111011011000111011,133247269,0,0.066667,1.000000
133265978,81,100000101010000111110110010100000100100111110010001001000100100111101011100110001,133240476,0,0.100000,0.600000
133265979,84,000000000011111001111101010011000010011011111001000100100110010011101111000011110011,133247271,0,0.033333,1.000000
133265980,83,01000001010100101011101101101000001001001110100100010010011001001111010110101100010,133247271,0,0.033333,1.000000
133265981,83,10100000001100010101110010110100000100101111110010001001001100100101110011010110101,133249258,0,0.066667,1.000000
133265982,75,000001111011011110101010010001001001111100100010010011001001011111110001101,133268608,0,0.040000,0.600000
133265983,83,11101010000011100101010101011010000010010011111001000100100010010010111101100011010,133268608,0,0.066667,0.600000
133265984,83,01110000001100011000110010110100000100100111110010001001000100100011111001001110101,133249258,0,0.066667,1.000000
133265985,84,110100010001110010101010010110100100100100111110010001001000100100011101001000110101,133249258,0,0.066667,1.000000
133265986,84,010000000011111001111101010011000010010011111001000100100110010011101111100011110011,133268608,0,0.066667,0.600000
133265987,82,1101100010011101011111001010000000010010011110010001001001100100111011011000111111,133249258,0,0.066667,1.000000
133265988,75,000101011110111100101000001001001001111100100010010000001001111110100001101,133268608,0,0.066667,0.700000
133265989,83,01000010010111110111110010100100100100100111110110001001001100100111011011000111101,133249258,0,0.066667,1.000000
133265990,76,0001000111001111001010010010010010011111001000100100000010011111101100011011,133249258,0,0.066667,1.000000
133265991,84,010000000011111001111101010011000010010011111001000100100110010011101111100011110011,133249258,0,0.066667,1.000000
133265992,76,0000000011101111010001011000010000011111101000100100110010011101101100011101,133270349,0,0.053333,0.500000
133265993,83,00000000000111101111101100001000001011001011100100010010001001001111111011101111010,133249259,0,0.066667,1.000000
133265994,80,01111001110011111000010001110000100100111110011001001000101100101111011000101111,133249259,0,0.066667,1.000000
133265995,83,01100000001110011001110010110100000100101111110010001001000100100111111001001110101,133249259,0,0.066667,1.000000
133265996,83,10100000001110010101110010110100000100100111110010001001000100100101110011010110101,133249259,0,0.066667,1.000000
133265997,84,001001010100111110011110010100100000100100111110010001001001100101101011011000111111,133249260,0,0.100000,1.000000
133265998,85,0000000000010100101011111111100110001001001111100100010010001001001111010110001011011,133249260,0,0.100000,1.000000
133265999,75,000000111111111100001011010101000001111100100010010001001001010101100011001,133249261,0,0.200000,1.000000
133266000,82,1000000001110111101010010110100010100100111110010001001000100100111111001000110101,133249262,0,0.100000,1.000000
133266001,86,11100000011011011101110000110100000100100111110010001001000100100101111010010110001111,133249263,0,0.040000,1.000000
133266002,83,10000110011110111111110100000000100100110010010001001000100100111011111000111100110,133249263,0,0.040000,1.000000
133266003,83,11100000001110011101010010110100000100100111110010001001000100100111111011001110101,133268597,0,0.020000,0.600000
133266004,87,011101000100011100101011100101101000001001001111100100010010001001001011110110001101010,133249264,0,0.066667,1.000000
133266005,87,011101000100011100101011100101101000001001001111100100010010001001001011110110001101011,133249264,0,0.066667,1.000000
133266006,83,00010100000111001010101001011011000010010011111001001100100000010010111000000110101,133249264,0,0.066667,1.000000
133266007,85,1110100000001110010101110010110111000100100111110010011001000100100100111011001110101,133263574,0,0.066667,0.500000
133266008,83,11010000001111101111100001001001001001001111100100010010001001001100110110001110110,133263574,0,0.066667,0.500000
133266009,87,011001000100111110010110010100100000100110111110010001011001100100110011011000111111101,133249264,0,0.066667,1.000000
133266010,84,001001010100111110011110010100100000100100111110010001001001100101101011011000111111,133249264,0,0.066667,1.000000
133266011,87,011001000100111110010110010100100000100110111110010001011001100100110011011000111111101,133249264,0,0.066667,1.000000
133266012,82,1000000110111110111110010100101100100100111110010001001000100100111011011000111001,133249264,0,0.066667,1.000000
133266013,80,00000000111110111110100101010001001001111100100010010001001001011101100011010011,133263574,0,0.066667,0.500000
133266014,81,100000101010000111110110010100001100100111110010001001000100100111101011100110000,133249264,0,0.066667,1.000000
133266015,83,11010000001111101111100001001001001001001111100100010010001001001100110110001110110,133249264,0,0.066667,1.000000
133266016,81,110100000010111011111000010010010000100111110110001001000100100110011011000111110,133249264,0,0.053333,0.800000
133266017,81,110100000010111011111000010010010000100111110010001001000100100110011011000111110,133249264,0,0.066667,1.000000
133266018,84,111110000011100101010100101001000001001001111100100010010001001001110100111001101000,133254154,0,0.060000,0.600000
133266019,80,00000000011111011111000010100000100100111110010001001000100100101110110011101001,133254154,0,0.060000,0.600000
133266021,75,000101011110111100101000001001001001111100100010010001001001111110100001101,133249267,0,0.060000,0.600000
133266022,86,10110010001001111100111000101001000001001001111100100010010011001001110110110001111111,133266905,0,0.070000,0.700000
133266023,82,0100000001010111011111011010010001000100111110010001001000100100011111101110110101,133249267,0,0.100000,1.000000
133266024,83,11011001100111110111110010100100000100100111110010001001001100100111011011000111011,133266905,0,0.070000,0.700000
133266025,84,001000001010100101011101101101000001001001110100100010010011001001111010110001100010,133249267,0,0.100000,1.000000
133266026,84,111100000001110011101010010110100000100100111110010001001000100100111111011001110111,133249267,0,0.060000,0.600000
133266027,85,1101010000011100101010100101111000001001001111100100010110001001001011110110001101011,133249267,0,0.100000,1.000000
133266028,80,11010000000111001101110010100100100100100111110010001001000100100101111011000101,133249267,0,0.100000,1.000000
133266029,83,11001000100111110111110010100000000100100100110010001001001100100111011011000111111,133249267,0,0.100000,1.000000
133266030,88,0101110000011011011111110000110100100100110111110010001001000100100101101010000110001110,133266905,0,0.060000,0.600000
133266031,84,011001000100111110011110010100100000100100111110010001001001100100111011011000111111,133266905,0,0.070000,0.700000
133266032,86,10010000010101000010111011011010000010010011111001000100100010010011110101100011000101,133268599,0,0.033333,0.500000
133266033,83,11000000011100111111000100100000100100111110010001001000100100111011111000111101110,133240464,0,0.050000,0.500000
133266034,84,101010001000111010101110010110100000100100111110010001001000100100101011011000110101,133249271,0,0.100000,1.000000
133266035,85,1110010001001111101111100101001000001001001111100100010010011001001110110110001111111,133245511,0,0.050000,0.600000
133266036,83,00000110011110111111110100010000100100110110010001011000100100111011111000111100110,133249272,0,0.050000,1.000000
133266037,75,000100011100111110101000001001001001111100100010010000001001111110110001101,133249272,0,0.050000,1.000000
133266038,80,00000100111110111110000101000001001001111100100010010001001000011111100011010010,133249272,0,0.050000,1.000000
133266039,82,1000000010101110111100010101100100100100111110010001001000100100111011011000111101,133270351,0,0.050000,0.600000
133266040,76,0011001111101111111101001100010010011111001000100110010010011100101000110110,133249272,0,0.050000,1.000000
133266041,74,00000011101101010101011000010010011101001000100100110010011101101100011101,133251028,0,0.060000,0.600000
133266042,79,0000000011111011111000010100000100100111110010001001000100100101110110001101001,133251028,0,0.100000,1.000000
133266043,75,000001111011110110101010010001001001111100100010010010001001011111110001001,133266906,0,0.060000,0.600000
133266044,84,110010001001111101111100101001000001001001111100100010010011001001110110110001111111,133251028,0,0.070000,0.700000
133266045,77,00000000111110111110001010000010010011111001000100100010010010111011000110100,133251029,0,0.066667,1.000000
133266046,85,1100010001001111100110101101001000001001001101100100010010011011001110100110001111111,133266907,0,0.024000,0.600000
133266047,86,10100000011011011111110000110100000100100111110010011001000100100101111010010110001111,133251030,0,0.040000,1.000000
133266048,84,001001010100111110011110010100100000100100111110010001001001100101101011011000111111,133251034,0,0.066667,1.000000
133266049,83,11100000001110011101010010110100000100100111110010001001000100100111111011001110101,133251035,0,0.050000,1.000000
133266050,78,001100011100111110011100111010100101111110010001001000100100111010011000111111,133251035,0,0.050000,1.000000
133266051,83,11001000100111110111110010100100000100100111110010001001001100100111011011010111111,133251036,0,0.066667,1.000000
133266052,82,1110000011100111111100100000100001000011111100100010010001001001011110110101101000,133251036,0,0.066667,1.000000
133266053,85,0100000001011111011111011010010000010010011111001000100100010010011111110111011010111,133251037,0,0.066667,1.000000
133266054,75,000001111011111110101011000001001001111100100010010011001001011111110001101,133263573,0,0.040000,0.600000
133266055,83,11101000100111100001011100101101001101001001111100100010010001001001011110110001010,133252610,0,0.024000,0.600000
133266056,87,011000100010011111001111011010010000010010011011001000100100110010011101001100011111110,133249263,0,0.024000,0.600000
133266057,79,0000000001111011111000010100000100100111110010001101000100100101110110001001001,133268597,0,0.040000,0.600000
133266058,82,0100000000111110011111010100110000100100111110010001001001100100111011111000111101,133268597,0,0.040000,0.700000
133266059,81,100000001011111011111011010011000000100111110010001001000101100111111101110110101,133252610,0,0.020000,0.500000
133266060,75,000001111011011110101010010001001001111100100010010011001001011111110001101,133249263,0,0.024000,0.600000
133266061,84,011010000000111001010111001011010010010010011111001000100100010010010111101100010100,133268597,0,0.040000,0.600000
133266062,81,110100000010111011111000010010010000100111110010001001000100100110011011000111110,133251039,0,0.066667,1.000000
133266063,80,01001001010100001111101100101000011001011111001000100100001010011110101110011000,133251039,0,0.066667,1.000000
133266064,82,1000000001110111101010010110100010100100111110010001001000100100111111001000110101,133251039,0,0.066667,1.000000
133266065,83,11100000001110011101010010110100000100100111111010001001000100100111111011001110101,133251039,0,0.066667,1.000000
133266066,83,11001001100111110011110010100100010100100111010010001001001100100111011011100111111,133251039,0,0.066667,1.000000
133266067,81,100000001111110111010001001000010010011111001000100100110010111101101100011001101,133251039,0,0.066667,1.000000
133266068,82,1000000001110111101010010110100000100100111110010001001000100100111111001000110101,133251039,0,0.066667,1.000000
133266069,82,1110000011110111101100100000100001001011111100100010010001001001011110110101101000,133251039,0,0.066667,1.000000
133266070,82,1110000011100111111100100000100001001001111100100010010001001001011110110101101000,133251039,0,0.066667,1.000000
133266071,82,1000000001110111101010010110100010100100111110010001001000100100111111001000110101,133251039,0,0.066667,1.000000
133266072,73,0010001110011110010100000100100100111110010001001000000100111111011000110,133251039,0,0.066667,1.000000
133266073,86,01100110010001111001011001010010000010010011111001100100100110010011100101100011111110,133251039,0,0.066667,1.000000
133266074,83,11100000001110011101010010110100000100100111111010001001000100100111111011001110101,133251039,0,0.066667,1.000000
133266075,82,1010000001111101111100000001011001001001111100100010010001001001100110110001111110,133251039,0,0.066667,1.000000
133266076,79,0000100100001101011100101101001001001001111100100010010001001001110101110001110,133270353,0,0.200000,0.600000
133266077,86,10011000000111101010111001010010000010010011111001000000101010010011100001110111010000,133251041,0,0.050000,1.000000
133266078,76,0100100011110111100101000001001001001111100110010010001000001111110110001101,133251041,0,0.050000,1.000000
133266079,84,011101010100011100101011100101101000010010011101001000100100010010010111001100011010,133251042,0,0.200000,1.000000
133266080,83,11100000001110011101010010110100000100100111110010001001000100100111111011001110101,133251042,0,0.200000,1.000000
133266081,82,1101100010011111011111001010000000010010011110010001001001100100111011011000111011,133251043,0,0.100000,1.000000
133266082,76,0000101111111111100001011010101001001111100100010010001001001010100100111001,133268611,0,0.200000,1.000000
133266083,85,0000000000010100101011111111100110001001001111100100010010001001001111010110001011011,133251044,0,0.100000,1.000000
133266084,83,01000001010100101011101101101000001001001110100100010010011001001111010110001100010,133251044,0,0.100000,1.000000
133266085,83,01000001010100101011101101101000001001001110100100010010011001001111010110001100010,133251044,0,0.100000,1.000000
133266086,84,111100000101110011101010010110100000100100111110010001001000100100111111011001110111,133252597,0,0.066667,1.000000
133266087,82,1001001000100001011111101101000001001001111100100010010001011001101010111001100011,133252597,0,0.066667,1.000000
133266088,77,00000010101010111110000001000100101100111110010001001001100100110000110001011,133252597,0,0.066667,1.000000
133266089,84,000000000011111001111111010011000010010011111001000100100110010011101111100011110011,133252597,0,0.066667,1.000000
133266090,84,011101010100011100101011100101101000010010011101001000100100010010010111001100011010,133252597,0,0.066667,1.000000
133266091,84,111001000100111110011110010100100000010100111110010001001001100100111011010001111111,133252597,0,0.066667,1.000000
133266092,85,1111010110000111000010101010110100000100100111110010001001000100100101111011000110101,133259005,0,0.040000,0.800000
133266093,84,111001000100111110111110010100100000100110111110010001001001100100111011011000111111,133252598,0,0.040000,1.000000
133266094,83,11100000001110011101010010110100000100100111110011001001000100100111111011001110101,133259005,0,0.040000,0.700000
133266095,84,011000000011110111111100001101001001001001111100100010010001001001011110100001100011,133252598,0,0.040000,1.000000
133266096,80,00000000011111011111000010100000100100111110010001001000100100101110110001101001,133252599,0,0.100000,1.000000
133266097,86,01110100010001110010101110010110100000000100111110010001001000100100101111001000100101,133252599,0,0.080000,0.800000
133266098,84,011101000100011100101011100101101000010010011111001000100100010010010111001100011010,133252599,0,0.100000,1.000000
133266099,80,00000000011111011111000010100000100100111110010001001000100100101110110001101001,133252599,0,0.100000,1.000000
133266100,83,10001001100111110011110010100100010100100111010010001001001100100111011011000111111,133252600,0,0.100000,1.000000
133266101,85,1111001000100111110111110010100100000100100111110010001001001100100111011011000111111,133252600,0,0.100000,1.000000
133266102,85,1111001000100111110111110010100100000100100111110010001001001100100111011011000111111,133252600,0,0.100000,1.000000
133266103,75,000000111111111100001011010101000001111100100010010001001001010100100011001,133252601,0,0.066667,1.000000
133266104,85,0010000010011100111011100100101000001001001111100100010010001001001111110010011101010,133252601,0,0.066667,1.000000
133266105,87,011001000100111110010110010100100000100110111110010001011001100100110011011000111111101,133252601,0,0.066667,1.000000
133266106,83,11011000100111110111110010100100100100100111110010001001001100100111011011000111011,133252602,0,0.200000,1.000000
133266107,80,00000000011111011111000010100000100100111110010001001000100100101110110011101001,133252602,0,0.200000,1.000000
133266108,86,01000000000111110101100010100100100100100111110010001001001000101111010011000111101011,133252603,0,0.100000,1.000000
133266109,83,10100000001110000101110010110100000100100111110010001001000100100101110111010110111,133252603,0,0.100000,1.000000
133266110,83,10000101010000101110110010100000100100111110010001001000100100111101011110100001111,133252604,0,0.050000,1.000000
133266111,82,1000000110111110111110010100101100101100111110010001001000100100111011011000111001,133252606,0,0.100000,1.000000
133266112,81,100000101010000111110110010100000100100101010010101001000100100111101011100110001,133268604,0,0.030000,0.600000
133266113,82,1000000110111110111110010100101100100100111110010001001000100100111011011000111001,133230485,0,0.066667,0.800000
133266114,83,10100000001100000101110010110100000100100111110010001001001100100101110011010110101,133252608,0,0.066667,1.000000
133266115,82,0000000111101111110100001000001001001111100100010010001001001010111110001111001101,133252609,0,0.100000,1.000000
133266116,83,01000001010100101011101101101000001001001110100100010010011001001111010110101100010,133252609,0,0.100000,1.000000
133266117,88,0001100000010011011111110000110100100100100011110010001001000101100101111010000110001111,133252609,0,0.100000,1.000000
133266118,82,0111000001111011110110000000010000100100111100010001001000100100111111111010101000,133252609,0,0.100000,1.000000
133266119,83,10111000001110010101010010100100000100100111110010001001000100100101010111001101001,133252609,0,0.100000,1.000000
133266120,86,10010000010101000010111011011010000010010011111001000100100010010011110101100011000101,133252609,0,0.100000,1.000000
133266121,82,0111000001111011110110000000010000100100111100010001001000100100111111111010101000,133265292,0,0.120000,0.700000
133266122,83,11001000100111110111110010100000000100100100110010001001001100100111011010000111111,133252609,0,0.100000,1.000000
133266123,84,111000000101111001111100101011001001001001111100100010010101011001100010110100011010,133252610,0,0.040000,1.000000
133266124,76,0001000111001111001010000010010010011111001000100100000010011111101100011011,133245506,0,0.024000,0.600000
133266125,77,00000000111110111110001010100110010011111001000100100010010010111011000110100,133252611,0,0.066667,1.000000
133266127,87,011001000100111110010110010100100000100110111110010001011001100100110011011000111111101,133252612,0,0.200000,1.000000
133266128,81,000000101110010101110010110100000100100111110010001001000100100111111011000110000,133252612,0,0.200000,1.000000
133266129,76,0000001111101111010001011000010010011111001000100100110010011101101100011101,133257454,0,0.024000,0.600000
133266130,85,0000000010010100101011111111100110101001001111100100011010001001001111010110001011011,133254147,0,0.066667,1.000000
133266131,76,0000001111111111000010110101010000011111001000100100010010010101001000110011,133254147,0,0.066667,1.000000
133266132,82,1101100010011111011111001010000000010010011110010001001001100100111011011000111111,133254147,0,0.066667,1.000000
133266133,84,110101010001110110101110010110100000100100111110010001001001100100111111000000100101,133254148,0,0.200000,1.000000
133266134,79,0000000110101011100101001011001001001111100100010010011001001111110110001111111,133254148,0,0.200000,1.000000
133266135,82,1000000010111010111110011100000100101100111111010001001001100100111011011000101101,133254148,0,0.200000,1.000000
133266136,81,100000101010000111110110010100000100100111110010001001000100100111101011100110001,133254148,0,0.200000,1.000000
133266137,84,111110000011100100010100101001000001001001111100100010010001001001110100111001101000,133230500,0,0.040000,0.600000
133266138,83,11000000001111011101000110010100010101100111110010001001000100100111011001001110101,133254149,0,0.066667,1.000000
133266139,84,011001000100111110011110010100100000100100111110010001001001100100111011011000111111,133254149,0,0.066667,1.000000
133266140,85,0010000010011100111011100100101000001001001111100100010010001001001111110010011101010,133230500,0,0.040000,0.600000
133266142,81,100000001011111011111011010010000000100111110010001001000100100111111101110110101,133230500,0,0.033333,0.500000
133266143,82,1001001000100001011111101101000001001001111100100010010001011001101010111001100011,133254150,0,0.100000,1.000000
133266144,82,1010000001111101111100001000001001001001111100100010010001001001100110110001111110,133233877,0,0.060000,0.600000
133266145,80,10000101010000011101101001000000001001110100100010010001101001111000101001100010,133254151,0,0.100000,1.000000
133266146,82,1000000010111110111110010100101100100101111110010001001000100100111011011000111001,133233877,0,0.050000,0.500000
133266147,80,01001001010100001111101100101000011001011111001000100100001010011110101110011000,133254152,0,0.040000,1.000000
133266148,83,11001000100111110111110010100100000100100110110010001001001100100111011011000101111,133254152,0,0.040000,1.000000
133266149,77,00010001101010111001010010111010010011111001000100100110010011001011000111111,133254153,0,0.066667,1.000000
133266150,81,100000101010000111110110010100000100100011110010001001000100100111101011100110001,133254153,0,0.066667,1.000000
133266151,82,1010000010111100111110010100101100100100111110010001001000100100111011011000111001,133254153,0,0.066667,1.000000
133266152,75,000100011100101101101000001001001001111100100010010000001001111110110001101,133254153,0,0.066667,1.000000
133266153,86,11101000011011111111110000110100000100110111110010001001000100100101111010010110001111,133249265,0,0.100000,0.600000
133266154,81,100000101010000111110110010100000100100111110010001001000100100111101011100110001,133249265,0,0.100000,0.700000
133266155,84,011001000100111110111110010100100000100100111110010001001001100100111011011000111111,133254154,0,0.100000,1.000000
133266156,83,11100000010011110001110101100100000100100110110010001000000100100111111001000111101,133254154,0,0.100000,1.000000
133266157,86,11100000011011111111110000110100000100110111110010001001000100100101111010010110001111,133254155,0,0.028571,1.000000
133266158,84,111001000100011110111100010100100000100100111110010001001001100100111011011000111111,133247273,0,0.020000,0.700000
133266159,86,10010000000011100111011100100101000001001001111100100010010001001001111110010011101011,133247273,0,0.028571,0.800000
133266160,83,11000000011100111111000100100000100100111110010001001000100100111011111000111100110,133254155,0,0.028571,1.000000
133266161,81,100000101010000101110110010100000100100111110010001001000100100111101011100110001,133254155,0,0.028571,1.000000
133266162,83,11000000011100111111000100100000100100111110010001001000100100111011111000111100110,133254155,0,0.028571,1.000000
133266163,76,0000010101010111110000001000100101100111110010001001001100100110000110001011,133254156,0,0.040000,1.000000
133266164,81,100000001011111011111011010011000000100111110010001001000100100111111101110110101,133254157,0,0.100000,1.000000
133266165,83,11101000100111100001011100101101001101001001111100100010010001001001011110110001010,133268613,0,0.060000,0.600000
133266166,85,0100000001011111011111011010010000010010011111001000100100010010011111110111011010111,133254158,0,0.100000,1.000000
133266167,84,011000000011110011111100001101001101101001111100100010010001001001011110100001100011,133254158,0,0.080000,0.800000
133266168,80,01111001110011111100010001110000100100111110011001001000100100101111011000101111,133254158,0,0.100000,1.000000
133266169,76,0101000111001111001010010010010010011111001000100100000010011111101100011011,133230486,0,0.100000,0.600000
133266170,83,11010000001111101111100001001001001001001111100100010010001001001100110110001110110,133255824,0,0.200000,1.000000
133266171,83,10000000000111110011111010000110000100100111110010001001001100100111011110001111001,133255824,0,0.200000,1.000000
133266172,82,0000000000111001000111000011010100010010011111001000100100110011011111010100110101,133225396,0,0.050000,0.500000
133266173,83,10000000001110000101110000110101000100100111110010001001001100110111110101001101011,133255825,0,0.100000,1.000000
133266174,83,11100000001110011101010010110100000100100111110010001001000100100111111011001110101,133225396,0,0.050000,0.500000
133266175,84,010000000101111101111101101001000001001001111101100010010011001001111111011101101011,133255826,0,0.200000,1.000000
133266176,86,01100000011011011111110000110100100100100111110010001001000101100101111010000110001111,133255826,0,0.200000,1.000000
133266177,83,10111000001110010101010010100100000100100111110010001001000100110111010111001101001,133245503,0,0.033333,0.500000
133266178,86,01110100010001110010101110010110100000100100111110010001001000100100101101011000110101,133245503,0,0.040000,0.600000
133266179,83,00100000001111101111110101001000101001001111100110010010011001001110111110001111001,133255827,0,0.066667,1.000000
133266180,81,100000101010000111110110010000000100100111110010101001000100100111101011100110001,133255827,0,0.066667,1.000000
133266181,79,0000100100001101011100101001001001001001111100100010010001001001110101110001110,133255827,0,0.066667,1.000000
133266182,83,10100000001110010101110010110100000100100111110010001001000100101101110011010110101,133237123,0,0.066667,1.000000
133266183,81,100100010011101011111010100100000100100110110010001001001100100111011011000111111,133255829,0,0.050000,1.000000
133266184,81,100001001111011101110010010110000100100111110010001001000100100101011011010110101,133255829,0,0.050000,1.000000
133266185,86,01110100010001110010101110010110100000100100111110010001001000100100101111011000110101,133255829,0,0.050000,1.000000
133266186,84,111001000110111110011110011100100000100101111111010001001001000100011011111100111111,133255829,0,0.050000,1.000000
133266187,84,010001100000110010101010000010100000100100111110010001001000100100101111000010101011,133255830,0,0.066667,1.000000
133266188,83,10100000001110010101110010110100000100100111110010001001000100101101110011010110101,133255830,0,0.066667,1.000000
133266189,83,10000000000111110011111010000110000100100111110010001001001100100111011110001111001,133262193,0,0.120000,0.600000
133266190,83,11001001100111110011110010100100010100100111010010001001001100100011011011100111111,133255831,0,0.200000,1.000000
133266191,86,10010000010101000010111011011010000010010011111001000100100010010011110101100011000101,133255831,0,0.200000,1.000000
133266192,81,100000001011111011111011010010000000100111110010001001000100100111111101110110101,133255831,0,0.200000,1.000000
133266193,79,0000000110101011100101001011001001001111100100010010011001001111110110001111111,133255831,0,0.200000,1.000000
133266194,85,0100000001011111011111011010010000010010011111001000100100010010011111110111011010111,133240466,0,0.040000,0.600000
133266195,84,111010100000111001010101010110100000100100111110010001001001100100101111011000110101,133255835,0,0.080000,0.800000
133266196,83,11100000001110011101010010110100000100100111110010001001000100100111111011001110101,133255835,0,0.100000,1.000000
133266197,78,001100011010101010010100001100100100111110011001001001100100111101011000111111,133255835,0,0.100000,1.000000
133266198,85,0110010001001111101111100101001000001001001111100100010010011001001110110110001111111,133255835,0,0.100000,1.000000
133266199,83,11001001100111110011110010100100010100100111010010001001001100100011011011100111111,133255836,0,0.100000,1.000000
133266200,88,1101110000011011011111110000110100101100110111110010001001000100100101101010000110001110,133255836,0,0.100000,1.000000
133266201,84,111110000011100101010100101001000001001001111100100010010001000001110100111001101000,133255838,0,0.050000,1.000000
133266202,83,10100000001100000101110010110100000100100111110010001001001100100101110011010110101,133255838,0,0.050000,1.000000
133266203,81,100000001011111011110110100100000100100111110010001001000100100111111101110110101,133255838,0,0.050000,1.000000
133266204,84,011001010100111110011110010100100000100100111110010001001001100101101011011000111111,133255838,0,0.050000,1.000000
133266205,82,1001001000100001011111101101000001001001111100100010010001011001101010111001100011,133255838,0,0.050000,1.000000
133266206,81,100000101010000111110110010100000100100111110010001001000100100111101011100110001,133255841,0,0.050000,1.000000
133266207,81,000000011110111111010100100000100100111110010001001000100100110011111000111100110,133255841,0,0.050000,1.000000
133266208,83,10001001100111110011110010100100010100100111010010001001001100100111011011000111111,133255841,0,0.050000,1.000000
133266209,84,111100000001110011101010010110100000100100111110010001001000100100111111011001110101,133255841,0,0.050000,1.000000
133266210,81,110010001011111011111001010010000010010011111001000100100110010011101101101011111,133260440,0,0.030000,0.600000
133266211,83,11100000001110011101010010110100000100100111110010001001000000100111111011001110101,133255842,0,0.200000,1.000000
133266212,85,0100000001011111011111011010010000010010011111001000100100010010011111110111011010111,133255842,0,0.200000,1.000000
133266213,78,000100011010101110010100101110100100111110010011001000100100111111001000111111,133255842,0,0.200000,1.000000
133266214,85,0010000000011100111011100000101000001001001111100100010010001001001111110010011101011,133255843,0,0.200000,1.000000
133266215,76,0010011101010111001010010110000010011111001000100100110010011111101100011101,133255843,0,0.200000,1.000000
133266216,75,000100011100111110101000001001001001111100100010010010001001111110110001101,133257450,0,0.100000,1.000000
133266217,79,0000001011111011010010100000000100100111110010001001000100100111011011000111110,133257450,0,0.100000,1.000000
133266218,82,1000001010100001111101101111000001001001111100100010010001001001111010111001110010,133257451,0,0.032000,0.800000
133266219,89,01011100000110110111111100001101001001001101111100100010010001001001011010100001100011100,133257452,0,0.066667,1.000000
133266220,83,11001000100111110111110010100100000100100111110010001001001100110111011011010111111,133257454,0,0.040000,1.000000
133266221,81,110000000101001110111001010101000100100111110010001001000100100011111001001100101,133257455,0,0.066667,1.000000
133266222,82,1001001000100001011111101101000001001001111100100010010001011001101010111001100011,133259016,0,0.080000,0.800000
133266223,82,0100000001010111011111011010010001000100111110010001001000100100011111101110110101,133257455,0,0.066667,1.000000
133266224,81,110000000101001110111001010101000100100111110010001001000100100011111001001100101,133257455,0,0.066667,1.000000
133266225,85,0100000000111110011111010100110000100100111110010001001001100100111011111000111100110,133257455,0,0.066667,1.000000
133266226,87,011101000100011100101011100101101100011001001111100100010010001001001011110110001101010,133257455,0,0.066667,1.000000
133266227,83,11100000111001111011001000001000010010011111001000100100010010010111101111011010000,133266892,0,0.066667,0.800000
133266228,84,111001000100111110111110010100100000100100111110010001001001100100111011011000111111,133257455,0,0.066667,1.000000
133266229,83,11100000111001111011001000001000010010011111001000100100010010010111101111011010000,133257455,0,0.066667,1.000000
133266230,82,1001001000100001011111101101000001001001111100100010010001011001101010111001100011,133259016,0,0.080000,0.800000
133266231,82,1100000101011000001110110110100000100100111110010001001000100100111101011100100001,133259016,0,0.100000,1.000000
133266232,81,100100010010101011111010100100000100100110110010001001001100100111011011000111111,133259016,0,0.070000,0.700000
133266233,86,11100000011011111111110000110100000110100111110010001001000100100101111010010110001111,133270351,0,0.025000,0.600000
133266234,79,0000000110101011100101001011001001001111100100010010011001001111110110001110111,133245511,0,0.030000,0.600000
133266235,84,011010000000111001010111001011010010010010011111001000100100010010010111101100010100,133257456,0,0.100000,1.000000
133266236,78,000100011010101110010100100110100100111110010011001000100100111111001000111111,133257456,0,0.100000,1.000000
133266237,83,11101010000111100101010101011010000010010011011001000100100010010010111111100011010,133257456,0,0.100000,1.000000
133266238,83,11101010000111100101010101011010000010010011011001000100100010010010111111100011010,133257456,0,0.100000,1.000000
133266239,75,000100011010111000101000001001000001111100100010010001001001111110110001101,133257456,0,0.100000,1.000000
133266240,86,11111010110000111000010101010110100000100100111110010001001000100100101111011000110101,133270351,0,0.025000,0.600000
133266241,83,01000010010111110111110010100100100100100111110110001001001100100111011011000111101,133257456,0,0.100000,1.000000
133266242,74,00000011101111010101011000010010011100001000100100110010011101101100011101,133257456,0,0.100000,1.000000
133266243,83,11101010000111100101010101011010000010010011011001000100100010010010111111100011010,133257456,0,0.100000,1.000000
133266244,86,01001000001010110001011101101101000001001001111100100010010001001001111010111001100011,133257458,0,0.066667,1.000000
133266245,83,10100000001110000101110010110100000100100111110010001000000100100101110111110110111,133257459,0,0.050000,1.000000
133266246,83,10100000001110000101110010110100000100100111110010001001000100100101110111010110101,133265303,0,0.100000,0.600000
133266247,76,0000101111111111100001011010101001001111100100010010001001001010100100111001,133257460,0,0.100000,1.000000
133266248,76,0000010101010111110000001000100101100011110010001001001100100110000100001011,133257460,0,0.080000,0.800000
133266249,73,0010001110011110010100000100100100111110010001001000000100111111011000110,133265303,0,0.100000,0.500000
133266250,75,000100011010111100101000001001000001111100100010010001001001111111110000101,133257461,0,0.200000,1.000000
133266251,88,0101110000011011011111110000110100100100110111110010001001000100100101101010000110001110,133257462,0,0.100000,1.000000
133266252,84,111110000011100101011100101001000001001001111100100010010001001001110100111001101000,133257464,0,0.033333,1.000000
133266253,84,111010001000111001010111001011010000010010011111001000100100010010001101011000110101,133257464,0,0.033333,1.000000
133266254,82,1000000010111110111110010100101100100100111110010001001000100100111011011000111001,133257465,0,0.066667,1.000000
133266255,75,000101011110111100101000001001001001111100100010010000001001111110100001101,133260449,0,0.120000,0.600000
133266256,82,0000000000111001010111000001010100010010011011001000100100110011011111010100110100,133257467,0,0.100000,1.000000
133266257,85,0010000010011100111011100100101000001001001111100100010010001001001111110010011111011,133257467,0,0.100000,1.000000
133266258,76,0000000011101111010001011000010010011111001000100100110010011101101100010101,133257467,0,0.100000,1.000000
133266259,86,11000000011011011111110000110100000100100111110010001001000100100101111010000110001111,133257467,0,0.100000,1.000000
133266260,86,11110010001001111101111100101001000001001001111100100010010011001001110110110001111110,133254155,0,0.046667,0.700000
133266261,83,10100000001110000101110010110100000100100111110010001001000100100101110111010110101,133265304,0,0.060000,0.800000
133266262,86,01100110010001111001011001010010000010010011111001100100100110010011100101100011111110,133259004,0,0.100000,1.000000
133266263,74,00000000111011111101010110000100100111111010001001001100000111010110001110,133259005,0,0.200000,1.000000
133266264,81,100000101011000001110110110100000100100111110010001001000100100111101011100100001,133252598,0,0.200000,1.000000
133266265,87,001100000010011011111110000110100100100100011110010001001000101100101111010000110001111,133259005,0,0.200000,1.000000
133266266,83,01100100010011111001110001010010000000100111110010001001001100100111011011000111111,133259005,0,0.200000,1.000000
133266267,75,000100011011111100101000001001000001111100100010010001001001111110110001101,133259005,0,0.200000,1.000000
133266268,83,10100000001110010101110010110100000100100111110010101001000100100101110011010110101,133252598,0,0.200000,0.800000
133266269,83,11100000010011110001110101100100000100100110110010001000000100100111111001000111101,133259005,0,0.200000,1.000000
133266270,86,11100000011011011111110000110100000100100111110010001001000100100101111010000110001111,133259005,0,0.200000,1.000000
133266271,87,101100000011011011111110000110100100100100111110010001001000101100101111010000110001111,133259005,0,0.200000,1.000000
133266272,75,000001111011111110101010010001001001111100100010010011001001011111110001001,133259006,0,0.100000,1.000000
133266273,83,11001000100111110111110010100000000100100100110010001001000100100111011011000111111,133259007,0,0.200000,1.000000
133266274,82,1110000011110111101100100000100001001011111100100010010001001001011110110001101000,133259008,0,0.100000,1.000000
133266275,84,111000011111011110110010000110100100100111110010001001000100100101111011010110110000,133259008,0,0.100000,1.000000
133266276,81,101000000011100111000100011010000010010011111001000100100010010011110100100111010,133259009,0,0.040000,1.000000
133266277,83,10001001100111110011110010100000010100100111010010001001001100100111011011000111111,133259009,0,0.032000,0.800000
133266278,77,00000001111101111000010100000100100111110110001001000100100101110110001111001,133259010,0,0.040000,1.000000
133266279,86,01000000000101110101100010100100100100100111110010001001001100101111010011000111101011,133259010,0,0.040000,1.000000
133266280,75,000100011000111100101000001001000001111100100010010001001001111110110000101,133259011,0,0.066667,1.000000
133266281,84,111001000100111110011100000100100000100100111010000001101001100100111011111000011111,133252609,0,0.060000,0.600000
133266282,86,10010000010101000010111011011010000010010011111001000100100010010011110101100011000101,133259013,0,0.066667,1.000000
133266283,85,1100010001001111100110101101001000001001001101100100010010011011001110100110001111111,133240460,0,0.060000,0.600000
133266284,78,001100011010101010010100001100100100111110011001001001100100111101011000111111,133259013,0,0.066667,1.000000
133266285,85,1011001000100111110011100010100100000100100111110010001001001100100111011011000111111,133259014,0,0.200000,1.000000
133266286,81,100100010011111001111011100100000100100110110010001001001100100011010110001111111,133259014,0,0.200000,1.000000
133266287,82,0010110000111001010101001011010010010010011111001000100100000010010111010000110101,133259016,0,0.100000,1.000000
133266288,75,000100011010111100101001001001000001111100100010010001001001111110110000101,133247252,0,0.046667,0.500000
133266289,81,000000101110010101110010110100000100100111110010001001000100100111111011000110000,133259016,0,0.100000,1.000000
133266290,83,11010000001111101111100001001001001001001111100101010010001001001100110110001110110,133259017,0,0.066667,1.000000
133266291,83,10100000001110010101110000110100000000100111110010001001000100101101110011011110101,133259017,0,0.053333,0.800000
133266292,83,11010000001111101111100001001001001001001111100101010010001001001100110110001110110,133259017,0,0.066667,1.000000
133266293,81,100000101010000111110110010100000100100111110010001001000100100111101011100110001,133259017,0,0.066667,1.000000
133266294,83,11010000001111101111100001001001001001001111100101010010001001001100110110001110110,133259017,0,0.066667,1.000000
133266295,81,010000000111001010111001011010000010010011111001000100100010010010111001101011001,133259017,0,0.066667,1.000000
133266296,85,0010000010011100111011100100101000001001001111100100010010001001001111110010011101011,133259017,0,0.066667,1.000000
133266297,83,10100000001110010101110010110100000000100111110010001001000100101101110011011110101,133259017,0,0.066667,1.000000
133266298,83,10000000101011101111100101011001001001001111100100010010001001001110110100001111110,133259017,0,0.066667,1.000000
133266299,82,1000001010100001001101101101000001001001111100100010010001001001111000101001100010,133259017,0,0.066667,1.000000
133266300,85,0010000010011100111011100100101000001001001111100100010010001001001111110010011101011,133259017,0,0.066667,1.000000
133266301,85,1101010000011100101010100101111000001001001111100100010010001001001011110110001101011,133259017,0,0.066667,1.000000
133266302,81,100000001011111011110110100100000100100111110010001001000100100111111101110110101,133259017,0,0.066667,1.000000
133266303,83,11010000001111101111100001001001001001001111100101010010001001001100110110001110110,133259017,0,0.066667,1.000000
133266304,81,100000001011111011110110100100000100100111110010001001000100100111111101110110101,133259017,0,0.066667,1.000000
133266305,83,10100000001110010101110010110100000000100111110010001001000100101101110011011110101,133259017,0,0.066667,1.000000
133266306,83,11010000001111101111100001001001001001001111100101010010001001001100110110001110110,133259017,0,0.066667,1.000000
133266307,83,10000000101011101111100101011001001001001111100100010010001001001110110100001111110,133259017,0,0.066667,1.000000
133266308,84,100100010001110010101010010110100100100100111110010001001000100100011101001000110101,133259017,0,0.066667,1.000000
133266309,81,010000000111001010111001011010000010010011111001000100100010010010111001101011001,133259017,0,0.066667,1.000000
133266310,81,100000101010000111110110010100000100100111110010001001000100100111101011100110001,133259017,0,0.066667,1.000000
133266311,78,000100011010101110010100101110100100111110010011001000100100111110011000111111,133259017,0,0.066667,1.000000
133266312,83,10100000001110010101110010110100000000100111110010001001001100101101110011011110101,133259017,0,0.053333,0.800000
133266313,81,100000101010000111110110010100000100100111010010001001000100100111101010100110001,133260438,0,0.100000,1.000000
133266314,81,100000001111110111110001001000010010011111001000110100110010111101101100011001101,133260438,0,0.100000,1.000000
133266315,82,1000000010111110111110010100101100100100111110010001001000100100111011011000111001,133260438,0,0.100000,1.000000
133266316,83,10111000001111010101010010100100000100100111110010001001000100100111010111001101001,133260440,0,0.050000,1.000000
133266317,77,00000000111110111110001010000010010011111101000100110010010010111011000100100,133260440,0,0.040000,0.800000
133266318,81,000000011110111111010100100000100100111110010001001000100100111011111000111100111,133260440,0,0.050000,1.000000
133266319,78,001100011010101010010100001100100100111110011001001001100100111101011000111111,133260441,0,0.050000,1.000000
133266320,81,100000001011111011110110100100000100100111110010001001000100100111111101110110101,133268604,0,0.050000,1.000000
133266321,84,011001010100111110011110010100100000100100111110010001001001100101101011011000111111,133230485,0,0.040000,0.700000
133266322,79,0000010011110111110001001111000010010010111001000100100010010010111101100010111,133230485,0,0.033333,0.700000
133266323,84,111001000110111110011110011100100000100101111111010001001001000100011011111100111111,133260441,0,0.050000,1.000000
133266324,84,111010001000111001010111001011010000010010011111001000100100010010001101011000110101,133260441,0,0.050000,1.000000
133266325,84,111010001000111010101110110110100000100100111110010001001000100100101011011000110101,133268604,0,0.050000,1.000000
133266326,86,10010000010101000010111011011010000010010011111001000100100010010011110101100011000111,133260441,0,0.050000,1.000000
133266327,84,111001000100111110111110010100100000100110111110010001001001100100111011011000111111,133260441,0,0.050000,1.000000
133266328,81,100000001011111011110110100100000100100111110010001001000100100111111101110110101,133260441,0,0.050000,1.000000
133266329,81,100000001011111011110110100100000100100111110010001001000100100111111101110110101,133260441,0,0.050000,1.000000
133266330,82,1110000011110111101100100000100001001011111100100010010001001001011110110101101000,133260442,0,0.100000,1.000000
133266331,82,1000000010111110111110010100101100100100111110010001001000100100111011011000111001,133260442,0,0.100000,1.000000
133266332,83,01000000010111110111110110100100000100100111110010001001000100100111111101110110101,133260442,0,0.100000,1.000000
133266333,88,0101110000011011011111110000110100100100110111110010001001000100100101101010000111001110,133260442,0,0.100000,1.000000
133266334,84,110110000011100101010100101001000001001001111101100010010001001001110100111001101000,133260442,0,0.100000,1.000000
133266335,82,0101010100111110011110010100100000100100111110010001001001100101101011011000111111,133260442,0,0.000000,0.000000
133266336,82,1000000010111110111110010100101100100100111110010001001000100100111011011000111001,133260442,0,0.100000,1.000000
133266337,82,0000000000111001000111000011010100010010011111001000100100110011011111010100110101,133260442,0,0.100000,1.000000
133266338,75,000100011100111110101000001001001001111100100010010010001001111110110001101,133241964,0,0.200000,0.700000
133266339,75,000001111011111110101010010001001001111100100010010010001001011111110001001,133238709,0,0.200000,0.600000
133266340,86,11100000011011011111110000110100100100100111110010001001000100100101111010000110001111,133238709,0,0.200000,0.500000
133266341,86,11100000011011011111110000110100100100100111110010001001000100100101111010000110001111,133260443,0,0.200000,1.000000
133266342,84,111000000101111001111100111001001001001000111100100010110101001001100110110000011010,133238709,0,0.200000,0.500000
133266343,84,111000000101111001111100111001001001001000111100100010110101001001100110110000011010,133260443,0,0.200000,1.000000
133266344,84,111011000100111110011110010100000000100100111110010001001001100100111011110001111111,133260444,0,0.200000,1.000000
133266345,83,01000010010111100111110010100101100100100111110010001001000100110111011011000111001,133260444,0,0.200000,1.000000
133266346,85,0110000001101101111111000011010010010010111111001000100100010010010111101000011000111,133260444,0,0.160000,0.800000
133266347,77,11000000011101111010001011000010010011111001000100100110010011101101100011101,133260444,0,0.200000,1.000000
133266348,84,111100000001110011101010010110100000100100111110010001001000100100111101011001110101,133260444,0,0.200000,1.000000
133266349,84,111001000100111110111110010100100000100100111110010001001001100100111011011000111111,133260444,0,0.200000,1.000000
133266350,83,11001000100111110111110010100000000100100100110010001001001100100111011011000111111,133260444,0,0.200000,1.000000
133266351,77,00000010111011110100010110000100100111110010001001001100100111011011101111011,133260444,0,0.200000,1.000000
133266352,83,11001000100111110111110010100000000100100100110010001001001100100111011011000111111,133260444,0,0.200000,1.000000
133266353,83,01000010010111110111110110100100000100100111110010001001000100100111111101110110101,133260444,0,0.200000,1.000000
133266354,77,00000010111011110100010110000100100111110010001001001100100111011011101111011,133260444,0,0.200000,1.000000
133266355,85,1001000001010110001011101101101000001001001111100100010010001001000111010111001100011,133238705,0,0.066667,0.600000
133266356,81,000000101110010001110010110100000100100111110010001001000100100111111011000110000,133260445,0,0.066667,1.000000
133266357,84,100010000011101110011101010000000010010011111001000100100010010011101110010011110010,133238705,0,0.066667,0.600000
133266358,82,1000000010111110111110010100101100100100111110010001001000100100111011011000111001,133238705,0,0.066667,0.600000
133266359,83,11001000100111110011110110100100000100100111110011001001000100100111010110001111111,133260446,0,0.066667,1.000000
133266360,86,10100000011011011111110000110100000100100111110010001001000100100101011010010110001111,133259011,0,0.066667,0.800000
133266361,83,01000010010111100111110010100101100100100111110010001001000100110111011011000111001,133260446,0,0.066667,1.000000
133266362,84,111011000100111110011110010100000000100100111110010001001001100100111011110001111111,133260446,0,0.066667,1.000000
133266363,82,1110000011100111101100100000100001001001111100100010010001001001011110111101101000,133260446,0,0.066667,1.000000
133266364,77,00000010111011110100010110000100100111110010001001001100100111011011101111011,133260446,0,0.066667,1.000000
133266365,83,11100000001110011101010010110100000100100111110010001001000100100111101011001110101,133260446,0,0.066667,1.000000
133266366,85,0000000000010100101011111111100110001001001111100100010010001001001111010110001011011,133259011,0,0.066667,0.800000
133266367,77,00000010111011110100010110000100100111110010001001001100100111011011101111011,133260446,0,0.066667,1.000000
133266368,82,1110000011100111101100100000100001001001111100100010010001001001011110111101101000,133260446,0,0.066667,1.000000
133266369,79,0100100111101111110001010111000010010011111001000100100010010010111101000010101,133260446,0,0.066667,1.000000
133266370,84,111100000001110011101010010110100000100100111110010001001000100100111101011001110101,133260446,0,0.066667,1.000000
133266371,83,11001000100111110111110010100000000100100100110010001001001100100111011011000111111,133260446,0,0.066667,1.000000
133266372,84,010000000101111101111100111001001001001001101100100010010001001001110110110001011010,133259011,0,0.066667,0.700000
133266373,80,00000000111110111110100101010001001001111100100010010001001001011101100011010011,133260447,0,0.200000,1.000000
133266374,76,0000010101010111110000001000100101100111110010001001001100100110000110001011,133260447,0,0.200000,1.000000
133266375,80,00000000011111011111000010100000100100111110010001001000100100101110110011101001,133260447,0,0.200000,1.000000
133266376,76,0000010101010111110000001000100101100111110010001001001100100110000110001011,133260447,0,0.200000,1.000000
133266377,81,100000101010000111110110010100000100100111110010001001000100100111101011100110001,133260447,0,0.200000,1.000000
133266378,80,00000000011111011111000010100000100100111110010001001000100100101110110011101001,133260447,0,0.200000,1.000000
133266379,75,000101010110111100101000001001001001111100100010010001001001111110100001101,133260447,0,0.200000,1.000000
133266380,86,11100000011011011111110000110100000100100111110010001001000100100101111010010110001111,133260447,0,0.200000,1.000000
133266381,76,0000101111111111100001011010101001001111100100010010001001001010100100111001,133260447,0,0.200000,1.000000
133266382,84,111100000001110011101010010110100000100100111110010001001000100100111111011001110101,133260447,0,0.200000,1.000000
133266383,82,0000000111101111110101001000001001001111100100010010001001001010111110001111001101,133260447,0,0.200000,1.000000
133266384,80,00000000111110111110100101010001001001111100100010010001001001011101100011010011,133260447,0,0.200000,1.000000
133266385,86,10010000010101000011111011011010000010010011111001000100100010010011110101110011000110,133260448,0,0.066667,1.000000
133266386,79,0100100111101111110001010111000010010011111001000100100010010010111101100010101,133260449,0,0.200000,1.000000
133266387,89,01011100000110110111111100001101001001001101111100100010010001001001011010100001100011100,133260450,0,0.100000,1.000000
133266388,75,000100011010111100101000001001000001111100100010010001001001111110110001101,133260451,0,0.100000,1.000000
133266389,83,11001000100111110111110010100100000100100111110010001001001100100111011011010111111,133260452,0,0.100000,1.000000
133266390,82,0100000000111010111110000010100000100100111110010001001000100000111110110000101001,133260452,0,0.100000,1.000000
133266391,83,11001000100111110111110010100100000100100110110010001001001100100111011011000101111,133260452,0,0.100000,1.000000
133266392,82,1000000001110011101010010110100010100100111110010001001000000100111111001001110101,133260452,0,0.100000,1.000000
133266393,84,110101010001110110101110010110100000100100111110010001001001100100111111000000100101,133260452,0,0.100000,1.000000
133266394,83,10000000101011101111100101011001001001001111100100010010001001001110110100001111110,133260452,0,0.100000,1.000000
133266395,81,011110011100111110000100011100001001001111100110010010001001001011110110001011110,133260452,0,0.100000,1.000000
133266396,75,000100011011111100101000001001000001111100100010010001001001111110110001101,133260452,0,0.100000,1.000000
133266397,82,1000000010111110111110010100101100100100111110010001001000100100111011011000111001,133260452,0,0.100000,1.000000
133266398,83,10000000001110000101110000110001000100100111110010001001001100110111110101001101011,133260452,0,0.100000,1.000000
133266399,85,0010000010011100111011100100101000001001001110100100010010001001001111110010011101011,133260452,0,0.100000,1.000000
133266400,83,01000001010100101011101101101000001001001110100100010010011001001111010110001100010,133260452,0,0.100000,1.000000
133266401,86,01000000000111110101100010100100100100100111110010001001001000101111010011000111101011,133260453,0,0.100000,1.000000
133266402,82,1010000001111101111100011001001001001001111100100010010001001001100110110001111110,133260453,0,0.100000,1.000000
133266403,76,0000010101010111110000001000100101100111110010001001001100100110000110001011,133265304,0,0.040000,0.600000
133266404,83,00010100000111001010101001011011000010010011111001001100100000010010111000000110101,133260453,0,0.100000,1.000000
133266405,87,011100000011011011111110000110100000100100111110010001001000100100101110010000110001111,133260453,0,0.100000,1.000000
133266406,84,111110000011100101011100101001000001001001111100100010010001001001110100111001101000,133260453,0,0.100000,1.000000
133266407,83,10111000001111010101010010100100000100100111110010001001000100100111010111001101001,133265304,0,0.053333,0.800000
133266408,85,1100010001001111100110101101001000001001001101100100010010011011001110100110001111111,133260453,0,0.100000,1.000000
133266409,82,0010110000111001010101001011010010010010011111001000100100000010010111010000110101,133260454,0,0.066667,1.000000
133266410,84,011010001000111001010111001011010010010010011111001000100100010010010111101100010100,133262177,0,0.040000,1.000000
133266411,79,1000000011111101110100010010001100100111110010001101001100101110110110001100110,133262177,0,0.040000,1.000000
133266412,74,00100011100111000101000001001001001111100100010110000001001111110110011100,133265292,0,0.060000,0.600000
133266413,75,000101011110111100101000001001001001111100100010010001001001111110100001101,133262178,0,0.200000,1.000000
133266414,83,01100000001110011101010010110100000100100111110010001001000100100111111011001110111,133262178,0,0.200000,1.000000
133266415,84,001000001010100101011101101101000001001001110100100010010011001001111010110001100010,133262178,0,0.200000,1.000000
133266416,82,1000000110111110111110010100101100100100111110010001001000100100111011011000111001,133262178,0,0.200000,1.000000
133266417,84,111001000110111110011110011100100000100101111111010001001001000100011011111100111111,133262178,0,0.200000,1.000000
133266418,83,10000000101011101111100111011001001001001111100100010010001001001110110100001111110,133262178,0,0.200000,1.000000
133266419,83,10000000101011101111100101011001001001001111100100010010001001001110110100001111110,133262178,0,0.200000,1.000000
133266420,82,1001001000100001011111101101000001001001111100100010010001011001101010111001100011,133262178,0,0.200000,1.000000
133266421,75,000101011110111100101000001001001001111100100010010001001001111110100001101,133262178,0,0.200000,1.000000
133266422,84,011100000001110011101010010110100000100100111110010001001000100100111111011000100101,133262178,0,0.200000,1.000000
133266423,84,011000000011110011111100001101001101001001111100100010010001001001011110100001100011,133262178,0,0.200000,1.000000
133266424,82,1001001000100001011111101101000001001001111100100010010001011001101010111001100011,133262178,0,0.200000,1.000000
133266425,83,11101010000111110101010101011010000010010011011001000100100010010010111111100011010,133262178,0,0.160000,0.800000
133266426,82,1000000001111011101010110110100010100100111110010001001000100100111111001001110101,133262178,0,0.200000,1.000000
133266427,84,110010001001111101111100101001000001001001111100100010010011001001110110110001111111,133262178,0,0.200000,1.000000
133266428,76,0000100011110111100101000001001001001111100100010010001000001111110110001101,133262178,0,0.200000,1.000000
133266429,83,00000000001110010101110000110101000110100011110010001001001100110111110101001101011,133262179,0,0.160000,0.800000
133266430,79,0000000110101011100101001011001001001111100100010010011001001111110110001111111,133262179,0,0.200000,1.000000
133266431,76,0000101110111111100001011010101001001111100100010010001001001010100100111001,133262179,0,0.200000,1.000000
133266432,86,11100000011011011111110000110100000100100111110010011001000100100101111010000110001011,133262179,0,0.200000,1.000000
133266433,84,000000000011111001111101010011000010010011111001000100100110010011101111100011111011,133262179,0,0.200000,1.000000
133266434,84,011010001000111001010111001011010010010010011111001000100100010010010111101100010100,133262179,0,0.200000,1.000000
133266435,86,11001000001010110001011101101101000001001001111100000010010101001001111010111001100011,133262179,0,0.200000,1.000000
133266436,84,011100000001110011101010010110100000100100111110010101001000100100111111011000100101,133262179,0,0.160000,0.800000
133266437,82,1000000011100111111010100100000100100111110010001001000100100111011111000111100110,133262179,0,0.200000,1.000000
133266438,84,011010001000111001010111001011010010010010011111001000100100010010010111101100010100,133262179,0,0.200000,1.000000
133266439,82,1110000010100111101100100000100001001001111100100010010001001001011110111101101000,133262179,0,0.200000,1.000000
133266440,82,0010110000111001010101001011010010010010011111001000100100000010010111010000110101,133262179,0,0.200000,1.000000
133266441,82,0100000001010111011111011010010001000100111110010001001000100100011111101110110101,133262179,0,0.200000,1.000000
133266442,82,1101000100011100101011100101001001011001000111100100010010001001001011110110001010,133262179,0,0.200000,1.000000
133266443,75,000100011010111100101000001001000001111100100010010001001001111110110001101,133262179,0,0.200000,1.000000
133266444,84,011100000001110011101010010110100000100100111110010001001000100100111111011000100101,133262179,0,0.200000,1.000000
133266445,76,0000101111111111100001011010101001001111100100010010001001001010100100111001,133262179,0,0.200000,1.000000
133266446,84,011100000001110011101010010110100000100100111110010001001000100100111111011000100101,133262179,0,0.200000,1.000000
133266447,82,1000000011100111111010100100000100100111110010001001000100100111011111000111100110,133262179,0,0.200000,1.000000
133266448,84,111000000110110111111100001101000001001001111100100010010001001010111101000011000111,133263569,0,0.080000,0.800000
133266449,83,11100000001110011101010010110100000100100111110010001001000100100111111011001110101,133262180,0,0.100000,1.000000
133266450,81,101111001110011111000010001110000100100111110011001001000100100101111011000101111,133262180,0,0.100000,1.000000
133266451,83,10100000001110010101110010110100000100100111110010001001000100100101110011000110101,133262180,0,0.100000,1.000000
133266452,80,10000000111101111110100001000001001001111100100010000001001011101111100011110011,133263569,0,0.070000,0.700000
133266453,80,01111001110011111100010001110000100100111110011001001000100100101111011000101111,133262180,0,0.100000,1.000000
133266454,83,01000010010111110111110010100100100100100111110110001001001100100111011011000111101,133262180,0,0.100000,1.000000
133266455,83,10111000001110010101010010100100000100100111110010001001000100110111010111001101001,133263569,0,0.080000,0.800000
133266456,84,110101010001110110101110010110100000100100111110010001001001110100101011000000100101,133262180,0,0.100000,1.000000
133266457,83,11100000001110011101010010110100000100100111110010001001000100100111111011001110101,133263569,0,0.080000,0.800000
133266458,84,111010001000111001010111001011010000010010011111001000100100010010001101011000110101,133262182,0,0.100000,1.000000
133266459,82,1000001010100001111101100101000001001001111100100010010001001001111010111001100011,133262182,0,0.100000,1.000000
133266460,82,1100000000111101101000110110100010101100111110010001001000100101111111001001110101,133262182,0,0.000000,0.000000
133266461,86,11100000010011011111110000110100100100100111100010001001100100100101111010000110001111,133240459,0,0.100000,0.400000
133266462,86,10010000010101000010111011011010000010010011111001000100100010010011110101100011000111,133262182,0,0.100000,1.000000
133266463,84,000000000011111001111101010011000010010011111001000100100110010011101111100011110011,133262182,0,0.100000,1.000000
133266464,86,01100110010001111001011001010010000010010011111001100100100110010011100101100011111110,133262182,0,0.100000,1.000000
133266465,86,01110100010001110010101110010110100000100100111110010001001001100100101101011000110101,133262182,0,0.100000,1.000000
133266466,84,011001000100111110111110010100100000100100111110010001001001100100111011011000111111,133240459,0,0.100000,0.600000
133266467,73,0000011110111011101010100100100100111110010001001001100100001111111000110,133240459,0,0.100000,0.500000
133266468,84,101000000011100101011100101101000001001001111100100110010001001001011100110101101010,133262182,0,0.100000,1.000000
133266469,84,011001000100111110111110010100100000100100111110010001001001100100111011011000111111,133262182,0,0.100000,1.000000
133266470,83,11000000001111011101000110010100010101100111110010001001000100100111011001001110101,133262182,0,0.100000,1.000000
133266471,82,1000000001110111101010010110100010100100111110010001001000100100111111001000110101,133262182,0,0.100000,1.000000
133266472,83,00100000001111101111110101001000101001001111100110010010011001001110111110001111001,133262182,0,0.100000,1.000000
133266473,84,101000000011100101011100101101000001001001111100100010010001001001011100110101101010,133262182,0,0.100000,1.000000
133266474,76,0000101111111111100001011010101001001111100100010010001001001010100100011001,133262183,0,0.200000,1.000000
133266475,85,1001000001010110001011101101101000001001001111100100010010001001000111010111001100011,133262183,0,0.200000,1.000000
133266476,77,00000000111110111110001010000010010011111001000100100010010010111011000110100,133262183,0,0.200000,1.000000
133266477,81,100000101010000111110110000100000100100110110010001001000100100111101011100110001,133262183,0,0.200000,1.000000
133266478,86,01100000011011011111110000110100100100100111110010001001000101100101111010000110001111,133262183,0,0.200000,1.000000
133266479,85,1001000001010110001011101101101000001001001111100100010010001001000111010111001100011,133225398,0,0.070000,0.700000
133266480,81,000000000111001010101000001010100100100111110010001001001100110111110101001101001,133262184,0,0.100000,1.000000
133266481,83,11101010000111100101010101011010000010010011011001000100100010010010111111100011010,133262185,0,0.040000,1.000000
133266482,82,1000000010101110111100010101100100100100111111010001001000100100111011011000111101,133230482,0,0.025000,0.500000
133266483,79,0000000001111011111000010100000100100111110010001101000100100101110110001001001,133262185,0,0.040000,1.000000
133266484,84,110101010001110010101010010110100000100100111110010001101000000100011101001000110101,133230482,0,0.025000,0.500000
133266485,76,0000101111111111100001011010001001001111100100010010001001001010100100011001,133230482,0,0.025000,0.500000
133266486,80,00000100010000011101101001000000001001110100100010010001001001111000101001100010,133262185,0,0.040000,1.000000
133266487,82,1000000010101110111100010101100100100100111111010001001000100100111011011000111101,133230482,0,0.025000,0.500000
133266488,76,0000101111111111100001011010001001001111100100010010001001001010100100011001,133262185,0,0.040000,1.000000
133266489,82,1000000011111101110100010010000100100111110010001001001100101111011011000110011010,133262185,0,0.040000,1.000000
133266490,80,00000000011111011111000010100000100100111110010001001000100100101110110011101001,133230482,0,0.025000,0.500000
133266491,84,011001010100111110011110010100100000100100111110010001001001100101101011011000111111,133262185,0,0.040000,1.000000
133266492,84,011001010100111110011110010100100000100100111110010001001001100101101011011000111111,133262185,0,0.040000,1.000000
133266493,80,00000100010000011101101001000000001001110100100010010001001001111000101001100010,133262185,0,0.040000,1.000000
133266494,83,10000101010000101110110010100000100100111110010001001000100100111101011100100001111,133262185,0,0.040000,1.000000
133266495,84,011001010100111110011110010100100000100100111110010001001001100101101011011000111111,133262185,0,0.040000,1.000000
133266496,82,1000000011111101110100010010000100100111110010001001001100101111011011000110011010,133262185,0,0.040000,1.000000
133266497,84,111010001000111001010111001011010000010010011111001000100100010010001101011000110101,133262186,0,0.066667,1.000000
133266498,81,100000101010000111110110010101000100100111110010001001000100100111101011100110001,133262186,0,0.066667,1.000000
133266499,81,100000101010000111110110010100000100100111010010001001000100100111101011100110001,133262186,0,0.066667,1.000000
133266500,76,0001000111001111001010000010010010011111001000100100000010011111101100011011,133262187,0,0.100000,1.000000
133266501,83,01100100001110011001010010110100000100000111110110001001000100100111111001001110101,133262188,0,0.050000,1.000000
133266502,83,10100000001110000101010010110100000100100111110010001001000101100101110011010110101,133262188,0,0.050000,1.000000
133266503,83,10000001001101000111101100001000001001001101100100010010001001001111110010001111011,133262188,0,0.050000,1.000000
133266504,78,000100111010101110010100101100100100111110011001001001100100111111011000111111,133262188,0,0.050000,1.000000
133266505,82,0100000101011000001110110100100000100100111110010001001000000100111101011000100001,133262188,0,0.050000,1.000000
133266506,81,110100000011101011111000010010010000100111110110001001000100100100011011000111110,133262188,0,0.050000,1.000000
133266507,76,0000001001010111110000100000100100100111110010001001000100100110000110001011,133266902,0,0.032000,0.500000
133266508,81,000000101110010101110010110100000100101111110010001001000100100111111011000110000,133262189,0,0.040000,1.000000
133266509,75,000110011110111100101000001001001001111100100010010001001001111110110001101,133255832,0,0.032000,0.800000
133266510,77,00000000111110111110001010000010010011111001000100100010010010111011000110100,133262189,0,0.040000,1.000000
133266511,80,00000000011100101010100000101010010010011111001000100100110011011111010100110100,133262189,0,0.040000,1.000000
133266512,80,00000000111011101010010110100010100100111110010001001000100100111111101000110101,133255832,0,0.040000,1.000000
133266513,82,0010110000101001010101001011010010010010011111001000100100010010010111010000110101,133255832,0,0.032000,0.800000
133266514,82,1000010011110111011100110001100000001001111100100010000011001001010100110101100011,133255832,0,0.024000,0.600000
133266515,82,1000001010100001101101100101000001001001011100100010010001001001111010111001100011,133255832,0,0.028000,0.700000
133266516,82,1101000100011100101011100101101001001011001111100100010010001001001011110110001010,133262189,0,0.040000,1.000000
133266517,83,11001000100111110011110110100100000100100111110011001001000100100111010110001111111,133262190,0,0.050000,1.000000
133266518,83,00000110011110111111110100010000100100110110010001001000100100111011111000111100110,133262190,0,0.050000,1.000000
133266519,82,1001001000100001011111101101000001001001111100100010010001011001101010111001100011,133262190,0,0.050000,1.000000
133266520,84,111001000100111110111110010100100000100100111110010001001001100100111011011000111111,133262190,0,0.050000,1.000000
133266521,76,0000100010100111100101001001001001001111100100010010000001001111110110001101,133262190,0,0.050000,1.000000
133266522,82,1100000001011111011110110100100000100100111110010001001000100100111111101110110101,133262190,0,0.050000,1.000000
133266523,82,1000000001110111101010010110100010100100111110010001001000100100111111001000110101,133262190,0,0.050000,1.000000
133266524,85,1011001000100111110011100010100100000100100111110010001001001100100111011011000111111,133262190,0,0.050000,1.000000
133266525,81,000000011110111111010100100000100100111110010001001000100100111011111000111110110,133262190,0,0.050000,1.000000
133266526,84,111010001000111001010111001011010000010010011111001000100100010010001101011000110101,133262190,0,0.050000,1.000000
133266527,81,000000011110111111010100100000100100111110010001001000100100111011111000111100110,133262190,0,0.050000,1.000000
133266528,82,1001001000100001011111101101000001001000111100100010010001011001101010111001100011,133262190,0,0.050000,1.000000
133266529,87,100100000000111001110111001001010000010010011111001000100100010010011111100100111010110,133262190,0,0.050000,1.000000
133266530,85,1001001001010100001001101101101000001001001111100100010010001001001111010111001100011,133262190,0,0.050000,1.000000
133266531,82,0100100001010010101110011110100000100100111110010001001000100100101111110000111101,133262190,0,0.050000,1.000000
133266532,78,001100001100111110011100111010100101111110010001001000100100111010011000111111,133257468,0,0.070000,0.700000
133266533,77,10000001011101111110101011000010010011111101000100100110000011101111100011101,133257468,0,0.100000,0.600000
133266534,76,0000000011101111110101011000010010011111101000100100110010011101101100011101,133262192,0,0.100000,1.000000
133266535,84,011101000100011100101011100101101000010010011111001000100100010010010111001100011010,133241972,0,0.100000,0.500000
133266536,83,11101010000111100101010101011010000010010011011001000100100010010010111111100011010,133262192,0,0.100000,1.000000
133266537,82,1000001010100001001101101101000001001001111100100010010001001001111000101001100010,133262192,0,0.100000,1.000000
133266538,82,0000000000111001010101000001010100010010011111001000100100110011011111010100110100,133262192,0,0.100000,1.000000
133266539,84,111100000001110001101010010110100000100100111110010001001000100100111101011001110101,133241972,0,0.050000,0.500000
133266540,84,110011001000111100101100101001000001001101111100110010010011001001100101100011111110,133255830,0,0.040000,0.600000
133266541,82,1100000001011111011110110100100000100100111110010001001000100100111111101110110101,133259008,0,0.060000,0.600000
133266542,85,1101000100011100101011100101101000001001001111100100010010000001001010110110001101011,133259008,0,0.050000,0.500000
133266543,83,10110000001110010101010010100100000100110111110010001001000100100111010111001101001,133255830,0,0.033333,0.500000
133266544,83,01000010010111110111110010100101100100100111110010001001000100110111011011000111001,133262193,0,0.200000,1.000000
133266545,82,1101000100101100101011100101101001001001001111100100010010001001001011110110001010,133262193,0,0.200000,1.000000
133266546,85,1100000101010000101110110110100000101100111110010101001000100100111101011010110001010,133262193,0,0.200000,1.000000
133266547,82,1000001010100001001101101101000001001001111100100010010001001001111000101001110010,133255830,0,0.040000,0.600000
133266548,82,1101000100011100101011100101001001001001001111100100010010001001001011110110001010,133255830,0,0.040000,0.600000
133266549,84,010001100000110010101010000010100000100101111110010001001000100100101111010010101011,133262195,0,0.050000,1.000000
133266550,84,111110000011100101010100101001000001001001111100100010010001000001110100111001101100,133254153,0,0.040000,0.600000
133266551,86,01100110010001111001011001010010000010010011111001100100100111010011100101100011111110,133254153,0,0.033333,0.500000
133266552,81,110100000010111011111000010010010000100111110010001001000100100110011011000111110,133262195,0,0.050000,1.000000
133266553,80,00000000011100101010100000101010010010011111001000100100110011011111010100110100,133262195,0,0.050000,1.000000
133266554,81,110100000010111011111000010010010000100111110010001001000100100110011011000111110,133254153,0,0.040000,0.600000
133266555,76,0010001101110111001100010110100100111110010001001000100100111111011000111111,133262195,0,0.050000,1.000000
133266556,84,011000000011110011111100001101001101001001111100100010010001001001011110100001100011,133254153,0,0.040000,0.600000
133266557,81,100000101010000111110110010100000100100011110010001001000100100111101011100110001,133262195,0,0.050000,1.000000
133266558,81,110100000011101011111000010010010000100111110110001001000100100100011011000111110,133254153,0,0.033333,0.500000
133266559,83,10000000001110000101110000110101000100100111110010001001001100110111110101001101011,133262195,0,0.050000,1.000000
133266560,84,011001000100111110011110010100100000100100111110010001001001100100111011011000111111,133262195,0,0.050000,1.000000
133266561,83,10111001001110010101010010100100000100100111110010001001000100100111010111001101001,133254153,0,0.046667,0.700000
133266562,81,110100000011101011111000010010010000100111110110001001000100100100011011000111110,133262195,0,0.050000,1.000000
133266563,76,0000001111111111000010110101010000011111001000100100010010010101001000110011,133262195,0,0.050000,1.000000
133266564,84,011001000100111110011110010100100000100100111110010001001001100100111011011000111111,133262195,0,0.050000,1.000000
133266565,84,011000000011110011111100001101001101001001111100100010010001001001011110100001100011,133254153,0,0.040000,0.600000
133266566,81,100000101010000111110110010100000100100111110010101001000100100111101011100110001,133262195,0,0.050000,1.000000
133266567,82,1100100001110011001110010110100000100000111110010001001000101001111110010011101010,133254153,0,0.033333,0.500000
133266568,81,100000101010000111110110010100000100100011110010001001000100100111101011100110001,133262195,0,0.050000,1.000000
133266569,78,010000101000001111101100101000001001001111100100010010000101101111010111001100,133262195,0,0.050000,1.000000
133266570,77,00000000111110111110001010000010010011111001000100100010010010111011000110100,133262195,0,0.050000,1.000000
133266571,86,01100110010001111001011001010010000010010011111001100100100111010011100101100011111110,133262195,0,0.050000,1.000000
133266572,83,10100000001110010101110010110100000100100111110010001001000100100101110011010110101,133255839,0,0.060000,0.600000
133266573,81,110100000011101011111000010010010000100111110110001001000100100100011011000111110,133262196,0,0.200000,1.000000
133266574,83,10000000001110000101110000110001000100100111110010001001001100110111110101001101011,133262196,0,0.200000,1.000000
133266575,81,100010001111110111010001001000010010011111001000100100110000111101101100011001101,133262196,0,0.200000,1.000000
133266576,84,111010100000111001010101010110100000100100111110010001000000100100101111011000110101,133262196,0,0.160000,0.800000
133266577,83,10000000001110000101110000110101000100100111110010001001001100110111110101001101011,133255839,0,0.060000,0.600000
133266578,84,111010100000111001010101010110100000100100111110010001001000100100101111011000110101,133262196,0,0.200000,1.000000
133266579,84,111001000100111110011110010100100000010100111110010001001001100100111011010001111111,133263556,0,0.066667,1.000000
133266580,84,100000101010000101110110110100000100100111110010001001000100100111101011010110001010,133263556,0,0.066667,1.000000
133266581,78,000100011010101110010100101110100100111110010011001000100100111111011000111111,133263556,0,0.066667,1.000000
133266582,78,000100011010101110010100101110100100111110010011001000100100111111011000111111,133263556,0,0.066667,1.000000
133266583,75,000100011010111100101000001001000001111100100010010001001001111110110001101,133263556,0,0.066667,1.000000
133266584,84,011000000001111011101000110110100010101100111110010001001000100101111111001001110101,133263556,0,0.066667,1.000000
133266585,84,101110000011100101110100101111000001001001111100100010010001001001110101110011010011,133263556,0,0.066667,1.000000
133266586,81,100000001011111011111010010010000000100111110010001001000100100111111101110110101,133263556,0,0.066667,1.000000
133266587,84,101110000011100101110100101111000001001001111100100010010001001001110101110011010011,133263556,0,0.066667,1.000000
133266588,84,111001000100111110011110010100100000010100111110010001001001100100111011010001111111,133263556,0,0.066667,1.000000
133266589,84,100000101010000101110110110100000100100111110010001001000100100111101011010110001010,133263556,0,0.066667,1.000000
133266590,79,0000000110101011100101001011001001001111100100010010011001001111110110001111111,133263556,0,0.066667,1.000000
133266591,81,100000001011111011111010010010000000100111110010001001000100100111111101110110101,133263556,0,0.066667,1.000000
133266592,84,100001101000111100111101101001010001001001101100100010010001001001111111010001111010,133263556,0,0.066667,1.000000
133266593,84,100001101000111100111101101001010001001001101100100010010001001001111111010001111010,133263556,0,0.066667,1.000000
133266594,83,01000001010100101011101101101000001001001110100100010010011001001111010110001100010,133263557,0,0.040000,1.000000
133266595,84,000011000011101110111101010010000010010011111001000100100010010011101111101011110010,133263558,0,0.200000,1.000000
133266596,77,10000000011101111010001111000010010011111001000100100110010011101101100011101,133263558,0,0.200000,1.000000
133266597,80,00000000011111011111000010100000100100111110010001001000100100101110110011101001,133263560,0,0.200000,1.000000
133266598,83,11100000001110011101000010110100000100100111110010001001000100100111111011001110101,133263560,0,0.200000,1.000000
133266599,86,01100100011011011111110000100100100100100111110010001001000100100101111010000110001111,133263560,0,0.200000,1.000000
133266600,77,00000000111110111110001010000010010011111001000100100010010010111011000110100,133263560,0,0.200000,1.000000
133266601,77,00000000111110111110001010000010010011111001000100100010010010111011000110100,133263560,0,0.200000,1.000000
133266602,82,1010000001011101111100001001001001001001111100100010010001001001100110110001111110,133263563,0,0.100000,1.000000
133266603,81,010000000111001010111001011010000010010011111001000100100010010010111001101011001,133263563,0,0.100000,1.000000
133266604,81,110000000101001110111001010101000100100111110010001001000100100011111001001100101,133263563,0,0.100000,1.000000
133266605,82,1000010011110111011100110001100000001001111100100010000011001001010100110101100011,133263563,0,0.100000,1.000000
133266606,83,10111000001111010101010010100100000100100111110010001001000100100111010111001101001,133263563,0,0.100000,1.000000
133266607,82,1000010011110111011100110001100000001001111100100010000011001001010100110101100011,133263563,0,0.100000,1.000000
133266608,86,11100000011011111111110000110100000110100111110010001001000100100101111010010110001111,133263563,0,0.100000,1.000000
133266609,79,0100100111101111110001000111000010010011111001000100111010010010111101100010101,133263563,0,0.100000,1.000000
133266610,84,000000000011111001111101010011000010010011111001000100100110010011101111100011110011,133263566,0,0.066667,1.000000
133266611,83,00000001001010010101111111110011010100100111110010001101000100100111100110001011011,133263566,0,0.066667,1.000000
133266612,80,10000000111101111110100001000001001001111100100010000001001011101111100011110011,133263566,0,0.066667,1.000000
133266613,81,000000011110111111010100100000100100101110010001001000100100111011111000111100110,133263566,0,0.066667,1.000000
133266614,82,0010110000101001010101001011010010010010011111001000100100010010010111010000110101,133263566,0,0.066667,1.000000
133266615,83,10000000000111110011111010000110000100100111110010001001001100100111011110001111001,133263566,0,0.066667,1.000000
133266616,85,1101010000011100101010100101111000001001001111100100010010001001001011110110001101011,133263566,0,0.066667,1.000000
133266617,83,10100000001110010101110010110100000100100111110010001001000100100101110011010110101,133263566,0,0.066667,1.000000
133266618,84,010000000011111001111101010011000010010011111001000100100110010011101111100011110011,133263566,0,0.066667,1.000000
133266619,83,00100000101010001111110110010100001100100111110010001001000010100111101011100110001,133263566,0,0.066667,1.000000
133266620,78,000100100001101111100101001001001001001111100100010010001001001110101110001110,133263566,0,0.066667,1.000000
133266621,85,0001100000001110011001110010110100010100100111110110001001100100110111111001001110101,133263566,0,0.066667,1.000000
133266622,83,11001000100111110111110010000100000100100110110010001001001100100111011011000111111,133263566,0,0.066667,1.000000
133266623,83,11101010000011100101010101011010000010010011111001000100100010010010111101100011010,133263568,0,0.066667,1.000000
133266624,81,100000101011000000110110100100000100100111110010001001000000100111101011100100001,133263568,0,0.066667,1.000000
133266625,83,10100000001100010101110010110100000100100111110010001001001100100101110011010110101,133263568,0,0.066667,1.000000
133266626,86,01100110010001111001011001010010000010010011111001100100100110010011100101100011111110,133263568,0,0.066667,1.000000
133266627,89,01011100000110110111111100001101001001001101111100100010010001001001011010100001100011101,133263568,0,0.066667,1.000000
133266628,77,00000010111011110100010110000100100111110010001001001100100111011011101111011,133263571,0,0.200000,1.000000
133266629,77,00000010111011110100010110000100100111110010001001001100100111011011101111011,133263571,0,0.200000,1.000000
133266630,82,1110000011100111111100100000100001001001111100100010010001001001011110110101101000,133263571,0,0.200000,1.000000
133266631,83,11001000100111110111110010100000000100100100110010001001001100100111011011000111111,133263571,0,0.200000,1.000000
133266632,83,11001000100111110111110010100000000100100100110010001001001100100111011011000111111,133263571,0,0.200000,1.000000
133266633,82,1110000011100111101100100000100001001001111100100010010001001001011110111101101000,133263571,0,0.200000,1.000000
133266634,84,111011000100111110011110010100000000100100111110010001001001100100111011110001111111,133263571,0,0.200000,1.000000
133266635,83,00100000001111101111110101001000101001001111100110010010011001001110111110001111001,133263572,0,0.200000,1.000000
133266636,82,0000000000111001010101000001010100010010011111001000100100110011011111010100110100,133263572,0,0.200000,1.000000
133266637,84,111001000100111110111110010100100000100100111110010001001001100100111011011000111111,133263572,0,0.200000,1.000000
133266638,83,11001000100111110111110010100100000100100110110010001001001100100111011011000111111,133263572,0,0.200000,1.000000
133266639,79,0000000011111011111000010100000100100111110010001001000100100101010110001101001,133263572,0,0.200000,1.000000
133266640,84,011001000100111110011110010100100000100100111110010001001001100100111011011000111111,133263572,0,0.200000,1.000000
133266641,84,110001101001111100111101101001010001001001101100100011010001001001111110010001111010,133263572,0,0.200000,1.000000
133266642,86,10010000010101000010111011011110000010010011111001000100100010010011110101100011000111,133263572,0,0.200000,1.000000
133266643,84,111001000100111110011110010100000000100100111110011001001001100100101011011000111111,133263572,0,0.200000,1.000000
133266644,84,011001000100111110011110010100100000100100111110010001001001100100111011011000111111,133263572,0,0.200000,1.000000
133266645,80,00000100111110111110000101000001001001111100100010010001001000011101100011010010,133263572,0,0.200000,1.000000
133266646,84,011010001000111001010111001011010010010010011111001000100100010010010111101100010100,133263572,0,0.200000,1.000000
133266647,86,11100000011011011110110000110100000100100111110010001001000100100101111010000110001111,133263572,0,0.200000,1.000000
133266648,80,00000100111110111110000101000001001001111100100010010001001000011101100011010010,133263572,0,0.200000,1.000000
133266649,84,011001000100111110011110010100100000100100111110010001001001100100111011011000111111,133263572,0,0.200000,1.000000
133266650,86,10010000010101000010111011011110000010010011111001000100100010010011110101100011000111,133263572,0,0.200000,1.000000
133266651,81,000000101110010101110010110100000100100111110010001001000100100111111011000110000,133263572,0,0.200000,1.000000
133266652,86,11100000011011011110110000110100000100100111110010001001000100100101111010000110001111,133263572,0,0.200000,1.000000
133266653,82,0100000000111010111110000010100000000100111110010001001000100000111110110000101001,133263572,0,0.200000,1.000000
133266654,79,0000000110101011100101001011001001001111100100010010011001001111110110001111111,133263575,0,0.040000,1.000000
133266655,86,11100000011011011111110000110100100100100111110010001001000100100101111010000110001111,133223823,0,0.040000,0.600000
133266656,82,1101000100011100101011100101101001001011001111100100010010001001001011110110001010,133265288,0,0.200000,1.000000
133266657,83,11101010000111100101010101011010000010010011011001000100100010010010111111100011010,133265288,0,0.200000,1.000000
133266658,87,011001000100111110010110010100100000100110111110010001001001100100110011011000111011101,133265288,0,0.200000,1.000000
133266659,85,0000000000010100101011111111100110001001001111100100010010001001001111010110001011011,133265288,0,0.200000,1.000000
133266660,79,0000010011110111110001001111000010010010111001000100100010010010111101100010111,133265288,0,0.200000,1.000000
133266661,85,0000000000010100101011111111100110001001001111100100010010001001001111010110001111011,133265288,0,0.200000,1.000000
133266662,82,1000000001110011101010010110100010100100111110010001001000000100111111001001110101,133265288,0,0.200000,1.000000
133266663,83,11100000001110011101010010110100000100100111110010001001000100100111111011001110111,133265288,0,0.200000,1.000000
133266664,83,10000100101011101111100101011001001001001111100100010010001001001110110100001111110,133265288,0,0.200000,1.000000
133266665,84,011100000001110011101010010110100000100100111110010001001000100100111111011000100101,133265288,0,0.200000,1.000000
133266666,86,10010000000011100111011100100101010001001001111100100010010001001001111110010011101011,133265288,0,0.200000,1.000000
133266667,87,011001000100111110010110010100100000100110111110010001001001100100110011011000111111101,133265288,0,0.200000,1.000000
133266668,82,1101000100011100101011100101101001001011001111100100010010001001001011110110001010,133265288,0,0.200000,1.000000
133266669,85,0000000000010100101011111111100110001001001111100100010010001001001111010110001011011,133265288,0,0.200000,1.000000
133266670,83,10100000001110011101010000110100000100100111110010001001000100100111101001001110101,133265288,0,0.200000,1.000000
133266671,83,11001000100111110111110010100000000100100100110010001001001100100111011011000111111,133265288,0,0.200000,1.000000
133266672,87,011001000100111110010110010100100000100110111110010001001001100100110011011000111111101,133265288,0,0.200000,1.000000
133266673,82,1000000001110011101010010110100010100100111110010001001000000100111111001001110101,133265288,0,0.200000,1.000000
133266674,83,11100000001110011101010010110100000100100111110010001001000100100111111011001110111,133265288,0,0.200000,1.000000
133266675,81,110100000011101011111000010010010000100111110110001001000100100100011011000111110,133265288,0,0.200000,1.000000
133266676,75,000100011100101101101000001001001001111100100010010000001001111110110001101,133257450,0,0.060000,0.600000
133266677,84,111110000011100101010100101001000001001001111100100010010001000001110100111001101000,133265289,0,0.050000,1.000000
133266678,83,10000000001110000101110000110101000100100111110010001001001100110111110101001101011,133265289,0,0.050000,1.000000
133266679,84,111001000100111110011110010100100000110100111110010001001001100100111011010001111111,133257450,0,0.060000,0.600000
133266680,75,000100011011111100101000001001000001111100100010010001001001111110110001101,133252608,0,0.070000,0.600000
133266681,84,110011001000111100101100101001000001001101111100110010010011001001100101100011111110,133265289,0,0.050000,1.000000
133266682,76,0000011001010111110000100000100100100101100010001001000100100110000110001011,133265289,0,0.050000,1.000000
133266683,85,0010000000011100111001100100101000001001001111100100010010001001001111110010011101011,133265289,0,0.050000,1.000000
133266684,83,00010100000111001010101001011011000010010011111001001100100000010010111000000110101,133230485,0,0.060000,0.600000
133266685,83,00010100000111001010101001011011000010010011111001001100100000010010111000000110101,133230485,0,0.060000,0.600000
133266686,87,011100000011011011111110000110100000100101111110010001001000100100101110010000110001111,133265289,0,0.050000,1.000000
133266687,84,000000000011111001111101010011000010010011111001000100100110010011101111100011110011,133257450,0,0.060000,0.600000
133266688,83,10000001001101000111101100001000001001011101100100010010001001001111110010001111011,133265290,0,0.100000,1.000000
133266689,82,0100000001010111011111011010010001000100111110010001001000100100011111101110110101,133265290,0,0.100000,1.000000
133266690,83,01000010011111110111110010100111100100100111110010001101000100110011011011000111001,133265290,0,0.070000,0.700000
133266691,88,1010101000100011100101011100101101000001001001111100100010010001001001011010110001101010,133265290,0,0.100000,1.000000
133266692,83,11100000001100011101010010110100000100100111110010001001000100100111101011001110101,133265290,0,0.100000,1.000000
133266693,82,1100000001011111011110110100100000100100111110010001001000100100111111101110110101,133265290,0,0.100000,1.000000
133266694,85,1011001000100111110011100010100100000100100111110010001001001100100111011011000111111,133265290,0,0.100000,1.000000
133266695,83,10100000001110010101110010110100000100100111110010001001000100101101010011010110101,133265290,0,0.100000,1.000000
133266696,83,10100000001110010101110010110100000100100111110010001001000100101101010011010110101,133265290,0,0.100000,1.000000
133266697,82,1000000010111010111110011100000100101100111111010001001001100100111011011000101101,133265290,0,0.100000,1.000000
133266698,84,011001000100111110111110010100100000100100111110010001001001100100111011011000111111,133265290,0,0.100000,1.000000
133266699,84,110101010001110010101010010110100100100100111110010001001000100100011101001000110101,133265290,0,0.100000,1.000000
133266700,85,1101010000011100101010100101111000001001001111100100010010001001001011110110001101011,133265290,0,0.100000,1.000000
133266701,84,011001000100111110011110010100100000100100111110010001001001100100111011011000111111,133265290,0,0.100000,1.000000
133266702,81,100000101010000111110110010100000100100111110010001001000010100111101011100110001,133265290,0,0.100000,1.000000
133266703,86,10010000010101000011111011011010000010010011111001000100100010010011110101110011000110,133265290,0,0.100000,1.000000
133266704,77,10000011001010111110000100000100100100101110010001001000100100110000110001011,133265290,0,0.100000,1.000000
133266705,80,00000000011111111111000010100000100100111110010001001000100100101110110011101001,133265290,0,0.100000,1.000000
133266706,83,10100000001110010101110010110100000100100111110010001001000100101101110011010110101,133265290,0,0.100000,1.000000
133266707,83,01001000100101010111110010100100000100100110110010001001001100100111011011000111111,133265290,0,0.100000,1.000000
133266708,82,1000000010111110111110011100000100100100111110010001001001100100111011011000101101,133265290,0,0.100000,1.000000
133266709,84,111001000100011110011110010100000000100100111110010001001001100100111011110001111111,133265290,0,0.100000,1.000000
133266710,84,011000000011110011111100001101001101001001111100100010010001001001011110100001100011,133265291,0,0.200000,1.000000
133266711,83,11101010000011100101010101011010000000010011111001000100100010010010111101100011010,133265291,0,0.200000,1.000000
133266712,86,01100000011011011111110000110100100100100111110010001001000101100101111010000110001111,133265291,0,0.200000,1.000000
133266713,77,11000000011101111010001011000010010011111001000100100110010011101101100011101,133265292,0,0.100000,1.000000
133266714,85,1011001000100111110011100010100100000100100111110010001001001110100111011011000111111,133259012,0,0.100000,0.600000
133266715,81,110000000101001110111001010101000100100111110010001001000100100011111001001100101,133265292,0,0.100000,1.000000
133266716,81,110000000101001110111001010101000100100111110010001001000100100011111001001100101,133265292,0,0.100000,1.000000
133266717,81,000000101110010101110010110100000100100111110010001001000100100111111011000110000,133265292,0,0.100000,1.000000
133266718,81,000000101110010101110010110100000100100111110010001001000100100111111011000110000,133259012,0,0.100000,0.600000
133266719,77,11000000011101111010001011000010010011111001000100100110010011101101100011101,133265292,0,0.100000,1.000000
133266720,81,110000000101001110111001010101000100100111110010001001000100100011111001001100101,133259012,0,0.100000,0.600000
133266721,81,110000000101001110111001010101000100100111110010001001000100100011111001001100101,133259012,0,0.100000,0.600000
133266722,85,1011001000100111110011100010100100000100100111110010001001001110100111011011000111111,133265292,0,0.100000,1.000000
133266723,77,11000000011101111010001011000010010011111001000100100110010011101101100011101,133265292,0,0.100000,0.700000
133266724,81,110000000101001110111001010101000100100111110010001001000100100011111001001100101,133259012,0,0.100000,0.600000
133266725,77,11000000011101111010001011000010010011111001000100100110010011101101100011101,133262177,0,0.028000,0.700000
133266726,77,11000000011101111010001011000010010011111001100100100110010011101101100011101,133265292,0,0.080000,0.800000
133266727,81,110000000101001110111001010101000100100111110010001001000100100011111001001100101,133265292,0,0.100000,1.000000
133266728,77,11000000011101111010001011000010010011111001000100100110010011101101100011101,133259012,0,0.100000,0.700000
133266729,75,000100011101111100101000001001001001111100100010010000001001111110110001101,133265293,0,0.066667,1.000000
133266730,83,11000000011100111111010100100000100100101110010001001000100100111011011000111100110,133232169,0,0.046667,0.700000
133266731,75,000100011101111100101000001001001001111100100010010000000001111110110001101,133232169,0,0.033333,0.600000
133266732,85,1101010000011100101010100101111000001001001111100100010010001001001011110110001101011,133265293,0,0.066667,1.000000
133266733,83,11000000011100111111010100100000100100101110010001001000100100111011011000111100110,133265293,0,0.066667,1.000000
133266734,87,110010000000011100111011100100101000001001001111100100010010001001001111110010011101011,133265294,0,0.100000,1.000000
133266735,83,01101000100111110111110010100100000100100111110010001001001100100111011011010111111,133265294,0,0.100000,1.000000
133266736,84,111010001000111001010111001011010000010010011111001000100100010010001101011000110101,133265294,0,0.100000,1.000000
133266737,83,11100000001110011101010010110100000100100111110011001011000100100111111001001010101,133265294,0,0.100000,1.000000
133266738,77,00000000111110111110001010100010010011111001000100100010010010111011000110100,133265294,0,0.100000,1.000000
133266739,84,111001000100111110011110010100100000110100111110010001001001100100111011010001111111,133265294,0,0.100000,1.000000
133266740,83,11100000001110011101010010110100000100100111110010001001000100100111111011001110111,133265294,0,0.100000,1.000000
133266741,84,111100000001110001101010010110100000100100111110010001001000100100111101011001110101,133265294,0,0.100000,1.000000
133266742,87,110010000000011100111011100100101000001001001111100100010010001001001111110010011101011,133265294,0,0.100000,1.000000
133266743,77,00000000111110111110001010000010010011111001000100000010010010111011000110000,133265294,0,0.100000,1.000000
133266744,83,11101010000111100101010101011010000010010010011001000100100010010010111111100011010,133265294,0,0.100000,1.000000
133266745,83,11001000100111110111110010100100000100100110110010001001001100100111011011000111111,133265294,0,0.100000,1.000000
133266746,82,1000000010111110111110011100100100100100111110010001001000100100111011011000101101,133265295,0,0.066667,1.000000
133266747,83,11100000001110011101010010110100000100100111110010001001000100100111111011001110101,133235537,0,0.080000,0.800000
133266748,82,1000000010111110111010011100000100100100111110010000001000100100111011010000101101,133235537,0,0.070000,0.700000
133266749,76,0000001111111111000010110101010000011111001000100100010010010101001000110011,133235537,0,0.080000,0.800000
133266750,76,0000001111111111000010110101010000011111001000100101010010010101001000110011,133235537,0,0.070000,0.700000
133266751,85,1101000000011100001011100101101010001001001111000100010010001001001011110110001101010,133235537,0,0.070000,0.700000
133266752,80,01111001110011111000010001110000100100111110011001001000101100101111011000101111,133235537,0,0.060000,0.600000
133266753,82,1000000001110111101010010110100010100100111110010001001000100100111111001000110101,133235537,0,0.100000,1.000000
133266754,82,1000000010111110111110010100101100100100111110010001001000100100111011011000111001,133235537,0,0.080000,0.800000
133266755,80,00000000011111011111000010100000100100111110010001001000100100101110110001101001,133265295,0,0.066667,1.000000
133266756,83,11100000001110011101010010110100000100100111110010001001000100100111111011001110101,133265296,0,0.050000,1.000000
133266757,81,000000101110010101110010110100000100100111110010001001000100100111111011000110000,133265296,0,0.050000,1.000000
133266758,82,0100000000111010111110000010100000000100111110010001001000100000111110110000101001,133265296,0,0.050000,1.000000
133266759,76,0000001001010111110000100000100100100111110010001001000100100110000110001011,133265296,0,0.050000,1.000000
133266760,75,000100011100111110101000001001001001111100100010010000001001111110110001101,133265296,0,0.050000,1.000000
133266761,75,000100011011111100101000001001000001111100100010010001001001111110110001101,133265296,0,0.050000,1.000000
133266762,85,1001001001010100001011101101101000001001001111100100010010001001001111010111001100011,133265296,0,0.050000,1.000000
133266763,83,00000001001010010101111111110011010100100111110010001101000100100111100110001011011,133265296,0,0.050000,1.000000
133266764,83,10111000001110010101010010100100000100100111110010001001000100100101010111001101001,133265296,0,0.050000,1.000000
133266765,83,10100000001110010101110010110100000100100111110010001001000100100101110011000110101,133265296,0,0.050000,1.000000
133266766,82,0000000111101111110100001000001001001111100100010010001001001010111110001111001101,133265296,0,0.050000,1.000000
133266767,82,1110000011110111101100100000100001001011111100100010010001001001011010110111101000,133265296,0,0.050000,1.000000
133266768,76,0001000111011111001010000010010010011111001000101100000010011111101100011011,133265296,0,0.050000,1.000000
133266769,84,110011001000111100101100101001000001001101111100110010010011001001100101100011111110,133265296,0,0.050000,1.000000
133266770,81,100000101010000111110110010100000100100111010010101001000100100111101011100110001,133265296,0,0.050000,1.000000
133266771,76,0001000111011111001010000010010010011111001000101100000010011111101100011011,133265296,0,0.050000,1.000000
133266772,83,11100000001110011101010010110100000100100111110010001001000100100111111011001110101,133265296,0,0.050000,1.000000
133266773,83,10100000001110000101110010110100000100110111110010000001000100100101110011010110101,133265297,0,0.066667,1.000000
133266774,82,0100000000111010111110000010100000000100111110010001001000100000111110110000101001,133265297,0,0.066667,1.000000
133266775,83,11100000111001111011001000001000010010011111001000100100010010010111101111011010000,133265297,0,0.066667,1.000000
133266776,86,10111000001101101111111000011010010010011011111001000100100010010010110101000110001110,133265297,0,0.000000,0.000000
133266777,84,110101010001110110101110010110100000100100111110010001001001100100101111000000100101,133265297,0,0.066667,1.000000
133266778,85,0010010101001111100111100101001000001001001111100100010010011001011010110110001111110,133265297,0,0.066667,1.000000
133266779,81,110100000011101011111000010010010000100111110110001001100100100100011011000111110,133265297,0,0.066667,1.000000
133266780,84,111000011111011110010010000110100100100111110010001001000100100101111011010110110000,133265297,0,0.066667,1.000000
133266781,81,100000001111011111010100100000100101111110010001001000100100111011111000111100110,133265297,0,0.066667,1.000000
133266782,83,11000000010111110111110010100101100100100111110010001001000100100111011011000111001,133265297,0,0.066667,1.000000
133266783,86,01000000000111110101100010100100100100100111110010001001001000101111010011000111101011,133265298,0,0.066667,1.000000
133266784,82,1000000001110111101010010110100010100100111110010001001000100100111111001000110101,133265298,0,0.066667,1.000000
133266785,82,1000000010111110111110010100101100100100111110010001011000100100111011011000111001,133265298,0,0.066667,1.000000
133266786,81,110100000011101011111000010010010000100111110110001001000100100100011011000111110,133265298,0,0.066667,1.000000
133266787,86,01100110010001111001011001010010000010010011111001100100100110010011100101100011111110,133245516,0,0.025000,0.500000
133266788,76,0000010101010111110000001000100101100111110010001001001100100110000110001011,133265299,0,0.050000,1.000000
133266789,83,10000000101011101111100101011001001001001111100100010010001001001110110100001111110,133265299,0,0.050000,1.000000
133266790,80,00000000011111011111000010100000100100111110010001001000100100101110110011101001,133245516,0,0.050000,0.500000
133266791,82,1110000011100111101100100010100001001001111100100010110001001001011110111101101000,133265299,0,0.050000,1.000000
133266792,82,1101000100011100101011100101001001001001001111100100010010001001001011110110001010,133245516,0,0.050000,0.500000
133266793,82,0000000000111001010101000001010100010010011111001000100100110011011111010100110100,133245516,0,0.050000,0.500000
133266794,82,0111000001111011110110000000010000100100111100010001001000100100111111111010101000,133245516,0,0.025000,0.500000
133266795,84,110101010001110110101110010110100000100100111110010001001001100100101111000000100101,133265299,0,0.050000,1.000000
133266796,80,10000000111101111110100001000001001001111100100010000001001011101111100011110011,133265299,0,0.050000,1.000000
133266797,75,000001111011111110101011000001001001111100100010010011001001011111110001101,133245516,0,0.030000,0.600000
133266798,82,1101000100011100101011100101001001001001001111100100010010001001001011110110001010,133265299,0,0.025000,1.000000
133266799,82,1000000010111110111110011100100100100100111110010001001100100100111011011000111101,133245516,0,0.025000,0.500000
133266800,87,010101100100011100101011100101101000001001001111100100010010001001001011110110001101010,133265299,0,0.050000,1.000000
133266801,83,11100000001110011101010010110100100100100111110010001001000100100111111011001110101,133245516,0,0.050000,0.500000
133266802,82,0100000001010111011111011010010001000100111110010001001000100100011111101110110101,133245516,0,0.050000,0.500000
133266803,84,010001100001110000101010000110100000100100111110010001001000100100101111010010101011,133265299,0,0.050000,1.000000
133266804,84,110101010001110110101110010110100000100100111110010001001001100100101111000000100101,133265299,0,0.050000,1.000000
133266805,80,00000000011111011111000010100000100100111110010001001000100100101110110011101001,133265299,0,0.050000,1.000000
133266806,86,11100000011011011101110000110100000100100111110010001001000100100101111010010110001111,133265299,0,0.050000,1.000000
133266807,76,0000010101011111110000001000100001100111110010001001001100100110000110001011,133245516,0,0.025000,0.500000
133266808,83,10100000001110010101110010110100000100100111110010001001000100100101110011010110101,133265299,0,0.050000,1.000000
133266809,84,011010001000111001010111001011010010010010011111001000100100010010010111101100010100,133265300,0,0.066667,1.000000
133266810,84,011010001000111001010111001011010010010010011111001000100100010010010111101100010100,133265300,0,0.066667,1.000000
133266811,83,11100000001110011101010010110100000100100111110010001001000100100111111011001110101,133265300,0,0.066667,1.000000
133266812,82,0000000000111001010111000001010100010010011011001000100100110011011111010100110110,133265300,0,0.066667,1.000000
133266813,86,11100000011011011111110000110100001100100111110010001001000100100101111010010110001111,133265300,0,0.053333,0.800000
133266814,85,1001000001010100001011000100101000000001001111100100010010001001101111010111001100010,133265300,0,0.066667,1.000000
133266815,81,100000001011111011111011010010100000100111110010001001000100100111111101110110101,133265300,0,0.066667,1.000000
133266816,84,011001000100111110111110010100100000100100111110010001001001100100111011011000111111,133265300,0,0.066667,1.000000
133266817,79,0000000011111011010010100000000100100111110010001001000100100111011011000110110,133265300,0,0.066667,1.000000
133266818,84,110101010001110110101110010110100000100100111110010001001001110100101111000000100101,133265300,0,0.066667,1.000000
133266819,84,011001000100111110111110010100100000100100111110010001001001100100111011011000111111,133265300,0,0.066667,1.000000
133266820,83,11101010000111100101010101011010000010010011011001000100100010010010111111100011010,133265300,0,0.066667,1.000000
133266821,82,1000000110111110111110010100101100100100111110010001001000100100111011011000111001,133265300,0,0.066667,1.000000
133266822,82,1000000110111110111110010100101100100100101110010001001000100100111011011000111001,133265300,0,0.066667,1.000000
133266823,75,000001111011110110101010010001001001111100100010010010001001011111110001001,133265300,0,0.066667,1.000000
133266824,81,100000101010000111110110010100000100100101110010101001000100100111101011100110001,133265300,0,0.066667,1.000000
133266825,84,111010001000111010101100110110100000100100111110010001001000100100101011011000110101,133255834,0,0.070000,0.700000
133266826,84,011101000100011100101011100101101000010010011111001000100100010010010111001100011010,133265301,0,0.100000,1.000000
133266827,81,100000101011000000110110100100000100100111110010001001000000100111101011100100001,133265301,0,0.100000,1.000000
133266828,83,11100000001110011101010010100100000100100111110010001001000100100111111011001110101,133265301,0,0.100000,1.000000
133266829,86,10010000010101000010111011011010000010010011111001000100100010010011110101100011000101,133265301,0,0.100000,1.000000
133266830,84,111010001000111010101110110110100000100100111110010001001000100100101011011000110101,133265301,0,0.100000,1.000000
133266831,83,10100000001110000101110010110100010100100111110010001001000100100101110011010110101,133255834,0,0.080000,0.800000
133266832,85,1111001000100111110111110110100100000100100111110010001001001100100111011011000111111,133265301,0,0.100000,1.000000
133266833,85,1111001000100111110111110110100100000100100111110010001001001100100111011011000111111,133265301,0,0.100000,1.000000
133266834,81,010000000111000010111001011010000010010011111001001001000100100101110111010110101,133255834,0,0.040000,0.400000
133266835,84,010000000011111001111101010011000010010011111001000100100110010011101111100011110011,133265301,0,0.100000,1.000000
133266836,82,1000000001110111101010010010100010100100111110010001001000100100111111001000110101,133265301,0,0.100000,1.000000
133266837,77,00000000111110111110001010000010010011111001000100000010010010111011000110000,133247266,0,0.025000,0.500000
133266838,84,011010001000111001010111001011010010010010011111001000100100010010010111101100010100,133265302,0,0.066667,1.000000
133266839,75,000100011100111100101000001001001001111100100010010001001001111110110001101,133265302,0,0.066667,1.000000
133266840,86,01110100010001110010101110010110100000100100111110010001001000100100101111001000110101,133265302,0,0.066667,1.000000
133266841,80,00000000011111011111000010100000100100111110010001001000100100101110010011101001,133265302,0,0.066667,1.000000
133266842,82,1100000001011111011110110100100000100100111110010001001000100100111111101110110101,133265302,0,0.066667,1.000000
133266843,86,00010000000011100111011100100101000001001001111100100010010001001001111110010011101011,133265302,0,0.066667,1.000000
133266844,86,01110100010001110010101110010110100000100100111110010001001000100100101111001000110101,133265302,0,0.066667,1.000000
133266845,78,001100011010101010010100001100100100011110011001001001100100111101011000111111,133247266,0,0.030000,0.600000
133266846,80,00000000011100101010100000101010010010011111001000100100110011011111010100110100,133247266,0,0.030000,0.600000
133266847,83,11100000001110011101010010110100000100100111110010001001000100100111111011001110101,133265302,0,0.066667,1.000000
133266848,84,111100000001110011101010010110100000100100111110010001001000100100111101011001110101,133265302,0,0.066667,1.000000
133266849,75,000100011100111100101000001001001001111100100010010001001001111111110001101,133265303,0,0.200000,1.000000
133266850,81,100000001010000111110110110100000100100111110010001001000100100111101011100111001,133265303,0,0.200000,1.000000
133266851,81,100000001010000111110110110100000100100111110010001001000100100111101011100111001,133265303,0,0.200000,1.000000
133266852,75,000100011100111100101000001001001001111100100010010001001001111111110001101,133265303,0,0.200000,1.000000
133266853,84,010000000011111001111101010011000010010011111001000100100110010011101111100011110011,133265303,0,0.200000,1.000000
133266854,83,01000010010111110111110010100100100100100111110110001001001100100111011011000111101,133265303,0,0.200000,1.000000
133266855,83,10100000001100010101110010110100000100101111110010001001001100100101110011010110101,133265303,0,0.200000,1.000000
133266856,85,1100101011011111011111001010010000010010011111001001100100110010011101101100011101100,133265303,0,0.200000,1.000000
133266857,80,01000000001110101101100000101000000001001111100100010010001000001111011000010100,133265303,0,0.000000,0.000000
133266858,85,1001000001010110001011101101101000001001001111100000010010101001001111010111101100011,133265304,0,0.066667,1.000000
133266859,82,1010000001111101111100001001001001101001111100100010010001001001100110110001111110,133265304,0,0.066667,1.000000
133266860,85,0010000010011100111011100100101000001001001111100100010010011001001111110010001101011,133260453,0,0.060000,0.600000
133266861,87,011001000100111110010110010100100000100110111110010001011001100100110011011000111111101,133265304,0,0.066667,1.000000
133266862,84,110011001000111100101100101001000001001101111100110010010011001001100101100011111110,133265304,0,0.066667,1.000000
133266863,87,011001000100111110010110010100100000100110111110010001011001100100110011011000111111101,133265304,0,0.066667,1.000000
133266864,77,00000000111110111110001010000010010011111001000100100010010010111011000111100,133262191,0,0.066667,0.600000
133266865,87,011001000100111110010110010100100000100110111110010001011001100100110011011000111111101,133265304,0,0.066667,1.000000
133266866,87,011101000100011100101011100101101000001001001111100100010010001001001011110110001101010,133265304,0,0.066667,1.000000
133266867,77,00000000111110111110001010000010010011111001000100100010010010111011000111100,133265304,0,0.066667,1.000000
133266868,82,1010000001111101111100001001001001101001111100100010010001001001100110110001111110,133265304,0,0.066667,1.000000
133266869,85,1001000001010110001011101101101000001001001111100000010010101001001111010111101100011,133265304,0,0.066667,1.000000
133266870,75,000100011100101101101000001001001001111100100010010000001001111110110001101,133265304,0,0.066667,1.000000
133266871,82,1010000001111101111100001001001001101001011100100010010001001001100110110001111110,133265304,0,0.053333,0.800000
133266872,87,011001000100111110010110010100100000100110111110010001011001100100110011011000111111101,133265304,0,0.066667,1.000000
133266873,85,1011001000100111110011100010100100000100100111110010001001001100100111011011000111111,133265305,0,0.066667,1.000000
133266874,84,101000010011110111011100100001100000001001111100100010000011001001010100110101100011,133265305,0,0.066667,1.000000
133266875,82,1100001010100001111101100101000001001001111100100010010001001101111010011001100011,133245496,0,0.160000,0.800000
133266876,82,1010000001111101111100000001011001001001111100100010010001001001100110110001111110,133265305,0,0.066667,1.000000
133266877,81,100000001111110111010001001000010010011111001000100100110010111101101100011001101,133265305,0,0.066667,1.000000
133266878,86,01100110010001111001011001010010000010010011111001100100100110010011100101100011111110,133265305,0,0.066667,1.000000
133266879,83,11001001100111110011110010100100010100100111010010001001001100100111011011100111111,133265305,0,0.066667,1.000000
133266880,85,1011001000100111110011100010100100000100100111110010001001001100100111011011000111111,133265305,0,0.066667,1.000000
133266881,80,01001001010100001111101100101000011001011111001000100100001010011110101110011000,133245496,0,0.100000,0.500000
133266882,81,100000001111110111010001001000010010011111001000100100110010111101101100011001101,133265305,0,0.066667,1.000000
133266883,78,000100011010101110010100101110100100111110010011001000100100111111001000111111,133265305,0,0.066667,1.000000
133266884,84,110110000011100101010100101001000001001001111101100010010001001001110100111001101000,133265305,0,0.066667,1.000000
133266885,80,00000000011111011111000010100000100100111110010001001000100100101110110011101001,133265305,0,0.066667,1.000000
133266886,83,10000000001110000101110000110101000100100111110010001001001100110111110101001101011,133265305,0,0.066667,1.000000
133266887,80,01001001010100001111101100101000011001011111001000100100001010011110101110011000,133245496,0,0.100000,0.500000
133266888,82,0100101010011111001111001010010000010010011111001000100101100101101011011000111111,133265305,0,0.000000,0.000000
133266889,74,00000011101111010101011000010010011101001000100100110010011101101100011101,133265305,0,0.066667,1.000000
133266910,87,010101000100011100101011100101101000001001001111100100010010001001001011110110001101010,133243644,0,0.060000,0.600000
133266911,82,1110000011100111111100100000100001001001111100100010010001001001011110110101101000,133222210,0,0.100000,1.000000
133266912,82,1100001010011101001111011010101000100100110110010001001000100100111111001000111101,133222210,0,0.100000,1.000000
133266913,84,110010001001111101111100101001000001001001111100100010010011001001110110110001111111,133222210,0,0.100000,1.000000
133266914,82,1000000010111110111110010100101100100100111110010001001000100100111011011000111001,133222210,0,0.100000,1.000000
133266915,84,000000000011111001111111010011000010010011111001000100100110010011101111100011110011,133222210,0,0.100000,1.000000
133266916,84,111000011111011110010010000110100100100111110010001001000100100101111011010110110000,133222210,0,0.100000,1.000000
133266917,77,00000000111110110110001010000010010011111001000100100010010010111011000111100,133222210,0,0.080000,0.800000
133266918,80,00000000011111011111000010100000100100111110010001001000100100101110110011101001,133222210,0,0.100000,1.000000
133266919,82,1000000011110111101010010110100010100100111110010001001000100100111111001000110101,133222210,0,0.100000,1.000000
133266920,84,111000000101111001111100111001001001001001111100100010010101001001100110110010011010,133222210,0,0.100000,1.000000
133266921,84,111000000101111001111100101011000001001001111100100010010001011001100010110000011010,133222213,0,0.066667,1.000000
133266922,85,0100000001011111011111011010010000010010011111001000100100010010011111110111011010111,133222213,0,0.066667,1.000000
133266923,83,00010100000111001010101001011011000010010011111001001100100000010010111000000110101,133222213,0,0.066667,1.000000
133266928,81,000000000111001010101000001010100100100111110010001001001100110111110101001101001,133268588,0,0.030000,0.600000
133266929,83,01000010010111110111110110100100000100100111110010001001000100100111111101110110101,133238693,0,0.032000,0.800000
133266931,79,0000010011110111110001001111000010010010111001000100100010010010111101100010111,133263561,0,0.020000,0.500000
133266932,82,1110000011110111101100100000100001001011111100100010010001001001011010110111101000,133263561,0,0.020000,0.500000
133266933,85,1001000001010110001011101101101000001001001111100100010010001001000111010111001100011,133223823,0,0.066667,1.000000
133266934,82,1000000010101110111100010101100100100100111110010011001000101100111010011000111101,133223823,0,0.066667,1.000000
133266935,84,011101000100011100101011100101101000010010011111001000100100010010010111001100011010,133263561,0,0.020000,0.500000
133266936,75,000100011010111100101000001001000001111100100010010001001001111110110001101,133223829,0,0.050000,1.000000
133266937,85,0010000010011100111011100100101000001001001111100100010010001001001111110010011101011,133247254,0,0.040000,0.800000
133266938,85,1110100000001110010101110010110111000100100111110010001001000100100100111011001110101,133223829,0,0.050000,1.000000
133266939,81,100000101010000111110110010100000100100111110010001001000100100111101011100110001,133223829,0,0.050000,1.000000
133266940,79,0000010001111011111000010100000100100111110010001101000100100111110110001001001,133255825,0,0.050000,0.500000
133266941,84,000011000011101110111101010010000010010011111001000100100010010011101111101011110010,133225396,0,0.100000,1.000000
133266942,76,0000100010100111100101001001001001001111100100010010000001001111110110001101,133225398,0,0.100000,1.000000
133266943,84,110101010001110110101110010110100000100100111110010001001001110100101011000000100101,133225398,0,0.100000,1.000000
133266944,81,100000101010000111110110010101000100100111110010101001000100100111101011100110001,133225398,0,0.100000,1.000000
133266945,84,111100000001110011101110010110100000100100111110010001001000100100111101011001110101,133225398,0,0.100000,1.000000
133266946,84,111100000001110011101110010110100000100100111110010001001000100100111101011001110101,133225398,0,0.100000,1.000000
133266947,84,011100000001110011101010010110100000100100111110010001001000100100111111011001110101,133225398,0,0.100000,1.000000
133266948,82,1100001010011101001111011010101000100100110110010001001000100100111111001000111101,133225398,0,0.100000,1.000000
133266949,83,11101010000011100101010101011010000010010011111001000100100010010010111101100011010,133225398,0,0.100000,1.000000
133266950,83,11100000001110011101010010110100000100100111110010001001000100100111111011001110101,133225398,0,0.100000,1.000000
133266951,75,000000111111111100001011010101000001101100100010010001001001010100100011001,133225398,0,0.100000,1.000000
133266952,80,01111001110011111000010001110000100100111110011001001000100100101111011000101111,133225398,0,0.100000,1.000000
133266953,81,000000011110111111010100100000100100101110010001001000100100111011111000111100110,133225402,0,0.066667,1.000000
133266954,76,0000101111111111100001011010101001001111100100010010001001001010100100111001,133225402,0,0.066667,1.000000
133266955,80,10000101010000011101101001000000001001110100100010010001101001111000101001100010,133232166,0,0.066667,0.600000
133266956,82,1000000010101110111100010101100100100100111110010001001000100100111011011000111101,133232166,0,0.066667,0.800000
133266957,82,0000000000111001000111000011010100010010011111001000100111110011011111010100110101,133225410,0,0.200000,1.000000
133266958,84,110101010001111010101110010110100000100100111110010001001001100100101111001001100101,133225410,0,0.200000,1.000000
133266959,87,011101000100011100101011100101101000001001001111100100010010001001001011110110001101011,133225410,0,0.200000,1.000000
133266960,81,100000101011000000110110110100000100100111110010001001000100100111101011100100001,133233888,0,0.100000,0.800000
133266961,86,11100000011011011111110000110100100100100111110010001001000100100101111010000110001111,133233888,0,0.100000,0.800000
133266962,79,0100100111101111110001010111000010010011111001000100100010010010111101000010101,133225411,0,0.100000,1.000000
133266963,85,0110000001101101111111000011010010010010011111001000100100010010010111101000011000111,133243659,0,0.198413,1.000000
133266969,83,10000000000111110011111010000110000100100111110010001001001100100111011110001111001,133227178,0,0.100000,1.000000
133266970,82,1000000010111110111110011100000100101100111110010001001001100100111011011000101101,133227178,0,0.100000,1.000000
133266971,83,11100000001110011101010010110100000100100111110010001001000100100111111011001110101,133227178,0,0.100000,1.000000
133266972,84,111001000110111110011110011100100000100101111110010001001001000100011011111100111111,133227178,0,0.100000,1.000000
133266973,84,010000000001110000101110000110001000100100111110010001001001100110111110101001101011,133227178,0,0.100000,1.000000
133266974,83,10000000000111110011111010000110000100100111110010001001001100100111011110001111001,133247258,0,0.100000,0.700000
133266975,75,000000111111111100001011010101000001111100100010010001001001010100100011001,133247258,0,0.100000,0.800000
133266983,84,111010001000111010101110110110100000100100111110010001001000100100101011011000110101,133228722,0,0.040000,1.000000
133266995,85,1111001000100111110111110110100100000100100111110010001001001100100111011011000111111,133228726,0,0.200000,1.000000
133266996,82,1000001010110000011101101101000001001001111100100010010001001001111010111001000011,133228726,0,0.200000,1.000000
133266997,86,11100000011011011110110000110100000100100111110010001001000100100101111010000110001111,133228727,0,0.050000,1.000000
133266998,81,000000011110111111010100100000100100111110010001001000100100111011111000111100110,133228727,0,0.050000,1.000000
133266999,83,11100000001110011101010010110100000100100111110011001001000100100111111011001110101,133228731,0,0.066667,1.000000
133267000,84,111001000100111110111110010100100000100100111110010001001001100110111011011000111111,133228731,0,0.066667,1.000000
133267001,82,0010110000111001010101001011010010010010011111001000100100000010010111010000110101,133228731,0,0.066667,1.000000
133267002,83,01000001010100101011101101101000001001001110100100010010011001001111010110001100010,133228731,0,0.066667,1.000000
133267003,82,0010110000111001010101001011010010010010011111001000100100000010010111010000110101,133228731,0,0.066667,1.000000
133267004,82,1000010011110111011100110001100000001001111100100010000011001001010100110101100011,133228731,0,0.066667,1.000000
133267005,79,1000000011110111110100001000001001001111100100010000001001011101111100111110011,133228731,0,0.066667,1.000000
133267006,82,1000000010111110111110010100101100100100111110010001001000100100111011011000111001,133228731,0,0.066667,1.000000
133267007,87,011101000100011100101011100101101000001001001111100100010010001001001011110110001101000,133228731,0,0.066667,1.000000
133267008,83,01000001010100101011101101101000001001001110100100010010011001001111010110001100010,133228731,0,0.066667,1.000000
133267009,84,110101010001110010101010010110100100100100111110010001001000100100011101001000110101,133228731,0,0.066667,1.000000
133267010,82,1000001010110000011101101101000001001001111100100010010001001001111010111001000011,133228731,0,0.066667,1.000000
133267011,79,0000010011110111110001001111000010010010111001000100100010010010111101100010111,133270339,0,0.200000,0.700000
133267012,82,1000000010111010111110011100000100101100111111010001001001100100111011011000101101,133228734,0,0.200000,1.000000
133267013,83,10111000001110010101010010100100000100100111110010001001000100110111010111001101001,133228734,0,0.200000,1.000000
133267014,81,100100010011111001111011100100000100100110110010001001001100100011010110001111111,133228736,0,0.200000,1.000000
133267015,84,011001000100111110011110010100100000100100111110010001001001100100111011011000111111,133228736,0,0.200000,1.000000
133267016,83,01000010011110111011100100001100000001001111100100010000011001001010100110101100011,133228736,0,0.200000,1.000000
133267017,86,01001000001010111001011101101101000001001001111100100010010001001001111010111001100011,133228737,0,0.040000,1.000000
133267018,83,00100000001111101111110101001000101001001111100110010010011001001110111110001111001,133228737,0,0.040000,1.000000
133267019,85,1011001000100111110011100110100100000100100111110010001001001100100111011011000111111,133228738,0,0.050000,1.000000
133267020,83,11000000001111011101000110010100010101100111110010001001000100100111011001001110101,133228738,0,0.050000,1.000000
133267021,87,011101001100011100101011100101101000001001001111100100010010001001001011110110001101010,133228738,0,0.050000,1.000000
133267022,83,11100000001110011101010010110100000100100111110011001001000100100111111001001010101,133230482,0,0.050000,1.000000
133267023,75,000100011010111100101000001001000001111100100010010001001001111110110000101,133230482,0,0.050000,1.000000
133267024,82,1000001000100001111101100101000001001001111100100010010001001001111010111001100011,133265289,0,0.040000,0.800000
133267025,82,1101000100011100111011100101101001001001001111100100010010001001001011110110001010,133230485,0,0.100000,1.000000
133267026,83,10100000001110000101110010110100000100100111110010001001000100100101110111010110111,133230485,0,0.100000,1.000000
133267027,82,1010000001111101111100000001011001001001111100100010010001001001100110110001111110,133265289,0,0.040000,0.800000
133267028,78,100001010100000111010010010000000100111010010001001000110100111100010100110001,133230485,0,0.080000,0.600000
133267029,81,100000001011111011110110100100000100100111110010001001000100100111111101110110101,133230487,0,0.200000,1.000000
133267030,76,0010001101110111001100010110100100111110010001001001100100111111011000111111,133230487,0,0.200000,1.000000
133267031,84,111001000100111110111110010100100000101100111110010001001001100100111011011000111111,133230487,0,0.160000,0.800000
133267032,83,10000101010000101110110010100000100100111110010001001000100100111101011110100001111,133230487,0,0.200000,1.000000
133267033,82,1100000101011000001110110110100000100100111110010001001000100100111101011100100001,133230487,0,0.200000,1.000000
133267034,78,000100011010101110010100101110100100111110010011001000100100111110011000111111,133230487,0,0.200000,1.000000
133267035,83,11001000100111110111110010100100000100100110110010001001001100100111011011000101111,133230492,0,0.033333,1.000000
133267036,84,011001000100111110011110010100100000100100111110010001001001100100111011011000111110,133270337,0,0.033333,0.600000
133267037,83,10000000101011101101100101011001001001001111100100010010001001001110110100001111110,133230492,0,0.033333,1.000000
133267040,85,1001001001010100001011101101101000001001001111100100010010001001001111010111001100011,133249262,0,0.060000,0.600000
133267048,85,1101000100010100101011100101101000001001001111100100011010000001001010110110001101011,133249262,0,0.050000,0.500000
133267049,82,0000000000111001000111000011010100010010011111001000100100110011011111010100110101,133249262,0,0.070000,0.700000
133267050,85,0010000010011100111011100100101000001001001111100100010010001001001111110010011101010,133230500,0,0.066667,1.000000
133267051,82,1000000001110111101010010110100010100100111110010001001000100100111111001000110101,133232157,0,0.066667,1.000000
133267052,82,1101000100011100101011100101001001001001001111100100010010001001001011110110001010,133232161,0,0.040000,0.600000
133267053,83,11100000001110011101010010110100000100100111111010001001000100100111111011001110101,133232161,0,0.066667,1.000000
133267054,83,01000010011110111011100100001100000001001111100100010000011001001010100110101100011,133232163,0,0.050000,1.000000
133267055,83,10000000001110000101110000110001000100100111110010001001001100110111110101001101011,133232163,0,0.050000,1.000000
133267056,84,011000000011110011111100001101101101001001111100100010010001001001011110100001100011,133232163,0,0.050000,1.000000
133267057,78,000000001111101111100010100000100100111110010001001000100100101110110001101001,133232165,0,0.100000,1.000000
133267058,82,1000000010111110111110011100000100100100111110010001001001100100011011011000101101,133232165,0,0.100000,1.000000
133267059,84,110000001101101111111000011010000010010111110010001001000100100001111010000110001111,133232165,0,0.100000,1.000000
133267060,83,10000101010000101110110010100000100100111110010001001000100100111101011110100001111,133225402,0,0.066667,0.600000
133267061,84,110010001001111101111100101001000001001001111100100010010011001001110110110001111111,133232166,0,0.066667,1.000000
133267062,83,11100000001110011101010010110100000100100111110010001001000100100111111011001110111,133232167,0,0.100000,1.000000
133267063,81,110000000101001110111001010101000100100111110010001001000100100011111001001100101,133232167,0,0.100000,1.000000
133267064,85,1011001000100111110011100010100100000100100111110010001001001100100111011011000111111,133232167,0,0.100000,1.000000
133267065,86,00110010001001111100111100101001000101001001111100100010000011001001110110110001111101,133232167,0,0.100000,1.000000
133267066,77,11000000011101111010001011000010010011111001000100100110010011101101100011101,133232167,0,0.100000,1.000000
133267067,82,1000000010111010111110011100000100101100111111010001001001100100111011011100101101,133232167,0,0.080000,0.800000
133267068,79,0000000011111011010010100000000100100111110010001001000100100111011011000111110,133238702,0,0.060000,0.600000
133267069,81,100001001110011101110010010110000100100111110010001001000100100101011011010110101,133232167,0,0.100000,1.000000
133267070,82,1000000001110111101010010110100010100100111110010001001000100100111111001000110101,133232168,0,0.100000,1.000000
133267071,82,1000000010111110111110010100101100100100111110010001011000100100111011011000111001,133232171,0,0.040000,1.000000
133267072,84,111001000100111110011110010100100000100100111110010001001001100100011011111100111111,133265299,0,0.040000,0.800000
133267073,85,0111000000101111001111100101011001001001001111100100010010001011001100010110000011010,133232171,0,0.040000,1.000000
133267074,79,0000000110101011100101001011001001001111100100010010011001001111110110001111111,133232171,0,0.040000,1.000000
133267075,76,0000000011101111010001011000010010011111001000100100110010011101101100111101,133233871,0,0.066667,1.000000
133267076,77,00000000011101111010001011000010010011111001001100100110010011101101100011101,133233871,0,0.066667,1.000000
133267077,83,11100000001110011101010010110100000100100111110010001001000100100111111011001110111,133233871,0,0.066667,1.000000
133267078,85,1011001000100111110011100010100100000100100111110010001001001100100111011011000111111,133233871,0,0.066667,1.000000
133267079,80,00000000011111011111000010100000100100111110010001001000100100101110110011101001,133233871,0,0.066667,1.000000
133267080,84,111000000101111001111100101011000001001001111100100010010001011001100010110000011010,133233871,0,0.066667,1.000000
133267081,79,0000010011110111110001001111000010010010111001000100100010010010111001100010011,133233871,0,0.053333,0.800000
133267082,87,011101000100011100101011100101101100011001001111100100010010001001001011110110001101010,133232169,0,0.066667,0.700000
133267083,76,0000001001010111110000100000100100100111110010001001000100100110000110001011,133265293,0,0.053333,0.800000
133267084,82,0000000000111001100111000011010100010010011111001000100100110011011111010100110101,133232169,0,0.066667,0.700000
133267085,76,0000101111111111100001011010101001001111100100010010001001001010100100111001,133233881,0,0.066667,0.600000
133267086,86,01001000001010110001011101101101000001001001111100100010010001001001111010111001100011,133265293,0,0.053333,0.800000
133267087,79,0000100100001101011100101101001001001001111100100010010001001001110101110001110,133265293,0,0.053333,0.800000
133267088,79,1000000110101011100101001011001001001111100100010010011001001111110110001111111,133265293,0,0.046667,0.700000
133267089,82,1000000011111101111100010010000100100111110010001001001100101111011011000110011011,133233881,0,0.066667,1.000000
133267090,81,100000001011111011110110100100000100100111110010001001000100100111111101110110101,133265293,0,0.053333,0.800000
133267091,85,1111001000100111110111110110100100000100100111110010001001001100100111011011001111111,133265293,0,0.046667,0.700000
133267092,79,0000000001110111110100010010100100100110100010001001000100100111011011000011001,133265293,0,0.040000,0.600000
133267093,82,0000000000111001000111000011010100010010011111001000100100110011011111010100110101,133265293,0,0.046667,0.700000
133267094,84,111001000110111110011110011100100000100101111110010001001001000100011011111100111101,133233881,0,0.066667,1.000000
133267095,84,011001000100111110011110010100100000100100111110010001001001100100111011011000111111,133233881,0,0.066667,1.000000
133267096,85,1101000000011110001011100101101010001001001111000100010010001001001011110110001101010,133265293,0,0.046667,0.700000
133267101,83,11100000111001111011001000001000010010011111001000100100010010010111101111011010000,133270338,0,0.200000,0.800000
133267102,85,1100010001001111100110101101001000001001001101100100010010011011001110100110001111111,133270338,0,0.200000,0.600000
133267103,84,011000000011110011111100001101001101001001111100100010010001001001011110100001100011,133233888,0,0.200000,1.000000
133267104,73,0000011110111011101010100100100100111110010001001001100100001111111000110,133235528,0,0.040000,1.000000
133267105,88,0101110000011011011111110000110100100100110111110010001001000100100001101010000110001110,133235531,0,0.050000,1.000000
133267106,82,1000000001110011101010010110100010100100111110010001001000000100111111001001110101,133235531,0,0.050000,1.000000
133267107,85,0110010001001111101111100101001000001001001111100100010010011001001110110110001111111,133235534,0,0.200000,1.000000
133267108,81,110100000010111011111000010010010000100111110010001001000100100110011011000111110,133235537,0,0.100000,1.000000
133267109,81,110100000010111011111000010010010000100111110010001001000100100110011011000111110,133235537,0,0.100000,1.000000
133267110,84,111001000100111110011110010100100000110100111110010001001001100100110011010001111111,133235537,0,0.100000,1.000000
133267111,82,0100000000111010011111010100110000101001111100100010010011001001110111110001111001,133235537,0,0.100000,1.000000
133267112,80,01101001110011111100010001110000101100111110011001001000100100101111011000101111,133235539,0,0.033333,1.000000
133267113,79,0000000011111011010010100000000100100111110010001001000100100111011011000110110,133235541,0,0.100000,1.000000
133267114,84,110101010001111010101110010110100000100100111110010000001001100100101111001001100101,133235541,0,0.100000,1.000000
133267115,86,01100110010001111001011001010010000010010011111001100110100110010011100101100011111110,133235541,0,0.100000,1.000000
133267116,85,0010000010011100111011110100101000001001001111100100010010001001001111110010011111011,133235541,0,0.080000,0.800000
133267117,86,01000000100011111001111101000011000010010011111001000100100110010011101110100011110011,133235542,0,0.066667,1.000000
133267118,80,10000000111101111110100001000001001001111100100010000001001011101111100011110011,133235542,0,0.066667,1.000000
133267119,87,010101000100011100101011100101101000001001001111100100010010001001001011110110001101010,133235542,0,0.066667,1.000000
133267120,78,000100011010101110010100101110100100111110010011001000100100111111001000111111,133235544,0,0.050000,1.000000
133267121,83,01000010011111110111110010100101100100100111110010001001000100110111011011000111001,133235544,0,0.050000,1.000000
133267122,76,0000001001010111110000100000100100100111110010001001000100100110000110001011,133259004,0,0.100000,1.000000
133267123,85,0010000000011000111011100100101000001001001111100100010010001001001111110010011101011,133259004,0,0.100000,1.000000
133267124,81,000000011110111111010100100000100100111110010001001000100100111011111000111100110,133257459,0,0.040000,0.800000
133267125,83,00000110011110111111110100010000100100110110010001011000100100111011111000111100110,133257459,0,0.040000,0.600000
133267126,80,00000100111110111110000101000001001001111100100010010001001000011111100011010010,133235545,0,0.040000,1.000000
133267127,78,000100011010101110010100101110100100111110010011001000100100111110011000111111,133257459,0,0.040000,0.800000
133267128,83,10100000001110010101110010110100000100100111110010001001000100101101110011010110101,133235545,0,0.040000,1.000000
133267129,83,10100000001110010101110010110100000100100111110010001001000100100101010011010110101,133235545,0,0.040000,1.000000
133267130,86,11100000011011011111110000110100100100100111110010001001000100100101111010000110001111,133235545,0,0.040000,1.000000
133267131,81,000000011110111111010100100000100100111110010001001000100100111011111000111100110,133257459,0,0.040000,0.800000
133267132,83,10100000001110010101110010110100000100100111110010001001000100100101010011010110101,133235545,0,0.040000,1.000000
133267133,87,011000100010011111001111011010010000010010011011001000100100110010011101001100011111110,133235545,0,0.040000,1.000000
133267134,82,1000000010111110111110010100101100100100111110010001001000100100111011011000111001,133235545,0,0.040000,1.000000
133267135,82,1000000010111110111110010100101100100100111110010001001000100100111011011000111001,133235545,0,0.040000,1.000000
133267136,83,10100000001110010101110010110100000100100111110010001001000100100101010011010110101,133235545,0,0.040000,1.000000
133267137,80,00000100111110111110000101000001001001111100100010010001001000011111100011010010,133235545,0,0.040000,1.000000
133267138,86,01000000000111110101100010100100100100100111110010001001001000101111010011000111101011,133235545,0,0.040000,1.000000
133267139,82,1101000100011100101011100101001001001001001111100100010010001001001011110110001010,133235545,0,0.040000,1.000000
133267140,83,10100000001110010101110010110100000100100111110010001001000100101101110011010110101,133235545,0,0.040000,1.000000
133267141,86,01000000000111110101100010100100100100100111110010001001001000101111010011000111101011,133235545,0,0.040000,1.000000
133267142,83,11001000100111110111110010100100000100100110110010001001001100100111011011000111111,133235546,0,0.200000,1.000000
133267143,84,111001000100111110111110010100100000100100111110010001001001100100111011011000111111,133235547,0,0.100000,1.000000
133267144,82,1110000011110111101100100000100001001011111100100010010001001001011010110111101000,133235547,0,0.100000,1.000000
133267145,84,111011000100111110011110010100000000100100111110010001001001100100111011110001111111,133270340,0,0.100000,0.600000
133267146,80,01111001110011111100010001110000100100111110011001001000100100101111011000101111,133237113,0,0.100000,1.000000
133267150,82,1000001010100001111101101101000001001001111100100010010001001001111010111001110010,133237119,0,0.040000,1.000000
133267151,83,00010100000111001010101001011011000010010011111001001100100000010010111000000110101,133237119,0,0.040000,1.000000
133267152,86,11100000011011011111110000110100000100100111110010001001000100100101111010000110001111,133237119,0,0.040000,1.000000
133267153,80,00000000011111011111000010100000100100111110010001001000100100101110110011101001,133237119,0,0.040000,1.000000
133267161,84,010001100000110010101010000010100000100100111110010001001000100100101111010010101011,133237123,0,0.066667,1.000000
133267162,82,1010000011100111111100100000100001001001111100100010010001001001011110110101101000,133238687,0,0.200000,1.000000
133267163,86,01000000100011111001111101000011000010010011111001000100100110010011101110100011110011,133238693,0,0.040000,1.000000
133267164,86,10010000010101000010111011011010000010010011111001000100100010010011110101100011000101,133238693,0,0.040000,1.000000
133267165,85,1100010001001111100110101101001000001001001101100100010010011011001110100110001111111,133268588,0,0.030000,0.600000
133267166,83,01100100001110011001010010110100000100000111110110001001000100100111111001001110101,133238696,0,0.050000,1.000000
133267167,84,111001000100111110011110010100100000100100111110010001001001100100011011111100111111,133238696,0,0.050000,1.000000
133267168,84,011000000011110011111100001101001101001001111100100010010001001001011110100001100011,133238696,0,0.050000,1.000000
133267169,72,001011111111110000101101000100100111100100010010001001001010100100011001,133238699,0,0.100000,1.000000
133267170,82,0110000000111001100110001010100010100100111110010001011000100100111111001001110101,133238699,0,0.100000,1.000000
133267171,75,000001111011111110101010010101001001111100100010010001001001011111110001001,133238699,0,0.100000,1.000000
133267172,88,1101110000011011011111100000110100101100110111110010001001000100100101101010000110001110,133238699,0,0.100000,1.000000
133267173,82,0010110000111001010101001011010010010010011111001000100100000010010111010000110101,133254158,0,0.070000,0.700000
133267174,82,1101000100011110101011100101001001001001001111100100010010101001001011110110001010,133238700,0,0.066667,1.000000
133267175,80,00100100111110111110000101000001001001111100100010010001001000011001100011010011,133254158,0,0.080000,0.800000
133267176,79,0000010011110111110001001111000010010010111001000100100010010010111101100010111,133238700,0,0.066667,1.000000
133267177,84,111001000100111110111110010100100000100110111110010001001001100100111011011000111111,133260445,0,0.040000,0.600000
133267178,81,100000101010000111110110010100000100100111110010001001000100100111101011100110001,133238705,0,0.040000,1.000000
133267179,79,0000010011110111110001001111000010010010111001000100100010010010111101100010111,133238705,0,0.040000,1.000000
133267180,84,011000000011110111111100001101001001001001111100100010010001001001011110100001100011,133238705,0,0.040000,1.000000
133267181,81,100001001111011101110010010110000100100111110010001001000100100101011011010110101,133238706,0,0.040000,1.000000
133267182,75,000100011100111100101000001001001001111100100010010001001001111110110001101,133238707,0,0.066667,1.000000
133267183,78,010000101010000111110110010100001001001111100100010010000101101111010111001100,133238707,0,0.066667,1.000000
133267184,84,111001000100111110011110010100100000110100111110010001001001100100111011010001111111,133238707,0,0.066667,1.000000
133267185,83,11101000000011100101011100101101110001001001111100100000110001001101001110110011010,133238707,0,0.066667,1.000000
133267186,77,00000101111111111100001011010001001001111100100010010001001001010100110011001,133238707,0,0.066667,1.000000
133267187,82,1101000100101100101011100101101001001001001111100100010010001001001011110110001010,133238707,0,0.066667,1.000000
133267188,81,100001001111011101110010010110000100100111110010001001000100100101011011010110101,133238707,0,0.066667,1.000000
133267189,82,1000000010111110111110010100101100100100111110010001001000100100111011011000111001,133238707,0,0.066667,1.000000
133267190,82,1010000001111101111100001001000001101001111100100010010001001001100110110001111110,133238707,0,0.066667,1.000000
133267191,76,0000001001010111110000100000100100100111110010001001000100100110000110001011,133238707,0,0.066667,1.000000
133267192,84,111001000100111110011110010100100000110100111110010001001001100100111011010001111111,133238707,0,0.066667,1.000000
133267193,82,1000000001110111101010010110100110100100111110010001001000100100111111001000110101,133238707,0,0.053333,0.800000
133267194,81,000000101110010001110010110100000100100111110010001001000100100111111011000110000,133238707,0,0.066667,1.000000
133267195,84,110010001001111101111100101001000001001001111100100010010011001001110110110001111111,133238707,0,0.066667,1.000000
133267196,84,011101000100011100101011100101101000010010011111001000100100010010010111001100011010,133238707,0,0.066667,1.000000
133267197,80,00000100111110111110000101000001001001111100100010010001001000011101100011010010,133238707,0,0.066667,1.000000
133267202,82,0100000000111010111110000010100000100100111110010001001000100000111110110000101001,133238709,0,0.100000,1.000000
133267203,74,00000101010101111100000010001000110011111001000100100110010011000011000101,133262182,0,0.000000,0.500000
133267204,83,11100000001110011101010010110100000100100111110010001001000100100111111011001110101,133240460,0,0.100000,1.000000
133267205,75,000001010101011111000000100010010110011111001001001001100100110000110001011,133240460,0,0.100000,1.000000
133267206,82,1010000011100111111100100000100001001001111100100010010001001001011110110101101000,133240461,0,0.050000,1.000000
133267207,87,110010000000011100111011100100101000001001001111100100010010001001001111110010011101011,133240461,0,0.050000,1.000000
133267208,82,1100000001011111011110110100100000100100111110010001001000100100111111101110110101,133240461,0,0.050000,1.000000
133267209,80,10100010001110010101110010110100100100100111110010001001000100100101110110001010,133270342,0,0.100000,0.600000
133267210,83,10111000001111010101010010100100000100100111110010001001000100100111010111001101001,133240463,0,0.100000,1.000000
133267211,83,10100000001110010101110010110100000100100111110010101001000100100101110011010110101,133240463,0,0.100000,1.000000
133267212,87,011101000100011100101011100101101000011001001111100100010010001001001011110110001101010,133255833,0,0.028000,0.700000
133267213,83,01100100001110011001010010110100000100000111110110001001000100100111111001001110101,133240467,0,0.050000,1.000000
133267214,83,01000010011110111011100100001100000001001111100100010000011001001010100110101100011,133240467,0,0.050000,1.000000
133267215,85,0100000001011111011111011010010000010010011111001000100100010010011111110111011010111,133247259,0,0.060000,0.600000
133267216,82,1000000010101110111100010101100100100100111110010001001000100100111011011000111101,133240468,0,0.066667,1.000000
133267217,85,0100000001011111011111011010010000010010011111001000100100010010011111110111011010111,133247259,0,0.060000,0.600000
133267218,88,0101110000011011011111110000111100100100110110110010001001000100100101101010000110001110,133240468,0,0.053333,0.800000
133267219,82,1000001010100001111101100101000001001001111100100010010001001001111010111001100011,133240468,0,0.066667,1.000000
133267220,83,11100000101110011101010010110100000100100111110010001001000100100111111011001110101,133247259,0,0.060000,0.600000
133267221,81,000000101110010001110010110100000100100111110010001001000100100111111011000110000,133240468,0,0.066667,1.000000
133267222,80,00000000011100101010100000101010010010011111001000100100110011011111010100110100,133240468,0,0.066667,1.000000
133267223,84,111100000001110011101010010110100000100100111110010001001000100100111111011001110111,133247259,0,0.060000,0.600000
133267224,82,1110000011110111101100100000100001001011111100100010010001001001011010110111101000,133240468,0,0.066667,1.000000
133267225,85,0100000001011111011111011010010000010010011111001000100100010010011111110111011010111,133247259,0,0.060000,0.600000
133267226,83,10100000001110000101110010110100000100100111110010001001000100100101110111010110111,133240468,0,0.066667,1.000000
133267227,84,111010100000111001010101010110100000100100111110010001001000100100101111011000110101,133240468,0,0.066667,1.000000
133267228,82,1101000100101100101011100101101001001001001111100100010010001001001011110110001010,133240468,0,0.066667,1.000000
133267229,85,0000000010010100101011111111100110101001001111100100011010001001001111010110001011011,133247259,0,0.060000,0.600000
133267230,82,1000001010100001111101101101000001001001111100100010010001001001111010111001110010,133270347,0,0.060000,0.600000
133267231,81,000000101110010001110010110100000100100111110010001001000100100111111011000110000,133240468,0,0.066667,1.000000
133267232,84,111100000001110011101010010110100000100100111110010001001000100100111111011001110111,133240468,0,0.066667,1.000000
133267233,83,01000001010100101011101101101000001001001110100100010010011001001111010110001100010,133240472,0,0.066667,1.000000
133267234,81,100000101010000111110110010100000100100111110010001001000100100111101011100110001,133254155,0,0.053333,0.800000
133267235,86,10010000000011100111011100100101000001001001111100100010010001001001111110010011101011,133240475,0,0.066667,1.000000
133267236,83,01000010011110111011100100001100000001001111100100010000011001001010100110101100011,133270343,0,0.066667,0.500000
133267237,75,000100011101111100101000001001001001111100100010010000001001111110100001101,133240476,0,0.100000,1.000000
133267238,85,1111110000011100100010100101001000001001001111100100010010001001001110100111001101000,133240476,0,0.100000,1.000000
133267239,86,01001000001010100001010000100101000000001001111100100010010001001101111010111001100010,133268592,0,0.040000,0.600000
133267240,88,1101110000011011011111110000110100101100110111110010001001000100100101101010000110001110,133240476,0,0.100000,1.000000
133267241,83,11100000001110011101010010110100000100100111110010001001001100100111111011001110101,133268593,0,0.023333,0.700000
133267242,83,11100000001110011101010010110100000100100111110010001001001100100111111011001110101,133268593,0,0.023333,0.700000
133267243,85,1000011000011101110111101010010000010010011111001000000100010010011101111101011110000,133268593,0,0.023333,0.700000
133267244,76,0000001111111111000010110101010000011111001000100100010010010101001000110011,133260443,0,0.100000,0.800000
133267245,75,000100011010111100101001001001000001111100100010010001001001111110110000101,133238709,0,0.100000,0.600000
133267246,80,01111001110011111000010001110000100100111110011001001000101100101111011000101111,133241965,0,0.066667,1.000000
133267247,80,00001001000011011111001010010010010010011111001000100100010010011001011100011100,133241965,0,0.066667,1.000000
133267248,84,111001000100111110111110010100100000100100111110010001001001100100111011011000111111,133241965,0,0.066667,1.000000
133267249,83,01000001010100101011101101101000001001001110100100010010011001001111010110001100010,133241965,0,0.066667,1.000000
133267250,82,0100100001010010101110011110110000100100111110010001001000100100101111110000111101,133241965,0,0.066667,1.000000
133267251,83,11100000001110011101010010110100000100100111110010001001000100100111111011001110101,133241965,0,0.066667,1.000000
133267252,76,0000001011101111110101011000010010011111101000100100110000011101111100011101,133241965,0,0.066667,1.000000
133267253,77,00000010111011110100010110000100100111110010001001001100100111011011000111011,133241965,0,0.066667,1.000000
133267254,79,0000001011111011010010100000000100100111110010001001000100100111011011000111110,133241965,0,0.066667,1.000000
133267255,79,0000001011111011010010100000000100100111110010001001000100100111011011000111110,133241965,0,0.066667,1.000000
133267256,82,1000100010111110111110010100101100100100111110010001001000100100111011011000111011,133241965,0,0.066667,1.000000
133267257,83,11100000001110011101010010110100000100100111110010001001000100100111111011001110101,133241965,0,0.066667,1.000000
133267258,80,10000000111101111110100001000001001001111100100010000001001011101111100011110011,133241965,0,0.066667,1.000000
133267259,83,11001000001110011101010010110100000100100111110010001001000100100111111011001110101,133241965,0,0.066667,1.000000
133267260,82,1001001000100001011111101101000001001001111100100010010001011001101010111001100011,133241967,0,0.050000,1.000000
133267261,74,00000011101111010101011000010010011101001000100100110010011101101100011101,133241971,0,0.050000,1.000000
133267262,79,0000000110101011100101001011001001001111100100010010011001001111110110001110111,133241971,0,0.050000,1.000000
133267263,82,1000000010111110111110011100100100110100111110010001001100100100111011011000101101,133241972,0,0.100000,1.000000
133267264,84,111001000100111110011110010100100000100100111110010001001001100100111011011000111111,133241972,0,0.100000,1.000000
133267265,85,0010000010011100111011100100101000001001001110100100010010001001001111110010011101011,133241972,0,0.100000,1.000000
133267266,77,00000000111110111110001010000010010011111101000100110010010010111011000110100,133262192,0,0.100000,0.400000
133267267,83,00100000001111101111110101001000101001001111100110010010011001001110111110001111001,133241975,0,0.066667,1.000000
133267268,86,11100000011011011110110000110100000100100111110010001001000100100101111010000110001111,133241975,0,0.066667,1.000000
133267269,84,000000000011111001111101010011000010010011111001000100100110010011101111100011110011,133238706,0,0.040000,0.700000
133267270,81,100000101010000101110110010100000100100111110010001001000101100111101011100110001,133243640,0,0.032000,0.800000
133267271,82,1000000001110111101010010110100010100100111110010001001000100100111111001000110101,133243640,0,0.040000,1.000000
133267272,77,00000010101010111110000001000100101100111110010001001001100100110000110001011,133251031,0,0.024000,0.600000
133267273,83,11100000001110011101110010110100000100100110110010001001000100100111111001101110101,133243645,0,0.100000,1.000000
133267274,76,0000001111101111010001011000010010011111001000100100110010011101101100011101,133243645,0,0.100000,1.000000
133267275,85,0001100000001110011001110010110100010100100111110110001001100100110111011001001110101,133243645,0,0.100000,1.000000
133267276,85,0001100000001110011001110010110100010100100111110110001001100100110111011001001110101,133243645,0,0.100000,1.000000
133267277,83,11100000001110011101110010110100000100100110110010001001000100100111111001101110101,133243645,0,0.100000,1.000000
133267278,78,000000011111011010010100000000100100111110010001001000100100111011011000110110,133243647,0,0.066667,1.000000
133267279,83,11100000001110011101010010110100000100100111110010001001000100100111111011001110101,133243647,0,0.066667,1.000000
133267280,83,00100000101010000101100010010100000000100111100100010010001001101111010111001100010,133243647,0,0.066667,1.000000
133267281,83,11100000001110011101010010110100000100100111110010001001000100100111111011001110101,133243647,0,0.066667,1.000000
133267282,82,1000000001110011101010010110100010100100111110010101001000000100111111001001110101,133243647,0,0.066667,1.000000
133267283,82,0000000000111001010101000001010100010010011111001000100100110011011111010100110100,133243647,0,0.066667,1.000000
133267284,76,0000101111111111100001011010101001001111100100010010001001001010100100111001,133243647,0,0.066667,1.000000
133267285,75,000100011000111100101000001001000001111100100010010001001001111110110000101,133243647,0,0.066667,1.000000
133267297,75,000100011010111100101000001001000001111100100010010001001001111110110001101,133243650,0,0.066667,1.000000
133267298,82,1101000100101100101011100101101001001001001111100100010010001001001011110110001010,133243650,0,0.066667,1.000000
133267299,82,0000000000111001000111000011010100010010011111001000100100110011011111010100110101,133243652,0,0.066667,1.000000
133267300,85,0010000000011100111011100100101000001001001111100100010010001001001111110010011101011,133243652,0,0.066667,1.000000
133267301,84,000000000011111001111101010011000010010011111001000100100110010011101111100011110011,133243652,0,0.066667,1.000000
133267302,84,110010001001111101111100101001000001001001111100100010010011001001110110110001111111,133243652,0,0.066667,1.000000
133267303,87,011100000011011011111110000110100000100100111110010001001000100100101110010000110001111,133268595,0,0.100000,0.500000
133267304,79,0000000110101011100101001011001001001111100100010010011001001111110110001111111,133243653,0,0.100000,1.000000
133267305,82,1000001010100001111101101101000001001001111100100010010001001001111010111001110010,133243653,0,0.100000,1.000000
133267306,83,01000010010111110111110110100100000100100111110010001001000100100111111101110110101,133243653,0,0.100000,1.000000
133267307,87,010101000100011100101011100101101000001001001111100100010010001001001011110110001101010,133243654,0,0.050000,1.000000
133267308,78,000000011111011010010100000000100100111110010001001000100100111011011000110110,133243654,0,0.050000,1.000000
133267309,85,1111100000111001010101001010010010010010011111001000100100010010011101001110011010001,133243654,0,0.050000,1.000000
133267310,85,0100000001011111011111011010010000010010011111001000100100010010011111110111011010111,133243654,0,0.050000,1.000000
133267311,84,011001000100111110011110010100100000100100111110010001001001100100111011011000111111,133243654,0,0.050000,1.000000
133267312,86,00110010001001111100111100101001000101001001111100100010000011001001110110110001111101,133243654,0,0.050000,1.000000
133267313,83,10010001001111101111100101000000001001001101100100010010010010011101101100011111100,133243654,0,0.050000,1.000000
133267314,79,0000000011111011010010100000000100100111110010001000000100100111011011000110110,133243654,0,0.050000,1.000000
133267315,77,00000101111111111100001011010001001001111100100010010001001001010100110011001,133243654,0,0.050000,1.000000
133267316,87,011101000100011100101011100101101000001001001111100100010010001001001011110110001101010,133243654,0,0.050000,1.000000
133267317,82,1000000001110111101010010110100010100100111110010001001000100100111111001000110101,133243654,0,0.050000,1.000000
133267318,87,011101000100011100101011100101101000001001001111100100010010001001001011110110001101010,133243654,0,0.050000,1.000000
133267319,83,10100000001110000101110010110100000100100111110010000001000100100101110011010110101,133243654,0,0.050000,1.000000
133267320,81,110100000011101011111000010010010000100111110110001001000100100100011011000111110,133243654,0,0.050000,1.000000
133267321,83,01000001010100001011101101001000000001001110100100010010001001001111000101001100010,133243654,0,0.050000,1.000000
133267322,83,11000000001111010101000110010100010101100111110010001000000100100111011001001110101,133243654,0,0.050000,1.000000
133267323,80,01111001110011111000010001110000100100111110011001001000101100101111011000101111,133243654,0,0.050000,1.000000
133267324,76,0010001101110111001100010110100100111110010001001001100100111111011000111111,133243654,0,0.050000,1.000000
133267325,82,1000000001110111101010010110100010100100111110010001001000100100111111001000110101,133243654,0,0.050000,1.000000
133267326,79,0100100111101111110001000111000010010011111001000100111010010010111101100010101,133243654,0,0.050000,1.000000
133267327,84,010000000011101001111101010011000010010011111001000100100110010011101111100011110011,133243654,0,0.050000,1.000000
133267328,83,00100000001111101111110101001000101001001111101110010010011001001110111110001111001,133243654,0,0.050000,1.000000
133267329,83,10000000001110000101110000110001000100100111110010001001001100110111110101001101011,133243655,0,0.200000,1.000000
133267330,83,11100000001110011101010010110100000100100111110010001001000100100111111011001110101,133240463,0,0.200000,0.600000
133267331,81,100000001010000111110110110100000100100111010010001001000100100111101011100111001,133243657,0,0.100000,1.000000
133267332,83,11100000001110011101010010110100000100100111110010001001000100100111111011001110111,133243657,0,0.100000,1.000000
133267333,78,001100011010101010010100001100100100111110011001001001100100111101011000111111,133243657,0,0.100000,1.000000
133267334,80,01111001110011111100010001110000100100111110011001001000100100101111011000101111,133243657,0,0.100000,1.000000
133267335,84,100010000011001110011101010000000010010011111001000100100010010011101110010011110010,133243658,0,0.100000,1.000000
133267336,77,00000000111110111110001010000010010011111001000100100010010010111011000111100,133225411,0,0.080000,0.800000
133267337,82,1100000001011111011110110100100000100100111110010001001000100100111111101110110101,133243659,0,0.198413,1.000000
133267338,83,11000000010101110111100010101100100100100111110010011001000111100111010011000111101,133225411,0,0.060000,0.600000
133267339,86,11100000011011011101110000110100000100100111110010001001000100100101111010010110001111,133243659,0,0.198413,1.000000
133267340,86,01001000001010110001011101101101000001001001111100100010010001001001111010111001100011,133243659,0,0.198413,1.000000
133267341,83,01001000100101010111110010100100000100100110110010001001001100100111011011000111111,133243659,0,0.198413,1.000000
133267342,84,011001000100111110111110010100100000100100111110010001001001100100111011011000111111,133243659,0,0.198413,1.000000
133267343,82,1000001010100001111101101101000001001001111100100010010001001001111010111001110010,133243659,0,0.198413,1.000000
133267344,84,110101010001111010101110010110100000100100111110010001001001100100101111001001100101,133225411,0,0.070000,0.700000
133267345,83,10000000101011101111110101011001001001001111100100010010001001001110110100001111110,133243659,0,0.198413,1.000000
133267346,81,100000101010000111110110000100000100100110110010001001000100100111101011100110001,133243659,0,0.198413,1.000000
133267347,80,00001001000011011111001010010010010010011111001000100100010010011001011100011100,133225411,0,0.080000,0.800000
133267348,85,0101000000011100001011100101101000101001001011100100010010001001001011100110101101011,133225411,0,0.080000,0.800000
133267349,83,11100000001110011101010010110100000100100111110011001001000100100111111001001010101,133243660,0,0.066667,1.000000
133267350,84,011001000100111110111110010100100000100100111110010001001001100100111011011000111111,133243660,0,0.066667,1.000000
133267351,83,10000100101011101111100101011001001001001111100100010010001001001110110100001111110,133243660,0,0.066667,1.000000
133267352,75,000100011010111100101000001001000001111100100010010001001001111110110001101,133243660,0,0.066667,1.000000
133267353,80,00000100010000011101101001000000001001110100100010010001001001111000101001100010,133243660,0,0.066667,1.000000
133267354,84,111110000011100101011100101001000001001001111100100010010001001001110100111001101000,133243660,0,0.066667,1.000000
133267355,82,0000000000111001000111000011010100010010011111001000100100110011011111010100110101,133243660,0,0.066667,1.000000
133267356,84,110101010001110010101010010110100100100100111110010001001000100100011101001000110101,133243660,0,0.066667,1.000000
133267357,83,10000100101011101111100101011001001001001111100100010010001001001110110100001111110,133243660,0,0.066667,1.000000
133267358,83,10111001001110010101011010100100000100100111110010001001000100110111010111001101001,133243660,0,0.066667,1.000000
133267359,86,11100000010011011111110000110100100100100111100010001001100100100101111010000110001111,133243660,0,0.066667,1.000000
133267360,83,11100000001110011101010010110100000100100111110011001001000100100111111001001010101,133243660,0,0.066667,1.000000
133267361,83,11000001100111110011110010100100010100100111010010001001001100100111011011000111111,133243660,0,0.066667,1.000000
133267362,87,010010000010101000010111011011010000010010011111001000100100010010011110101100011000101,133243660,0,0.066667,1.000000
133267363,84,010001100000110010101010000010100000100100111110010001001000100100101111000010101011,133243660,0,0.066667,1.000000
133267364,82,0010110000101001010101001011010010010010011111001000100100010010010111010000110101,133243661,0,0.050000,1.000000
133267365,85,0001100000001110011001110010110100010100100111110110001001100100110111111001001110101,133228738,0,0.050000,0.600000
133267366,78,000000001111101111100010100000100100111110010001001000100100101110110001101001,133245494,0,0.066667,1.000000
133267367,75,000101011110111100101000001001001001111100100010010001001001111110100001101,133245494,0,0.066667,1.000000
133267368,84,101110000011100101010100101001000001001001111100100010010001001001110101110011010011,133245494,0,0.066667,1.000000
133267369,85,0000000000010100101011111111100110001001001111100100010010001001001111010110001011011,133245494,0,0.066667,1.000000
133267370,84,111101000001100010101010010110100000100100111110010001001000100100101011011000110101,133245495,0,0.028571,1.000000
133267371,82,1101000000101110111110000100100100001001111100100010010001001001100110110001111101,133245495,0,0.028571,1.000000
133267372,82,1101001100011100101011100101101001001011001111100100010010001001001011110110001010,133245495,0,0.028571,1.000000
133267373,77,10010001101110111001100010110100100111110010001001001100100111101011000111111,133245496,0,0.160000,0.800000
133267374,82,1000001010100001101101100101000001001001011100100010010001001001111010111001100011,133245496,0,0.200000,1.000000
133267375,83,11101010000111100101010101011010000010010011011001000100100010010010111111100011010,133245496,0,0.200000,1.000000
133267376,76,0000001001010111110000100000100100100111110010001001000100100110000110001011,133245496,0,0.200000,1.000000
133267377,81,110100000011101011111000010010010000100111110110001001000100100100011011000111110,133245496,0,0.200000,1.000000
133267378,84,011001000100111110011110010100100000100100111110010001001001100100111011011000111111,133245498,0,0.066667,1.000000
133267379,82,1000000001111011101010110110100010100100111110010001001000100100111111001001110101,133245498,0,0.066667,1.000000
133267380,76,0010001101110111001100010110100100111110010001001001100100111111011000111111,133245498,0,0.066667,1.000000
133267381,86,01000000000111110101100010100100100100100111110010001001001000101111010011000111101011,133245499,0,0.050000,1.000000
133267382,84,111110000011100101010100101001001001001001111100100010010001001001110100111001101000,133245499,0,0.050000,1.000000
133267383,81,100000101010000111110110010100000100100111110010001001000100100111101011100110101,133245499,0,0.050000,1.000000
133267384,85,1101000100011100101011100101101000001001001111100100010010000001001010110110001101011,133245499,0,0.050000,1.000000
133267385,84,100000101010000101110110110100000100100111110010001001000100100111101011010110001010,133245499,0,0.050000,1.000000
133267386,82,1000000001110111101010010110100010100100111110010001001000100100111111001000110101,133245499,0,0.050000,1.000000
133267387,81,100000001010000111110110110100000100100111110010001001000100100111101011100111001,133245501,0,0.050000,1.000000
133267388,84,111001000100111110011110010100100000110100111110010001001001100100111011010101111111,133245501,0,0.050000,1.000000
133267389,84,110101010001111110101110010110100000100100111110010000001001100100101111001001100101,133245501,0,0.050000,1.000000
133267390,83,11001001100111110011110010100100010100100111010010001001001100100111011011100111111,133245501,0,0.050000,1.000000
133267391,84,110110000011100101010100101001000001001001111101100010010001001001110100111001101000,133245501,0,0.050000,1.000000
133267392,86,01100110010001111001011001010010000010010011111001100100100110010011100101100011111110,133245501,0,0.050000,1.000000
133267393,75,000101011110111100101000001001001001111100100010010001001001111110100001001,133245501,0,0.050000,1.000000
133267394,80,01001001010100001111101100101000011001011111001000100100001010011110101110011000,133245501,0,0.050000,1.000000
133267395,84,110101010001111010101110010110100000100100111110010000001001100100101111001001100101,133245501,0,0.050000,1.000000
133267396,80,00000000011100101010100000101010010010011111001000100100110011011111010100110100,133245501,0,0.050000,1.000000
133267397,81,000000000111110111110000101000001001001101100100010010001001001011101100011010010,133245502,0,0.200000,1.000000
133267398,81,100000101010000111110110110100000100100111110010001001000100100110101111100111001,133245502,0,0.200000,1.000000
133267399,85,0010010101001111100111100101001000001001001111100100010010011001011010110110001111110,133245503,0,0.066667,1.000000
133267400,85,0100010001001111100110111101001000001001001101100100010010011011001110100110001111111,133245504,0,0.066667,1.000000
133267401,80,01111001110011101000010001110000100100111110011001001000100100101111011000101011,133245504,0,0.066667,1.000000
133267402,83,11001000100111110111110010100100000100100111110010001001001100100111011011010111111,133245504,0,0.066667,1.000000
133267403,84,110101010001110110101110010110100000100100111110010001001001100100111111000000100101,133245504,0,0.066667,1.000000
133267404,81,100000001110101111101001001000001001001111101100010010001001001101110010001111001,133245504,0,0.066667,1.000000
133267405,83,10100000001110010101110010110100000100100111110010101001000100100101110011010110101,133245504,0,0.066667,1.000000
133267406,83,11001000100111110111110010100100000100100111110010001001001100100111011011010111111,133245504,0,0.066667,1.000000
133267407,83,11001000100111110111110010100100000100100111110010001001001100100111011011010111111,133245504,0,0.066667,1.000000
133267408,81,100000001011111011111011010010000000100111110010001001000100100111111101110110101,133245504,0,0.066667,1.000000
133267409,80,00000100111110111110000101000001001001111100100010010001001000011101100011010010,133245504,0,0.066667,1.000000
133267410,82,1101000100101100101011100101101001001001001111100100010010001001001011110110001010,133245504,0,0.066667,1.000000
133267411,81,110100000010111011111000010010010000100111110010001001000100100110011011000111110,133245504,0,0.066667,1.000000
133267412,80,00000100111110111110000101000001001001111100100010010001001000011101100011010010,133245504,0,0.066667,1.000000
133267413,83,11001000100111110111110010100100000100100111110010001001001100100111011011010111111,133245504,0,0.066667,1.000000
133267414,79,0000001011111011010010100000000100100111110010001001000100100111011011000111110,133245504,0,0.066667,1.000000
133267415,82,1100000101011000001110110110100000100100111110010001001000100100111101011100100001,133245504,0,0.066667,1.000000
133267416,83,10000000011100111010100101101000101001001111100100010010000001001111110110011101011,133245504,0,0.066667,1.000000
133267417,84,011000000001111011101000110110100010101100111110010001001000100101111111001001110101,133268609,0,0.050000,0.800000
133267418,82,1101000101111100101011100101101001001001011111100100010010001001001011110110001010,133268609,0,0.050000,0.700000
133267419,84,111001000100111110011110010100000000100100111110010001001001100100101011001000111111,133245509,0,0.066667,1.000000
133267420,82,1110000011100111111100100000100001001011111100100010010001001001011110110101101000,133245509,0,0.066667,1.000000
133267421,82,0010110000111001010101001011010010010010011111001000100100000010010111010000110101,133245512,0,0.033333,1.000000
133267422,85,1101010001000111010101110010110100000100100111110010001001000100100101011011000110101,133245513,0,0.050000,1.000000
133267423,75,000100011100111110101000001001001001111100100010010000001001111110110001101,133245513,0,0.050000,1.000000
133267424,74,00100111010101110010100101100000100101110010001001001100100111110110011110,133245513,0,0.000000,0.000000
133267425,78,001100011010101010010100001100100100111110011001001001100100111101011000111111,133245513,0,0.050000,1.000000
133267426,84,011001010100111110011110010100100000100100111110010001001001100101101011011000111111,133257451,0,0.024000,0.600000
133267427,81,100000101010000111110110010100000100100111110000001001000100100111101011100110001,133245514,0,0.066667,1.000000
133267428,82,1000001001100001111101100101000001001001111100100010010001001001111010111001100011,133268601,0,0.020000,0.500000
133267429,86,01000000000111110101100010100100100100100111110010001001001000101111010011000111101011,133245515,0,0.040000,1.000000
133267430,81,000000011110111111010100100000100100111110010001001000100100111011111000111100110,133245515,0,0.040000,1.000000
133267431,81,000000011110111111010100100000100100111110010001001000100100111011111000111100110,133245515,0,0.040000,1.000000
133267432,81,100000101010001111110110010100000100100111110010001001000100100111101011100110001,133245515,0,0.032000,0.800000
133267433,84,011100000001110011101010010110100000100100111110010001001000100100111111011000100101,133245515,0,0.040000,1.000000
133267434,80,01111001110011111100010001110000100100111110011001001000100100101111011000101111,133232171,0,0.020000,0.500000
133267435,76,0000001011101111110101011000010010011111101000100100110000011101111100011101,133245516,0,0.050000,1.000000
133267440,83,01001000000111110110110010111100000100100111111011001001000100100111011011000011111,133245518,0,0.100000,1.000000
133267441,84,111000001101111001111100111001001001001001111100100010010001001001100110110010011010,133245520,0,0.200000,1.000000
133267442,85,0010000010011100111011100100101000001001001110100100010010001001001111110010011101011,133245520,0,0.200000,1.000000
133267443,84,110110000011100101010100101001000001001001111101100010010001001001110100111001101000,133245520,0,0.200000,1.000000
133267444,84,110110000011100101010100101001000001001001111101100010010001001001110100111001101000,133245520,0,0.200000,1.000000
133267445,83,01000001010100001011101101001000000001001110100100010010001001001111000101001100010,133245520,0,0.200000,1.000000
133267446,73,0010001110011110010100000100100100111110010001001000000100111111011000110,133245520,0,0.200000,1.000000
133267447,80,01111001110011111100010001110000100100111110011001001000100100101111011000101111,133245520,0,0.200000,1.000000
133267448,84,111000001101111001111100111001001001001001111100100010010001001001100110110010011010,133245520,0,0.200000,1.000000
133267449,75,000001111011011110101010010001001001111100100010010011001001011111110001101,133245520,0,0.200000,1.000000
133267450,83,00000001001010010101111111110011010100100111110010001101000100100111100110001011011,133245520,0,0.200000,1.000000
133267451,83,10100000001110010101110010110100000100100111110010001001000100100101110011010110001,133245520,0,0.200000,1.000000
133267452,81,100010100111101111110001000111000010010011111001000100100010010010111101100011111,133245520,0,0.200000,1.000000
133267453,84,111000001101111001111100111001001001001001111100100010010001001001100110110010011010,133245520,0,0.200000,1.000000
133267454,85,0010000010011100111011100100101000001001001110100100010010001001001111110010011101011,133245520,0,0.200000,1.000000
133267455,77,00100000111110111110001010000010010011111001000100100010010010111011000110100,133245520,0,0.200000,1.000000
133267456,82,0000000111101111110101001000001001001111100100010010001001001010111110001111001101,133268602,0,0.100000,0.600000
133267457,83,10000000000111110011111010000110000100100111110010001001001100100111011110001111001,133268602,0,0.100000,0.600000
133267458,77,11000000011101111010001011000010010011111001000100100110010011101101100011101,133268602,0,0.100000,0.600000
133267459,83,10000000000111110011111010000110000100100111110010001001001100100111011110001111001,133245521,0,0.100000,1.000000
133267460,81,110100000011101011111000010010010000100111110110001001000100100100011011000111110,133245521,0,0.100000,1.000000
133267461,82,1101000100011100101011100101001001001001001111100100010010001001001011110110001010,133266892,0,0.050000,0.800000
133267462,84,101010001000111010101110010110100000100100111110010001001000100100101011011000110101,133247253,0,0.200000,1.000000
133267463,83,11100000001110011101010010110100000100100111110010001001000100100111111011001110101,133247253,0,0.200000,1.000000
133267464,86,10100000011011011111110000110100000100100111110010001001000100100101111010010110001111,133247253,0,0.200000,1.000000
133267465,86,10010000010101000010111011011010000010010011111001000100100010010011110101100011000111,133247253,0,0.200000,1.000000
133267466,81,100010100111101111110001000111000010010011111001000100100010010010111101100011111,133247253,0,0.200000,1.000000
133267467,80,01001001010100001111101100101000011001011111001000100100001010011110101110011000,133247253,0,0.200000,1.000000
133267468,76,0000010101010111110000001000100101100111110010001001001100100110000110001011,133247253,0,0.200000,1.000000
133267469,82,0000010000111001000111000011010100010010011111001000100100110011010111010100110101,133247253,0,0.200000,1.000000
133267470,83,11001000100111110111110010100100000100100110110010001001001100100111011011000101111,133247253,0,0.200000,1.000000
133267471,78,001001001111101111100001010000010010011111001000100100010010000110011000110100,133247253,0,0.200000,1.000000
133267472,85,0000000000010100101011111111100110001001001111100100010010001001001111010110001011011,133247253,0,0.200000,1.000000
133267473,82,1000000010111110111110010100101100100100111110010001001000100100111011011000111001,133247253,0,0.200000,1.000000
133267474,86,10010000010101000010111011011010000010010011111001000100100010010011110101100011001101,133247253,0,0.200000,1.000000
133267475,83,01000010010111110111110110100100000100100111110010001001000100100111111101110110101,133247253,0,0.200000,1.000000
133267476,83,01110000001110011000110010110100000100100111110010001001000100100011101001001110101,133247253,0,0.200000,1.000000
133267477,82,1000001010100101011101101101000001001001111100100010010111001001111010110001100010,133247253,0,0.200000,1.000000
133267478,76,0000011001010111110000100000100100100101100010001001000100100110000110001011,133247253,0,0.200000,1.000000
133267479,86,01100110010001111001011001010010000010010011111001100100100110010011100101100111111110,133247253,0,0.200000,1.000000
133267480,76,0000000011101111010001011000010000011111001000100100110010011101101100011101,133247254,0,0.050000,1.000000
133267481,80,00001001000011011111001010010010010010011111001000100100010010011001011100011100,133247255,0,0.040000,1.000000
133267482,83,11101010000011100101010101111010000000010011111001000100100010010010111101100011010,133247255,0,0.040000,1.000000
133267483,84,110101010001110110101110010110100000100100101110010001001001100100111111000000100101,133247255,0,0.040000,1.000000
133267484,84,100010000011101110011101010000000010010011111001000100100010010011101110010011110010,133268604,0,0.050000,1.000000
133267485,83,10100000001110010101110010110100000100100111110010001001000100101101110011010110101,133247256,0,0.066667,1.000000
133267486,83,11100000001110011101010010110100000100100111110010001001000100100111111011001110101,133247256,0,0.066667,1.000000
133267487,76,0010101101110111001100010110100100111110010001001001100100111111011000111111,133247257,0,0.080000,0.800000
133267488,83,01000000010111110111110110100100000100100111110010001001000100100111111101110110101,133247257,0,0.100000,1.000000
133267489,82,1000000010111110111110010100101100100100111110010001001000100100111011011000111011,133247258,0,0.100000,1.000000
133267490,83,01000010011110111011100100001100000001001111100100010000011001001010100110101100011,133247259,0,0.100000,1.000000
133267491,86,11100000010011011111110000110100100100100111100010001001100100100101111010000110001111,133240468,0,0.046667,0.700000
133267492,73,0010001110011110010100000100100100111110010001001000000100111111011000110,133240468,0,0.053333,0.800000
133267493,82,0100100001010010101100011110100001100100111110010001001000100100101111110000111101,133247264,0,0.100000,1.000000
133267494,83,11100000001110011101010010110000000100100111111010001001000100100111111011001111101,133247264,0,0.100000,1.000000
133267495,84,111000000100110111111100001101001001001001111000100010011001001001011110100001100111,133247265,0,0.000000,0.000000
133267496,81,100010100111101111110001000111000010010011111001000100100010010010111101100011111,133247266,0,0.050000,1.000000
133267497,83,10000000101011101111100101011001001001001111100100010010001001001110110100001111110,133249268,0,0.024000,0.600000
133267498,84,110101010001110110111110010110100000100100101110010001001001100100111111000000100101,133249268,0,0.024000,0.600000
133267499,82,0000000000111001010111000001010100010010011011001000100100110011011111010100110110,133247266,0,0.050000,1.000000
133267500,80,10000000111101111110100001000001001001111100100010000001001011101111100011110011,133247266,0,0.050000,1.000000
133267501,79,0000000110101011100101001011001001001111100100010010011001001111110110001111111,133247266,0,0.050000,1.000000
133267502,84,111100000001110011101010010110100000100100111110010001001000100100101101011001110101,133247266,0,0.050000,1.000000
133267503,84,111001000100111110111110010100100000100100111110010001001001100100111011011000111111,133249268,0,0.024000,0.600000
133267504,83,11001001100111110011110010100100010100100111010010001001001100100111011011100111111,133247266,0,0.050000,1.000000
133267506,83,11100000101110011101010010110100000100100111110010001001000100100111111011001110101,133247269,0,0.066667,1.000000
133267507,84,011101000100011100101011100101101000010010011111001000100100010010010111001100011010,133270348,0,0.066667,0.800000
133267508,84,011001000100111110011110010100100000100100111110010001001001100100111011011000111111,133240476,0,0.100000,0.700000
133267509,75,000100011101111100101000001001001001111100100010010000001001111110110001101,133268607,0,0.120000,0.600000
133267510,86,00110010001000111100111100101001000101001001111100100010000011001001110110110001111101,133247270,0,0.080000,0.800000
133267511,84,011001000100101110011110010100100000100100111110010001001001100100111011011000111111,133268607,0,0.120000,0.600000
133267512,84,111000000101111001111100101011001001001001111100100010010101011001100010110100011010,133240476,0,0.100000,0.500000
133267513,85,0000000000010100101011111111100110001001001111100100010010001001001111010110001011011,133240476,0,0.100000,0.600000
133267514,76,1000101011110111100101000001001001001111100100010010000001001111110100001101,133247270,0,0.100000,1.000000
133267515,76,0000101111111111100001011010001001001111100100010010001001001010100100011011,133254155,0,0.066667,0.800000
133267518,83,01110000001100011000110010110100000100100111110010001001000100100011111001001110101,133268608,0,0.066667,0.600000
133267519,85,0110000001101101111111000011010010010010011111001000100100010010010111101000011000111,133249258,0,0.066667,1.000000
133267520,83,10000000000111110011111010000110000100100111110010001001001100100111011110001111001,133249258,0,0.066667,1.000000
133267521,83,11001001100111110011110010100100010100100111010010001001001100100111011011100111111,133249258,0,0.066667,1.000000
133267522,83,01110000001110011000110010110100000100100111110010001001000100100011101001001110101,133249260,0,0.100000,1.000000
133267523,82,0110000001111011111110000110100100100100111110010001001000100100100111010000110001,133249260,0,0.100000,1.000000
133267524,85,1111001000100111110111110110101100000100100111110010001001001100100111011011000111111,133270350,0,0.200000,0.600000
133267525,86,01110100010001110010101110010110100000100100111110010001001000100100101101011000110101,133270350,0,0.200000,0.600000
133267526,84,111000000101111001111100111001001001001001111100100010010001001001100110110010011010,133249261,0,0.200000,1.000000
133267527,79,0000000011111011111000010100000100100111110010001001000100100101110110001101001,133249261,0,0.200000,1.000000
133267528,75,000000111111111100001011010101000001111100100010010001001001010101100011001,133270350,0,0.200000,0.500000
133267529,81,100000101010000111110110010100000100100111110010001001000100100111101011100110001,133270350,0,0.200000,0.600000
133267532,82,1000000011100111111010100100000100100111110010001001000100100111011111000111100110,133249264,0,0.066667,1.000000
133267533,84,000000000011111001111111010011000010010011111001000100100110010011101111100011110011,133249264,0,0.066667,1.000000
133267534,85,0111110000011100101010100101001000001001001111100110010010001001001110100111001101000,133249265,0,0.100000,1.000000
133267535,79,0100100111101111110001010111000010010011111001000100100010010010111101000010101,133249265,0,0.100000,1.000000
133267536,82,1000000010111110111110010100101100100100111110010001001000100100111011011000111011,133249265,0,0.100000,1.000000
133267537,81,100000101010000111110110010100000100100111110010001001000100100111101011100110001,133254154,0,0.100000,0.600000
133267538,81,110100000010111011111000010010010000100111110010001001000100100110011011000111110,133249265,0,0.100000,1.000000
133267539,80,10000000111101111110100001000001001001111100100010000001001011101111100011110011,133249265,0,0.100000,1.000000
133267556,82,1101000100011100101011100101101001001011001111100100010010001001001011110110001010,133249267,0,0.100000,1.000000
133267557,85,0101000000011100001011100101101000101001001011100100010010001001001011100110101101011,133249267,0,0.100000,1.000000
133267558,85,0111110000011100101010100101001000001001001111100110010010001001001110100111001101000,133249267,0,0.100000,1.000000
133267559,85,1101010000011100101010100101111000001001001111100100010110001001001011110110001101011,133249267,0,0.100000,1.000000
133267560,84,111001000100111110111110010100100000100100111110010001001011100100111011011000111111,133249267,0,0.100000,1.000000
133267561,85,1101010000011100101010100101111000001001001111100100010110001001001011110110001101011,133249267,0,0.100000,1.000000
133267562,83,11100000001110011101010010110100000100100111110010001001000100100111111011001110111,133249267,0,0.100000,1.000000
133267563,83,01001000100111110111110010100100000100100111110010001001001100100111011011010111111,133249267,0,0.100000,1.000000
133267564,84,011001010100111110011110010100100000100100111110010001001001100101101011011000111111,133249267,0,0.100000,1.000000
133267565,83,11100000001110011101010010110100000100100111110010001001000100100111111011001110111,133249267,0,0.100000,1.000000
133267566,86,11100000010011011111110000110100100100100111100010001001100100100101111010000110001111,133249267,0,0.100000,1.000000
133267567,76,0000000011101111010001011000010010011111001000100100110010011101101100010101,133249267,0,0.100000,1.000000
133267568,82,1000000010101110111100010101100100100100111110010001001000100100111011011000111101,133249267,0,0.100000,1.000000
133267569,83,10000000000111110011111010000110000100100111110010001001001100100111011110001111001,133249267,0,0.100000,1.000000
133267570,76,0000100011101111100101000001001001001111100100010010000001001111110110001101,133249267,0,0.100000,1.000000
133267571,83,10100000001110000101110010110100000100100111110010001001000100100101110111010110111,133249267,0,0.100000,1.000000
133267572,83,10111001001110010101011010100100000100100111110010001011000100110111010111001101001,133249267,0,0.100000,1.000000
133267573,82,0010110000111001010101001011010010010010011111001000100100000010010111010000110101,133268609,0,0.070000,0.700000
133267574,75,000100011101111100101000001001001001111100100010010000001001111110110001101,133249269,0,0.050000,1.000000
133267575,80,00000000011111011111000010100000100100111110010001001000100100101110110011101001,133249269,0,0.050000,1.000000
133267576,83,10000001101111101111100101001011001001001111100100010010001001001110110110001110011,133249269,0,0.050000,1.000000
133267577,86,01001000001010110001011101101101000001001001111100101010010001001001111010111001100011,133249272,0,0.050000,1.000000
133267578,82,1000000010101110111100010101100100100100111110010001001000100100111011011000111101,133249272,0,0.050000,1.000000
133267579,76,0010011101010111001010010110000010011111001000100100110010011111101100011101,133270351,0,0.050000,0.500000
133267580,85,1111110000111100100010100101001000001001001111100100010010001001001110100111001101000,133249272,0,0.040000,0.800000
133267581,82,1000001010110000011101101101000001001001111100100010010001001001111010110001000011,133270351,0,0.050000,0.600000
133267582,76,0011001111101111111101001100010010011111001000100110010010011100101000110110,133249272,0,0.050000,1.000000
133267583,87,101110000011011011111110011110100100100111011110010001001000100100101111010000110000110,133251028,0,0.100000,1.000000
133267584,82,1000001010100101011101101101000001001001111100100010010001001001111000101001100010,133251028,0,0.100000,1.000000
133267585,85,0010000010011100111011100100101000001001001111100100010010001001001111110010011101011,133251028,0,0.100000,1.000000
133267586,83,11101010000011100101010101011010000010010011111001000100100010010010101111100011010,133251028,0,0.100000,1.000000
133267587,76,0000001111101111010001011000010010011111001000100100110010011101101100011101,133251028,0,0.100000,1.000000
133267588,87,101110000011011011111110011110100100100111011110010001001000100100101111010000110000110,133251028,0,0.100000,1.000000
133267589,79,1000010101000011111011001010000010010011111001000100100010010011110101110011000,133251028,0,0.000000,0.000000
133267590,84,110000000101011101111100101011001001001001111100100010010001001001110110100001111110,133266906,0,0.100000,0.800000
133267591,82,1000001010100101011101101101000001001001111100100010010001001001111000101001100010,133266906,0,0.080000,0.800000
133267592,83,01000001010100001011101101001000000001001110100100010010001101001111000101001100010,133251028,0,0.100000,1.000000
133267593,74,00000011101101010101011000010010011101001000100100110010011101101100011101,133266906,0,0.060000,0.600000
133267594,84,110000000101011101111100101011001001001001111100100010010001001001110110100001111110,133251028,0,0.100000,1.000000
133267595,75,000100011100111100101000001001001001111100100010010001001001111110110001101,133251028,0,0.100000,1.000000
133267596,79,0000000011111011111000010100000100100111110010001001000100100101110110001101001,133251028,0,0.100000,1.000000
133267597,79,0000000011111011111000010100000100100111110010001001000100100101110110001101001,133251028,0,0.100000,1.000000
133267598,85,1101000110011100101011100101101000001001001111100100010010000001001010110110001101011,133251028,0,0.080000,0.800000
133267599,83,00000000001110000101111000110101000100100011110010001001001100110111111101101101011,133251028,0,0.080000,0.800000
133267600,83,01000001010100001011101101001000000001001110100100010010001001001111000101001100010,133251029,0,0.066667,1.000000
133267601,73,0010001110011100010100000100100100111110010001011000000100111111011000110,133251030,0,0.040000,1.000000
133267602,83,10100000001110010101110010110100000100100111110010001001000100100101110011000110101,133251030,0,0.040000,1.000000
133267603,86,10100000011011011111110000110100000100100111110010011001000100100101111010010110001111,133252607,0,0.028000,0.700000
133267604,82,1000001010100101011101101101000001001001111100100010010111001001111010110001101010,133251030,0,0.040000,1.000000
133267605,81,100000101010000101110110010100000100100111110010001001000100100111101011100110001,133251030,0,0.040000,1.000000
133267606,83,11010000001111101111100001001001001001001111100100010010001001001100110110001110110,133251030,0,0.040000,1.000000
133267607,82,1011000010111100111110010100101100100100111110010000001000100100111011011000111001,133251030,0,0.032000,0.800000
133267608,82,0000000000111001000111000011010100010010011111001000100100110011011111010100110101,133251030,0,0.040000,1.000000
133267609,86,11010100010001110101011100101101000001001001111100100010010001001001010110100001101011,133252607,0,0.032000,0.800000
133267610,76,0000101111111111100001011010101001001111100100010010001001001010100100111001,133251030,0,0.040000,1.000000
133267611,77,00000010101010111110000001000100101100111110010001001001100100110000110000011,133228730,0,0.024000,0.600000
133267612,82,1000000010111110111110010100101100100100111110010001001000100100111011011000111001,133251030,0,0.040000,1.000000
133267613,85,1100010001001111100110101101001000001001001101100100010010011011001110100100001111111,133228730,0,0.024000,0.600000
133267614,83,00100000000111001110111001001010000010100111110010001001000100100111111001001110101,133251030,0,0.000000,0.000000
133267615,82,0000010000111001000111000011010100010010011111001000100100110011010111010100110101,133251032,0,0.200000,1.000000
133267616,77,00000010111010111110000001000100101100111110010001001001100100110000110000011,133251033,0,0.100000,1.000000
133267617,82,0100000101010000111110110110100000100100111110010001001010100100111101011100110001,133266891,0,0.050000,0.500000
133267618,82,1101000100011100101111100101001001001001001111100100010010001001001011110110001010,133266891,0,0.050000,0.500000
133267619,77,00001011111111111000010110101010010011111001000100100010010010101001001110010,133266891,0,0.100000,0.600000
133267620,81,100000101010000111110110010100000100100111110010001001000100100111101011100110001,133251033,0,0.100000,1.000000
133267621,81,100000101010000111110110010100000100100111110010001001000100100111101011100110001,133251033,0,0.100000,1.000000
133267622,84,110101010001110110101110010110100000100100101110010001001001100100111111000000100101,133251035,0,0.050000,1.000000
133267623,75,000100011100111110101000001001001001111100100010010010001001111110110001101,133251035,0,0.050000,1.000000
133267624,75,000100011010111100101000001001000001111100100010010001001001111110110001101,133251036,0,0.066667,1.000000
133267625,81,110100000010111011111000010010010000100111110010001001000100100110011011000111110,133251036,0,0.066667,1.000000
133267626,83,11101010000011100101010101011010000010010011111001000100100010010010111101100011010,133251038,0,0.040000,1.000000
133267627,77,00010001101010111001010000111010010011111001000100100110010011001011000111111,133252610,0,0.024000,0.600000
133267628,83,11001001100111110011110010100100010100100111010010001001001100100111011011100111111,133251039,0,0.066667,1.000000
133267629,83,10111000001111010101010010100100000100100111110010001001000100100111010111001101001,133251040,0,0.200000,1.000000
133267630,83,11010000001111101111100001001001001001001111100100010010001001001100110110001110110,133251041,0,0.050000,1.000000
133267631,86,01100110010001111001011001010010000010010011111001100100100110010011100101100011111110,133251041,0,0.030000,0.600000
133267632,83,11000000010111110111110010100101100100100111110010001001000100100111011011000111011,133251042,0,0.200000,1.000000
133267633,78,001001001111101111100001010000010010011111001000100100010010000110011000110100,133251042,0,0.200000,1.000000
133267634,83,00100000001111101111110101001000101001001111100110010010011001001110111110001111001,133251042,0,0.200000,1.000000
133267635,81,100000001010000111110110110100000100100111110010001001000100100111101011100111001,133251042,0,0.200000,1.000000
133267636,76,0000101111111111100001011010101001001111100100010010001001001010100110111001,133251043,0,0.080000,0.800000
133267637,82,1000001010110000011101101101000001001001111100100010010001001001111010110001000011,133252596,0,0.100000,1.000000
133267638,81,100100010011111001111011100100000100100110110010001001001100100011010110001111111,133252596,0,0.100000,1.000000
133267639,81,100000001011111011110110100100000100100111110010001001000100100111111101110110101,133252597,0,0.066667,1.000000
133267640,82,1000000010101110111100010101100100100100111110010001001000101100111010011000110101,133252597,0,0.066667,1.000000
133267641,83,10000000000111110011111010000110000100100111110010001001001100100111011110001111001,133252597,0,0.066667,1.000000
133267642,82,1000000010111110111110011100000100100100111110010001001001100100011011011000101101,133252597,0,0.066667,1.000000
133267643,82,1000000010111110111110011100100100100100111110010001001100100100111011011000101101,133259005,0,0.040000,0.700000
133267644,86,11110010001001111101111100101001000001001001111100100010010011001001110110110001111110,133252598,0,0.040000,1.000000
133267645,84,111001000100111110011110010100100000100100111110010001001001100100111011011000111111,133252598,0,0.040000,1.000000
133267646,83,01001000100101010111110010100100000100100110110010001001001100100111011011000111111,133252598,0,0.040000,1.000000
133267647,83,10000000101011101111100101011001001001001111100100010010001001001110110100001111110,133252598,0,0.040000,1.000000
133267648,84,011101000100011100101011100101101000010010011111001000100100010010010111001100011010,133252599,0,0.100000,1.000000
133267649,76,0000101111111111100001011010101001001111100100010010001001001010100100011001,133252599,0,0.100000,1.000000
133267650,83,01000001010100101011101101101000001001001110100100010010011001001111010110101100010,133252599,0,0.100000,1.000000
133267651,85,0000000000010100101011111111100110001001001111100100010010001001001111010110001011011,133252599,0,0.100000,1.000000
133267652,81,100000101010000111110110110100000100100111110010001001000100100111101011100111001,133262194,0,0.100000,0.600000
133267653,76,0000101111111111100001011010001001001111100100010010001001001010100100011001,133252602,0,0.200000,1.000000
133267654,83,11101010000111100101010101011010000010010011011001000100100010010010111111100011010,133252602,0,0.200000,1.000000
133267655,83,10000101010000101110110010100000100100111110010001001000100100111101011100100001111,133252602,0,0.200000,1.000000
133267656,79,0100100111101111110001000111000010010011111001000100111010010010111101110010101,133252604,0,0.050000,1.000000
133267657,76,0000101111111111100001011010101001001111100100010010001001001010100100111001,133252604,0,0.050000,1.000000
133267658,83,10100000001110010101110010110100000100100111110010101001000100100101110011010110101,133252604,0,0.050000,1.000000
133267659,77,00000000111110111110001010000010010011111001000100110010010010111011000110100,133252607,0,0.040000,1.000000
133267660,82,0111000001111011110110000000010000100100111100010001001000100100111111111010101000,133252607,0,0.040000,1.000000
133267661,83,01000010011111110111110010100101100100100111110010001001000100110111011011000111001,133252607,0,0.040000,1.000000
133267662,82,1000010011110111011100100101100001001001111100100010010001001001010110110101101011,133252607,0,0.040000,1.000000
133267663,83,11001001100111110011110010100100010100100111010010001001001100100111011011100111111,133228730,0,0.028000,0.700000
133267664,80,00000100111110111110000101000001001001111100000010010001001000011101100011010010,133252607,0,0.032000,0.800000
133267665,81,110100000011101011111000010010010000100111110110001001000100100100011011000111110,133252607,0,0.040000,1.000000
133267666,85,0000000000010100101011111111100110001001001111100100010010001001001111010110001011011,133251030,0,0.024000,0.600000
133267667,76,0000000011101111010001011000010010011111001000100100110010011101101100111101,133251030,0,0.024000,0.600000
133267668,83,11001001100111110011110010100100010100100111010010001001001100100111011011100111111,133228730,0,0.028000,0.700000
133267669,80,00000100111110111110000101000001001001111100100010010001001000011101100011010010,133252607,0,0.040000,1.000000
133267670,77,00000000111110111110001010000010010011111001000100110010010010111011000110100,133252607,0,0.040000,1.000000
133267671,79,0000000011111011010010100000000100100111110010001001000100100111011011000110110,133251030,0,0.024000,0.600000
133267672,76,0000001001010111110000100000100100100111110010001001000100100110000110001011,133252607,0,0.040000,1.000000
133267673,82,1000000110111110111110010100101100100100111110010001001000100100111011011000111001,133252608,0,0.066667,1.000000
133267674,82,1001000110111110111110010100101100100100111110010001001000100100111011011000111001,133230485,0,0.066667,0.800000
133267675,86,10010000010101000010111011011010000010010011111001000100100010010011110101100011000111,133230485,0,0.066667,0.800000
133267676,74,00100011100111000101000001001001001111100100010110000001001111110110001101,133252608,0,0.066667,1.000000
133267677,75,000100011000111100101000001001000001111100100010010001001001111110110000101,133230485,0,0.066667,0.700000
133267678,76,0001000111001111001010000010010010011111001000100100000010011111101100011011,133252610,0,0.040000,1.000000
133267679,75,000101011110111100101000001001001001111100100010010001001001111110100001101,133252610,0,0.040000,1.000000
133267680,85,0000000000010100101011111111100110001001001111100100010010001001001111010110001011011,133252610,0,0.040000,1.000000
133267681,83,11001001100111110011110010100100010100100111010010001001001100100011011011100111111,133252611,0,0.066667,1.000000
133267682,82,1110000011110111101100100000100001001011111100100010010001001001011110110101101000,133252612,0,0.200000,1.000000
133267683,75,000100011101111100101000001001001001111100100010010000001001111110110001101,133252612,0,0.200000,1.000000
133267684,78,001100011100111110011100111010100101111110010001001000100100111010011000111111,133252612,0,0.200000,1.000000
133267685,85,1011001000100111110011100010100100000100100111110010001001001100100111011011000111111,133252612,0,0.200000,1.000000
133267686,83,01000001010100101011101101101000001001001110100100010010011001001111010110001100010,133252612,0,0.200000,1.000000
133267687,82,1100001010011101001111011010101000100100110110010001001000100100111111001000111101,133254146,0,0.040000,1.000000
133267688,84,000011000011001110111101010010000010010011111001000100100010010011101111101011110010,133225410,0,0.040000,0.800000
133267689,81,100000101010000111110110010100000100100111110010001001000100100111101011100110001,133254147,0,0.066667,1.000000
133267690,76,0000001111111111000010110101010000011111001000100100010010010101001000110011,133254147,0,0.066667,1.000000
133267691,83,10000000001110000101110000110001000100100111110010001001001100110111110101001101011,133254147,0,0.066667,1.000000
133267692,88,0101110000011011011111110000110100100100110111110010001001000100100001101010000110001110,133254147,0,0.066667,1.000000
133267693,81,100000101010000111110110010100000100100111110010001001000100100111101011100110001,133254147,0,0.066667,1.000000
133267694,80,01111001110011101000010001110000100100111110011001001000100100101111011000101011,133254148,0,0.200000,1.000000
133267695,86,11101010000011100101010100101111000001001001111100100010010001001001011110110001101011,133254148,0,0.200000,1.000000
133267696,88,0101110000011011011111110000100100100100110111110010001001000100100101101010000110001110,133254150,0,0.100000,1.000000
133267697,86,01100110010001111001011001010010000010010011111001100100100111010011100101100011111110,133254150,0,0.100000,1.000000
133267698,86,01100110010001111001011001010010000010010011111001100100100111010011100101100011111110,133254150,0,0.100000,1.000000
133267699,83,10000001101111101111100101001011001001001111100100010010001001001110110110001110011,133254151,0,0.100000,1.000000
133267700,77,00000000111110111110001010000010010011111001000100100010010010111011000110100,133254151,0,0.100000,1.000000
133267701,86,10100000001011111011111011010010000010010011111001000100100010010011111110111011010111,133254151,0,0.100000,1.000000
133267702,83,11100000001110011101110010110100000100100110110010001001000100100111111001101110101,133254151,0,0.100000,1.000000
133267703,79,0000010011111011010010100000000100100111110010000001000100100111011011001111110,133254151,0,0.100000,1.000000
133267704,84,100010000011001110011101010000000010010011111001000100100010010011101110010011110010,133254151,0,0.100000,1.000000
133267705,83,00000000000111101111101100001000001011001011100100010010001001001101111011101111010,133254151,0,0.100000,1.000000
133267706,85,0100000000111110011111010100110000100100111110010001001001100100111011111000111100110,133254151,0,0.100000,1.000000
133267707,80,10000101010000011101101001000000001001110100100010010001101001111000101001100010,133254151,0,0.100000,1.000000
133267708,82,0000000111101111110101001000001001001111100100010010001001001110111110001111001101,133247273,0,0.028571,0.800000
133267709,76,0100100011110111100101000001001001001111100100010010001000001111110110001101,133254155,0,0.028571,1.000000
133267710,84,110100000001110010101110010110100000000100111110010001001000100101101110011011110101,133254156,0,0.040000,1.000000
133267711,81,000000011110111111010100100000100100111110010001001000100100111011111100111100110,133254156,0,0.040000,1.000000
133267712,82,0000001011100100011100101101000001000001111100100010010001001001111110110001100001,133254156,0,0.040000,1.000000
133267713,75,000100011011111100101000001001000001111100100010010000001001111110110001101,133254156,0,0.040000,1.000000
133267714,84,111100000001110011101010010110100000100100111110010001001000100100111111011001110111,133254156,0,0.040000,1.000000
133267715,84,011001000100111110011110010100100000100100111110010001001001100100111011011000111110,133254156,0,0.040000,1.000000
133267716,77,11000000011101111010001011000010010011111001000100100110010011101101100011101,133254156,0,0.040000,1.000000
133267717,75,000001111011011110101010010001001001111100100010010011001001011111110001101,133254157,0,0.100000,1.000000
133267718,86,11100000011011011110110000110100000100100111110010001001000100100101111010000110001111,133268613,0,0.060000,0.600000
133267719,82,1110000011110111111100100000100001001011111100100010010001001001011110110101101000,133268613,0,0.060000,0.600000
133267720,79,0000001011100100011100101010000010010011111001000100100010010011111101100011000,133268613,0,0.100000,0.600000
133267721,85,0111110000011100101010100101001000001001001111100110010010001001001110100111001101000,133254157,0,0.100000,1.000000
133267722,83,11101000100111100001011100101101001101001001111100100010010001001001011110110001010,133268613,0,0.100000,0.600000
133267723,82,0000100000111001000111000011010100010010011111001000100100110011011111010100110101,133268613,0,0.060000,0.600000
133267724,80,00100100111110111110000101000001001001111100100010010001001000011001100011010011,133254158,0,0.100000,1.000000
133267725,82,1000000001110111101010010110100010100100111110010001001000100100111111001000110101,133254158,0,0.100000,1.000000
133267726,84,111110000011100100010100101001000001001001111100100010010001001001110100111001101000,133254159,0,0.100000,1.000000
133267727,82,1000000001110111101010010110100010100100111110010001001000100100111111001000110101,133254159,0,0.100000,1.000000
133267728,84,011000000011110111111100001101001001001001111100100010010001001001011110100001100011,133254159,0,0.100000,1.000000
133267729,83,00010100000111001010101001011011000010010011111001001100100000010010111000000110101,133255824,0,0.200000,1.000000
133267730,81,100000001011111011111011010011000000100111110010001001000100100111111101110110101,133255824,0,0.200000,1.000000
133267731,82,1000000001110111101010010110100010100100111110010001001000100100111111001000110101,133255826,0,0.200000,1.000000
133267732,86,01000000100011111001111101000011000010010011111001000100100110010011101110100011110011,133255827,0,0.066667,1.000000
133267733,82,1101000100011100101011100101101001001011001111100100010010001001001011110110001010,133255827,0,0.066667,1.000000
133267734,85,0101000000011100001011100101101000101001001011100100010010001001001011100110101101011,133255827,0,0.066667,1.000000
133267735,80,00000000011111011111000010100000100100111110010001001000100100101110110011101001,133255827,0,0.066667,1.000000
133267736,85,0010000000011100111011100000101000001001001111100100010010001001001111110010011101011,133237123,0,0.066667,1.000000
133267737,83,10111000001111010101010010100100000100100111110010001001000100100111010111001101001,133255829,0,0.050000,1.000000
133267738,83,10100000001110010101110010110100000100100111110010101001000100100101110011010110101,133255829,0,0.050000,1.000000
133267739,86,11110010001001111101111100101001000001001001111100100010010011001001110110110001111110,133255829,0,0.050000,1.000000
133267740,83,10000000000111110011111010000110000100100111110010001001001100100111011110001111001,133255830,0,0.066667,1.000000
133267741,82,1000000010101110111100010101100100100100111110010001001000101100111010011100111101,133255839,0,0.066667,0.500000
133267742,86,01110100010001110010101110010110100000100100111110010001001001100100101101011000110101,133262193,0,0.120000,0.600000
133267743,86,01110100010001110010101110010110100000100100111110010001001001100100101101011000110101,133255839,0,0.066667,0.600000
133267744,83,10000000000111110011111010000110000100100111110010001001001100100111011110001111001,133255839,0,0.066667,0.600000
133267745,83,11001000100111110111110010100100000100100110110010001001001100100011011001000101111,133262193,0,0.120000,0.600000
133267746,82,1000000010101110111100010101100100100100111110010001001000101100111010011100111101,133255830,0,0.066667,1.000000
133267747,83,11001000100111110111110010100100000100110110110010001001001100100011011001000101111,133262193,0,0.120000,0.600000
133267748,84,010001100000110010101010000010100000100100111110010001001000100100101111000010101011,133262193,0,0.120000,0.600000
133267749,85,0011000000011110011111100001101101101001001111100100010010001001001011110100001100011,133255831,0,0.200000,1.000000
133267750,77,00000000111110111110001010000010010010111001000100100010010010111011000110100,133255833,0,0.017143,0.700000
133267751,82,0100100001010010101110011110100000100100111110010001001000100100101111110000111101,133240466,0,0.017143,0.600000
133267752,83,11001000100111110111110010100100000100100111110010001001001100100111011011000111011,133240466,0,0.040000,0.700000
133267753,82,0100100001010010101110011110100000100100111110010001001000100100101111110000111101,133254146,0,0.024000,0.600000
133267754,84,111001000110111110011110011100100000100101111111010001001001000100011011111100111111,133255834,0,0.100000,1.000000
133267755,84,011001000100111110011110010100100000100100111110010001001001100100111011011000111111,133255834,0,0.100000,1.000000
133267756,83,11100000001110011101010010110100000100100111110010001001000100100111111011001110101,133255835,0,0.100000,1.000000
133267757,83,00000000001110000101111000110101000100100011110010001001001100110111111101001101011,133255835,0,0.100000,1.000000
133267758,84,010000000001111101011000101001001001001001111100100010010010001111101001000011110101,133255836,0,0.100000,1.000000
133267759,87,011101000100011100101011100101101000001001001111100100010010001001001011110110001101010,133255838,0,0.050000,1.000000
133267760,82,0000000000111001000111000011010100010010011111001000100100110011011111010100110101,133265298,0,0.050000,0.600000
133267761,84,111100000001110011101010010110100000100100111110010001001000100100111111011001110111,133255838,0,0.050000,1.000000
133267762,74,00100011100111000101000001001001001111100100010110000001001111110110001101,133255838,0,0.050000,1.000000
133267763,84,111011000100111110011110010100000000110100111110010001001001100100111011110001111111,133243651,0,0.100000,0.600000
133267764,86,11100000011011011111110000110100100100100111110010001001000100100101111010000110001111,133255840,0,0.100000,1.000000
133267765,80,00000000011111011111000010100000100100111110010001001000100100101110110011101001,133255840,0,0.100000,1.000000
133267766,84,011100000001110011101010010110100000100100111110010001001000100100111111011000100101,133255841,0,0.050000,1.000000
133267767,83,11100000001110011101010010110100000100100111110011001001000100100111111001001010101,133255841,0,0.050000,1.000000
133267768,82,1110000011100111111100100000100001001001111100100000010001001001011110110101101000,133255841,0,0.050000,1.000000
133267769,83,11100000001110011101010010110100000100100111110011001011000100100111111001001010101,133255842,0,0.200000,1.000000
133267770,82,1101000100101100101011100101101001001001001111100100010010001001001011110110001010,133255842,0,0.200000,1.000000
133267771,75,000001111011111110101010010001001001111100100010010011001001011111110001001,133255842,0,0.200000,1.000000
133267772,83,11101010000111100101010101011010000010010011011001000100100010010010111111100011010,133255842,0,0.200000,1.000000
133267773,76,0010001101110111001100010110100100111110010001001001100100111111011000111111,133255842,0,0.200000,1.000000
133267774,84,111110000011100101010100101001000001001001111100100010010001001001110100111001101000,133255842,0,0.200000,1.000000
133267775,82,1101000100011100101011100101001001001001001111100100010010001001001011110110001010,133255843,0,0.200000,1.000000
133267776,76,0010011101010111001010010110000010011111001000100100110010011111101100011101,133255843,0,0.200000,1.000000
133267777,77,00000100111110111110000101000010010011111001000100100010010000111011000110100,133257450,0,0.100000,1.000000
133267778,77,00000100111110111110000101000010010011111001000100100010010000111011000110100,133257450,0,0.100000,1.000000
133267779,84,110101010001110110111110010110100000100100101110010001001001100100111111010000100101,133257450,0,0.100000,1.000000
133267780,85,1110100010001110110111110010110100000100100101110010001001001100100111111000000100101,133257450,0,0.100000,1.000000
133267781,79,0000001011111011010010100000000100100111110010001001000100100111011011000111110,133257450,0,0.100000,1.000000
133267782,76,0011001111101111111101001100010010011111001000100110010010011100101000110110,133257450,0,0.100000,1.000000
133267783,86,01100110010001111001011001010010000010010011111001100100100110010011100101100011111110,133257450,0,0.100000,1.000000
133267784,77,00000100111110111110000101000010010011111001000100100010010000111011000110100,133257450,0,0.100000,1.000000
133267785,81,000000101110010101110010110100000100100111110010001001000100100111111011000110000,133257451,0,0.040000,1.000000
133267786,84,111001000100111110111110010100100000100100111110010001001001100100111011011000111111,133257452,0,0.066667,1.000000
133267787,82,1100001010011101001111011010101000100100110110010001001000100100111111001000111101,133263567,0,0.050000,0.500000
133267788,76,0010001101110111001100010110100100111110010001001001100100111111011000111111,133257452,0,0.066667,1.000000
133267789,89,01011100000110110111111100001101001001001101111100100010010001001001011010100001100011100,133263567,0,0.050000,0.500000
133267790,84,010000000101111101111101101001000001001001111100100010010011001001111111011101101011,133257452,0,0.066667,1.000000
133267791,75,000100011010111100101000001001000001111100100010010001001001111110110001101,133257452,0,0.066667,1.000000
133267792,80,10000000111101111110100001000001001001111100100010000001001011101111100011110011,133263567,0,0.050000,0.500000
133267793,89,01011100000110110111111100001101001001001101111100100010010001001001011010100001100011100,133257452,0,0.066667,1.000000
133267794,77,00000010101010111110000001000100101100111110010001001001100100110000110000011,133257452,0,0.066667,1.000000
133267795,82,0100010100111101111110001000111000010010011111001000100100010010010111101100010111,133257452,0,0.066667,1.000000
133267796,81,100000101010000111110110010100000100100111110010001001000100100111101011100110001,133257454,0,0.040000,1.000000
133267797,86,11100000011011011110110000110100000100100111110010001001000100100101111010000110001111,133240466,0,0.024000,0.600000
133267798,88,0111010011000111001010111001011010000010010011111001000100100010010010111101100111010100,133257454,0,0.040000,1.000000
133267799,84,111001000100101110111110010100100000100100111110010001001001100100111011011000111111,133257454,0,0.040000,1.000000
133267800,82,1101000100011100101011100101001001001001001111100100010010001001001011110110001010,133257454,0,0.040000,1.000000
133267801,83,10100000001110010101110010110100000100100111110010001001000100100101010011010110101,133254146,0,0.024000,0.600000
133267802,79,0000000110101011100101001011001001001111100100010010011001001111110110001110111,133257456,0,0.100000,1.000000
133267803,83,01000010010111110111110010100100100100100111110110001001001100100111011011000111101,133257456,0,0.100000,1.000000
133267804,83,10100000001100010101110010110100000100100111110010001001001100100101110011010110101,133257456,0,0.100000,1.000000
133267805,83,11101010000111100101010101011010000010010011011001000100100010010010111111100011010,133257456,0,0.100000,1.000000
133267806,82,0100000001010111011111011010010001000100111110010001001000100100011111101110110101,133257456,0,0.100000,1.000000
133267807,81,000000010101110111110010101100100100100111110010001001000100100111011010000111110,133257456,0,0.100000,1.000000
133267808,82,1001001000100001011111101101000001001001111100100010010001011001101010111001100011,133257457,0,0.050000,1.000000
133267809,85,1001000001010100001011000100101000001001001111100100010010001001101111010111001100010,133257458,0,0.066667,1.000000
133267810,75,000100011110101100101000001001001001111100100010010001001001111110110001101,133257459,0,0.050000,1.000000
133267811,82,1100001010100001111101100101000001001001111100100010010001001101111010011001100011,133235545,0,0.050000,0.600000
133267812,83,10100000001110000101110010110100000100100111110010001000000100100101110111010110111,133235545,0,0.050000,0.600000
133267813,84,000000000011111001111101010011000010010011111001000100100110010011101111100011111011,133257460,0,0.100000,1.000000
133267814,83,11100000001110011101010010110100000100100111110010001001000100100111111011001110101,133257461,0,0.200000,1.000000
133267815,76,0000001111101111010001011000010010011101001000100100110010011101101100011101,133257462,0,0.100000,1.000000
133267816,82,1000001000100001111101100101000001001001111100100010010001001001111010111001100011,133257462,0,0.100000,1.000000
133267817,85,0010000000011100111011100100101000001001001111100100010010001001000111110010011101011,133257462,0,0.100000,1.000000
133267818,83,10100000001100000101110010110100000100100111110010001001001100100101110011010110101,133259013,0,0.046667,0.700000
133267819,84,011101000100011100101011100101101000010010011111001000100100010010010111001100011010,133257465,0,0.066667,1.000000
133267820,82,1000000010111110111110010100101100100100111110010001001000100100111011011000111001,133257465,0,0.066667,1.000000
133267821,83,00000110011110111111110100000000100100110110010001001000100100111011111000111100110,133257466,0,0.100000,1.000000
133267822,76,0000101111111111100001011010001001001111100100010010001001001010100100011001,133257466,0,0.100000,1.000000
133267823,84,110101010001111010101110010110100000100100111110010001101001100100101111001001100101,133257466,0,0.100000,1.000000
133267824,85,1001001001010100001011101101101000001001001111100100010010001001001111010111001100011,133257466,0,0.100000,1.000000
133267825,82,1010000001111101111100001000001001101001111100100010010001001001100110110001111110,133257466,0,0.100000,1.000000
133267826,84,110001101001111100111101101001010001001001101100100010010001001001111110110001111010,133257466,0,0.100000,1.000000
133267827,85,1110100000001110010101110010110111000100100111110010001001000100100100111011001110101,133257466,0,0.100000,1.000000
133267828,78,001001001111101110100001010000010010011111001000100100010010000110011000110100,133257466,0,0.100000,1.000000
133267829,85,1001001001010100001011101101101000001001001111100100010010001001001111010111001100011,133257466,0,0.100000,1.000000
133267830,85,0010000010011100111011100100101000001001001111100100010010001001001111110010011111011,133257467,0,0.100000,1.000000
133267831,76,0000000011101111010001011000010010011111001000100100110010011101101100010101,133257467,0,0.100000,1.000000
133267832,87,011001000100111110010110010100100000100110111110010001001001100100110011011000111111101,133257467,0,0.100000,1.000000
133267833,82,1101000100011100101011100101001001011001000111100100010010001001001011110110001010,133257467,0,0.100000,1.000000
133267834,82,1000010011110111011100110001100000001001111100100010000011001001010100110101100011,133257468,0,0.100000,1.000000
133267835,80,01000010101000011111011001010000010010011111001000100100001111011110101110011000,133265304,0,0.050000,0.600000
133267836,82,1000010011110111011100110001100000001001111100100010000011001001010100110101100011,133262191,0,0.100000,0.600000
133267837,76,0000011001010111110000100000100100100101100010001001000100100110000110001011,133268610,0,0.100000,0.600000
133267838,74,00000011101111010101011000010010011101001000100100110010011101101100011101,133259006,0,0.100000,1.000000
133267839,77,00000010111011110100010110000100100111110010001001001100100111011011000111011,133259007,0,0.200000,1.000000
133267840,85,0000000010010100101011111111100110101001001111100100011010001001001111010111001011011,133259007,0,0.200000,1.000000
133267841,84,110011001000111100101100101001000001001101111100110010010011001001100101100011111110,133259008,0,0.100000,1.000000
133267842,75,000101011110111100101000001001001001111100100010010001001001111110100001101,133259008,0,0.100000,1.000000
133267843,88,1101110000011011011111110000110100101100110111110010001001000100100101101010000110001110,133259008,0,0.100000,1.000000
133267844,84,111000011111011110110010000110100100100111110010001001000100100101111011010110110000,133259008,0,0.100000,1.000000
133267845,79,0000000011111011111000010100000100100111110010001001000100101101110110001101001,133259008,0,0.080000,0.800000
133267846,88,1101110000011001011111110000110100101100110111110010001001000100100101101010000110001110,133259008,0,0.100000,1.000000
133267847,85,1111000011111011110110010000110100100100111110010001001000100100101111011010110110000,133259008,0,0.100000,1.000000
133267848,82,1001001000100001011111101101000001001001111100100010010001011001101010111001100011,133259008,0,0.100000,1.000000
133267849,75,000100011100111110101000001001001001111110100010010000001001111110110001101,133259009,0,0.040000,1.000000
133267850,83,10000000001110000101110000110101000100100111110010001001001100110111110101001101011,133259010,0,0.040000,1.000000
133267851,77,00000000111110111110001010000010010011111001000100100010010010111011000110100,133259010,0,0.040000,1.000000
133267852,83,11011001100111110111110010100100000100100111110010001001001100100111011011000111011,133265292,0,0.200000,0.700000
133267853,83,11011001100111110111110010100100000100000111110010001001001100100111011011000111011,133257465,0,0.046667,0.700000
133267854,83,10100000001110000101110010110100000100100111110010001001000100100101110111010110101,133233871,0,0.053333,0.800000
133267855,84,111001000110111110011110011100100000100101111110010001001001000100011011111100111111,133257465,0,0.040000,0.600000
133267856,84,111001000100111110011110010100100000100100111110010001001001100100111011011000111111,133259013,0,0.066667,1.000000
133267857,83,11001000100111110111110010100100000100100111110010001001001100100111011011000111011,133259014,0,0.200000,1.000000
133267858,79,0000000011111011010010100000000100100111110010001001000100100111011011000110110,133259016,0,0.100000,1.000000
133267859,79,0000000110101011100101001011001001001111100100010010011001001111110110001111111,133259016,0,0.100000,1.000000
133267860,82,1101001100011100101011100101101001001011001111100100010010001001001011110110001010,133259016,0,0.100000,1.000000
133267861,82,0010110000111001010101001011010010010010011111001000100100000010010111010000110101,133259016,0,0.100000,1.000000
133267862,81,100100010010101011111010100100000100100110110010001001001100100111011011000111111,133259016,0,0.100000,1.000000
133267863,84,111001000100111110111110010100100000100100111110010001001001100100111011011000111111,133259016,0,0.100000,1.000000
133267864,81,100000101010000111110110010100000100100111110010001001000100100111101011100110001,133259017,0,0.066667,1.000000
133267865,82,1000001010100001001101101101000001001001111100100010010001001001111000101001100010,133259017,0,0.066667,1.000000
133267866,84,011101000100011100101011100101101000010010011111001000100100010010010111001100011010,133259018,0,0.100000,1.000000
133267867,83,10100000001110010101110010110100000100100111110010101001000100100101110011010110101,133259018,0,0.100000,1.000000
133267868,83,10000000000111110011111010000110000100100111110010001001001100100111011110001111001,133249271,0,0.100000,0.600000
133267869,82,1000000010111110111110010100101100100100111110010001001000100100111011011000111001,133260438,0,0.100000,1.000000
133267870,85,0010000010011100111011100100101000001001001110100100010010001001001111110010011101011,133260438,0,0.100000,1.000000
133267871,76,0000101111111111100001011010101001001111100100010010001001001010100100111001,133243661,0,0.066667,0.600000
133267872,83,11001001100111110011110010100100010100100111010010011001001100100111011011100111111,133260439,0,0.053333,0.800000
133267873,81,000000011110111111010100100000100100111110010001001000100100111011111000111100110,133260439,0,0.066667,1.000000
133267874,81,001000000111110111110000100100100100101111110010001001000100100110011011000111111,133260439,0,0.066667,1.000000
133267875,84,100010000001001110011101010000000010010011111001000100100010010011101110010011110010,133260439,0,0.066667,1.000000
133267876,83,10000010101000010111011011010000010010011111001000100100010010011110101111011000101,133228738,0,0.066667,0.700000
133267877,82,1000001010100001101101100101000001001001111100100010010001000001111010111001100011,133260439,0,0.066667,1.000000
133267878,77,00100011011101110011000101101001001111100100010010011001001111110110001111110,133228738,0,0.066667,0.700000
133267879,79,0000000011111011010010100000000100100111110010001001000100100111011011000111110,133228738,0,0.066667,0.700000
133267880,82,1000000001110111101010010110100010100100111110010001001000100100111111001000110101,133260439,0,0.066667,1.000000
133267881,76,0011001111101111111101001100010010011111001000100110010010011100101000110110,133260439,0,0.066667,1.000000
133267882,82,0100000000111010111110000010100000100100111110010001001000100000111110110000001101,133260439,0,0.066667,1.000000
133267883,83,11100000001110011101010010110100000100100111110010001001000100100111111011001110101,133243661,0,0.066667,0.500000
133267884,83,11100000001110011101010010110100000100100111110011001001000100100111111011001110101,133228738,0,0.066667,0.600000
133267885,85,1111001000100111110111110110100100000100100111110010001001001100100111011011000111111,133260439,0,0.066667,1.000000
133267886,76,0010001001110111001100010010100100111110010001001001100100111111011000101111,133260439,0,0.066667,1.000000
133267887,81,000000011110111111010100100000100100111110010001001000100100111011111000111100110,133260439,0,0.066667,1.000000
133267888,75,000100011000111100101000001001000001111100100010010001001001111110110000101,133260440,0,0.050000,1.000000
133267889,83,11100000001110011101010010110100000100100111110010001001000100100111111011001110101,133255841,0,0.025000,0.500000
133267890,83,11001001100111110011110010100100010100100111010010001001001100100111011011100111111,133260440,0,0.050000,1.000000
133267891,80,01001001010100001111101100101000011001011111001000100100001010011110101110011000,133255841,0,0.025000,0.500000
133267892,75,000101011110111100101000001001001001111100100010010001001001111110100001001,133260440,0,0.050000,1.000000
133267893,80,01101001110011111100010001110000101100111110011001001000100100101111011000101111,133260440,0,0.050000,1.000000
133267894,76,0001000111001111001010010010010010011111001000100100000010011111101100011011,133255841,0,0.030000,0.600000
133267895,80,01101001110011111100010001110000101100111110011001001000100100101111011000101111,133260440,0,0.050000,1.000000
133267896,81,110100000011101011111000010010010000100111110110001001000100100100011011000111110,133260440,0,0.050000,1.000000
133267897,76,0000010101010111110000001000100101100111110010001001001100100110000110001011,133260440,0,0.050000,1.000000
133267898,83,10000000000111110011111010000110000100100111110010001001001100100111011110001111001,133255841,0,0.030000,0.600000
133267899,76,0000010101010111110000001000100101100111110010001001001100100110000110001011,133260440,0,0.050000,1.000000
133267900,83,00100000101010000101100010010100000000100111100100010010001001101111010111001100010,133255841,0,0.020000,0.400000
133267901,77,00000000111110111110001010000010010011111101000100110010010010111011000110100,133260440,0,0.050000,1.000000
133267902,81,100000101010000111110110010100000100100111010010101001000100100111101011100110001,133260441,0,0.050000,1.000000
133267903,83,10100000001100000101110010110100000100100111110010001001001100100101110011010110101,133260441,0,0.050000,1.000000
133267904,82,1001000110111110111110010100101100100100111110010001001000100100111011011000111001,133260441,0,0.050000,1.000000
133267905,81,100000101010000111110110010100010100100111010010101001000100100111101011100110001,133260441,0,0.040000,0.800000
133267906,81,100000101010000111110110010100000100100111010010101001000100100111101011100110001,133260441,0,0.050000,1.000000
133267907,84,111001000100111110111110010100100000100110111110010001001001100100111011011000111111,133260441,0,0.050000,1.000000
133267908,82,1001000110111110111110010100101100100100111110010001001000100100111011011000111001,133260441,0,0.050000,1.000000
133267909,83,10100000001100000101110010110100000100100111110010001001001100100101110011010110101,133268604,0,0.040000,0.800000
133267910,83,10100000001100000101110010110100000100100111110010001001001100100101110011010110101,133260441,0,0.050000,1.000000
133267911,82,1000000010111110111110011100000100100100111110010001001001100100111011011000101101,133268604,0,0.040000,0.800000
133267912,82,1000000010111110111110011100000100100100111110010001001001100100111011011000101101,133260441,0,0.050000,1.000000
133267913,79,0000010011110111110001001111000010010010111001000100100010010010111101100010111,133268604,0,0.040000,0.800000
133267914,83,01000000010111110111110110100100000100100111110010001001000100100111111101110110101,133260442,0,0.100000,1.000000
133267915,84,111001000100111110111110010100100000100100111110010001001001100100111011011000111111,133260444,0,0.200000,1.000000
133267916,88,0101110000011011011111110000110100100100110111110010001001000100100101101010000110001110,133260444,0,0.200000,1.000000
133267917,83,10000000101011101111101101011001001001001111100100010010001001001110110100001111110,133260444,0,0.200000,1.000000
133267918,77,00000010111011110100010110000100100111110010001001001100100111011011101111011,133260444,0,0.200000,1.000000
133267919,83,10000000101011101111101101011001001001001111100100010010001001001110110100001111110,133260444,0,0.200000,1.000000
133267920,81,100000101011000001110110110100000100100111110010001001000100100111101011100100001,133260444,0,0.200000,1.000000
133267921,77,00000010111011110100010110000100100111110010001001001100100111011011101111011,133260444,0,0.200000,1.000000
133267922,80,01111001110011111100010001110000100100111110011001001000100100101111011000101111,133238705,0,0.066667,0.600000
133267923,83,11001000100111110011110110100100000100100111110011001001000100100111010110001111111,133260446,0,0.066667,1.000000
133267924,82,1000011010100001111101101101000001001001111100100010010001001001111010111001110010,133260447,0,0.160000,0.800000
133267925,80,00000000011111011111000010100000100100111110010001001000100100101110110011101001,133260447,0,0.200000,1.000000
133267926,85,1101000000011100001011100101101010001001001111000100010010001001001011110110101101010,133260448,0,0.066667,1.000000
133267927,76,0010001101110111001100010110100100111110010001001001100100111111011000111111,133260450,0,0.100000,1.000000
133267928,83,11001001100111110011110010100100010100100111010010001001001100100111011011100111111,133260451,0,0.100000,1.000000
133267929,83,11001001100111110011110010100100010100100111010010001001001100100111011011100111111,133260451,0,0.100000,1.000000
133267930,81,110100000010111011111000010010010000100111110010001001000100100110011011000111110,133260451,0,0.100000,1.000000
133267931,82,1000000001110111101010010110100010100100111110010001001000100100111110001000110101,133260451,0,0.100000,1.000000
133267932,83,11001000100111110111110010100100000100100110110010001001001100100111011011000101111,133260451,0,0.100000,1.000000
133267933,76,0000010101010111110000001000100101100111110010001001001100100110000110001011,133260453,0,0.100000,1.000000
133267934,76,0011001111101111111101001100010010011111001000100110010010011100101000110110,133260453,0,0.100000,1.000000
133267935,77,00100011011101110011000101101001001111100100010010011001001111110110001111110,133260453,0,0.100000,1.000000
133267936,83,10111000001110010101010010100100000100100111110010001001000100100101010111001101001,133260453,0,0.100000,1.000000
133267937,80,01111001110011111100010001110000100100111110011001001000100100101111011000101111,133260453,0,0.100000,1.000000
133267938,84,111110000011100101011100101001000001001001111100100010010001001001110100111001101000,133260453,0,0.100000,1.000000
133267939,79,1000000011111101110100010010001100100111110010001101001100101110110110001100110,133262177,0,0.040000,1.000000
133267940,79,0000000011111011010010000000000100100111110010001001000100100111011011000111110,133262177,0,0.040000,1.000000
133267941,84,011010001000111001010111001011010010010010011111001000100100010010010111101100010100,133262177,0,0.040000,1.000000
133267942,86,11100000011011011110110000110100000100100111110010101001000100100101111010000110001111,133262177,0,0.040000,1.000000
133267943,85,1100010001001111100110101101001000001001001101100100010010011011001110100110001111111,133262177,0,0.040000,1.000000
133267944,82,1001001000100001011111101101000001001001111100100010010001011001101010111001100011,133262178,0,0.200000,1.000000
133267945,82,1000000001111011101010110110100010100100111110010001001000100100111111001001110101,133262178,0,0.200000,1.000000
133267946,84,110010001001111101111100101001000001001001111100100010010011001001110110110001111111,133262178,0,0.200000,1.000000
133267947,80,11010000000111001101110010100100100100100111110010001001000100100101111011000101,133262178,0,0.200000,1.000000
133267948,76,0000100011110111100101000001001001001111100100010010001000001111110110001101,133262178,0,0.200000,1.000000
133267949,83,11101010000111100101010101011010000010010011011001000100100010010010111111100011010,133262178,0,0.200000,1.000000
133267950,83,10000000101011101111100101011001001001001111100100010010001001001110110100001111110,133262178,0,0.200000,1.000000
133267951,84,111001000110111110011110011100100000100101111111010001001001000100011011111100111111,133262178,0,0.200000,1.000000
133267952,76,0000100011101111100101000001001001001111100100010010000001001111110110001101,133262178,0,0.200000,1.000000
133267953,83,11001000000111110111110010000100000100100110110010001001001100100111011011000111111,133263569,0,0.060000,0.600000
133267954,82,0110000001111011111110000110100100100100111110010001001000100100100111010000110001,133262181,0,0.200000,1.000000
133267955,84,000000000001111001111111010011000010010011111001000100100110010011101111100011110011,133262181,0,0.200000,1.000000
133267956,81,100000001111110111010001001000010010011111001000100100110010111101101100011001101,133262181,0,0.200000,1.000000
133267957,76,0000101111111111100001011010101001001111100100010010001001001010100100111001,133262181,0,0.200000,1.000000
133267958,86,10010000010101000010111011011010000010010011111001000100100010010011110101100011000111,133262181,0,0.200000,1.000000
133267959,81,100000001111110111010001001000010010011111001000100100110010111101101100011001101,133262181,0,0.200000,1.000000
133267960,83,00000000000111101111101100001000001011001011100100010010001001001111111011101111010,133262181,0,0.200000,1.000000
133267961,80,00000000111110111110100101010001001001111100100010010001001001011111100011010011,133262181,0,0.200000,1.000000
133267962,81,000000000111001010101000001010100100100111110010001001001100110111110101001101001,133262182,0,0.100000,1.000000
133267963,83,11010001000111001010111001110010010110010011111001000100100010010010111101100010100,133262182,0,0.100000,1.000000
133267964,83,11101010000011100101010101011010000010010011111001000100100010010010111101100011010,133262183,0,0.200000,1.000000
133267965,83,11100000001110011101010010110100000100100111110010001001000100100111111011001110101,133262183,0,0.200000,1.000000
133267966,84,110110000011100101010100101001000001001001111101100010010001001001110100111001101000,133262183,0,0.200000,1.000000
133267967,77,00000000111110111110001010000010010011111001000100100010010010111011000110100,133262183,0,0.200000,1.000000
133267968,82,1110000011100111111100100000100001001001111100100010010001001001011110110101101000,133262183,0,0.200000,1.000000
133267969,84,110101010001110110101110010110100000100100111110010001001001110100101011000000100101,133262183,0,0.200000,1.000000
133267970,74,00000011101101010111011000010010011101001000100100110010011101101100011101,133262183,0,0.200000,1.000000
133267971,83,10100000001110010101110010110100000100100111110010001001000100100101110011010110101,133262183,0,0.200000,1.000000
133267972,75,000100011010111100100000001001000001111100100010010001001001111110110000101,133262183,0,0.200000,1.000000
133267973,74,00000011101101010101011000010010011101001000100100111010011101101100011101,133262183,0,0.200000,1.000000
133267974,84,011000000001111011101000110110100010101100111110010011001000100101111111001001110101,133262184,0,0.080000,0.800000
133267975,81,000000000111001010101000001010100100100111110010001001001100110111110101001101001,133262184,0,0.100000,1.000000
133267976,81,100000101010000111110110010101000100100111110010001001000100100111101011100110001,133262186,0,0.066667,1.000000
133267977,81,100000101010000111110110010101000100100111110010001001000100100111101011100110001,133262186,0,0.066667,1.000000
133267978,82,1101000100011100101011100101001001001001001111100100010010001001001001110110001010,133262187,0,0.100000,1.000000
133267979,78,000100111010101110010100101100100100111110011001001001100100111111011000111111,133255839,0,0.040000,0.700000
133267980,83,01000001010100001011101101001000000001001110100100010010001001001111000101001100010,133262189,0,0.040000,1.000000
133267981,83,11001000100111110111110010100100000100100110110010001001001100100111011011000111111,133262189,0,0.040000,1.000000
133267982,82,1101001100011100101011100101101001001011001111100100010010001001001011110110001010,133262189,0,0.040000,1.000000
133267983,81,100000001111110111010001001000010010011111001000100100110010111101101101011001101,133255832,0,0.028000,0.700000
133267984,82,1000001010100001101101100101000001001001011100100010010001001001111010111001100011,133262189,0,0.040000,1.000000
133267985,75,000001111011011110101010010001001001111100100010010011001001011111110001101,133262189,0,0.040000,1.000000
133267986,83,00000000000111101111101100001000001011001011100100010010001001001111111011101111010,133262189,0,0.040000,1.000000
133267987,84,011001000100111110011110010100100000100100111110010001001001100100111011011000110111,133262189,0,0.040000,1.000000
133267988,75,000001111011011110101010010001001001111100100010010011001001011111110001101,133262189,0,0.040000,1.000000
133267989,84,111001000100111110111110010100100000100100111110010001001001100100111011011000111111,133262190,0,0.050000,1.000000
133267990,83,11001000100111110011110110100100000100100111110011001001000100100111010110001111111,133262190,0,0.050000,1.000000
133267991,85,1101000000011100001011100101101010001001001111000100010010001001001010110010001101010,133262190,0,0.050000,1.000000
133267992,75,000101011110111100101000001001001001111100100010010001001001111110100001101,133255830,0,0.040000,0.600000
133267993,84,111000011111011110110010000110100100100111110010001001000100100101111011010110110000,133262193,0,0.200000,1.000000
133267994,78,000000101111111111100001011010001001001111100100010010001001001010100100011001,133255830,0,0.040000,0.600000
133267995,82,0110000001111011111110000110100100100100111110010001001000100100100111010000110001,133262193,0,0.200000,1.000000
133267996,86,11001000001011100001111101101101000001001001111000110010010000001001111010111000100011,133262193,0,0.200000,1.000000
133267997,82,1101000100011100101011100101001001001001001111100100010010001001001011110110001010,133262193,0,0.200000,1.000000
133267998,75,000101011110111100101000001001001001111100100010010001001001111110100001101,133262193,0,0.200000,1.000000
133267999,76,0000100010100111100101001001001001001111100100010010000001001111110110001101,133262193,0,0.200000,1.000000
133268000,82,1100000001011111011110110100100000100100111110010001001000100100111111101110110101,133262193,0,0.200000,1.000000
133268001,76,0000100010100111100101001001001001001111100100010010000001001111110110001101,133262193,0,0.200000,1.000000
133268002,83,10110000001110010101010010100100000100110111110010001001000100100111010111001101001,133262193,0,0.200000,1.000000
133268003,82,1000000001110111101010010110100010100100111110010001001000100100111111001000110101,133262193,0,0.200000,1.000000
133268004,82,1000001010100001001101101101000001001001111100100010010001001001111000101001110010,133255830,0,0.040000,0.600000
133268005,85,1101000100011100101011100101101000001001001111100100010010000001001010110110001101011,133255830,0,0.033333,0.500000
133268006,82,1101000100101100101011100101101001001001001111100100010010001001001011110110001010,133262193,0,0.200000,1.000000
133268007,79,0000000011111011111000010100000100100111110010001001000100100101110110001101001,133255830,0,0.040000,0.600000
133268008,76,0000001011111111111000001101000100100111110010001001000100100101010010001100,133262193,0,0.120000,0.600000
133268009,81,100000101010000111110110010100000100100011110010001001000100100111101011100110001,133262195,0,0.050000,1.000000
133268010,83,10100000001110010101110010110100000100100111110010001001000100100101110011000110101,133262195,0,0.050000,1.000000
133268011,82,1101000000100110111110000100100100001001111100100010010001001001100110110001111101,133262195,0,0.050000,1.000000
133268012,84,110010001001111101111100101000000001001001101100100010010011001001110110110001111110,133262195,0,0.050000,1.000000
133268013,84,010001100000110010101010000010100000100101111110010001001000100100101111010010101011,133262195,0,0.050000,1.000000
133268014,84,111001000100101110111110010100100000101100111110010001001001100100111011011000111111,133262195,0,0.040000,0.800000
133268015,80,00000000011100101010100000101010010010011111001000100100110011011111010100110100,133262195,0,0.050000,1.000000
133268016,75,000101011110111100101000001001001001111100100010010000001001111110100001101,133262196,0,0.200000,1.000000
133268017,78,000100011010101110010100101110100100111110010011001000100100111111011000111111,133263556,0,0.066667,1.000000
133268018,78,000100011010101110010100101110100100111110010011001000100100111111011000111111,133263556,0,0.066667,1.000000
133268019,84,011000000001111011101000110110100010101100111110010001001000100101111111001001110101,133263556,0,0.066667,1.000000
133268020,75,000100011010111100101000001001000001111100100010010001001001111110110001101,133263556,0,0.066667,1.000000
133268021,75,000101011110111100101000001001001001111100100010010001001001111110100001101,133263557,0,0.040000,1.000000
133268022,80,10000101010000011101101001000000001001110100100010010001101001111000101001100010,133263557,0,0.040000,1.000000
133268023,74,00001010101011111000000100010010110011111001000100100110010110000110001011,133263557,0,0.040000,1.000000
133268024,85,0001100000001110011001110010110100010100100111110110001001100100110111111001001110101,133263557,0,0.040000,1.000000
133268025,84,010000000001111101011000101001001001001001111100100010010010001111101001000011110101,133263557,0,0.040000,1.000000
133268026,88,0101110000011011011111110000110100100100110111110010001001000100100101101010000110001110,133263557,0,0.040000,1.000000
133268027,83,10000000111101111110101001000001001011111100100010010101001001110111110001111001100,133263557,0,0.040000,1.000000
133268028,82,1110000011100111111100100000100001001001111100100010010001001001011110110101101000,133263557,0,0.040000,1.000000
133268029,87,011101001100011100101011100101101000001001001111100100010010001001001011110110001101010,133263557,0,0.040000,1.000000
133268030,81,010000000111001010111001011010000010010011111001000100110010010010111001101011001,133263557,0,0.040000,1.000000
133268031,82,1000000010111110111110010100101100100101111110010001001000100100111011011000111001,133263557,0,0.040000,1.000000
133268032,85,1011001000100111110011100010100100000100100111110010001001001100100111011011000111111,133263558,0,0.200000,1.000000
133268033,84,111001010100111110111110010100100000100100111110010001001001100100111011011000111011,133263558,0,0.200000,1.000000
133268034,86,01100000011011011111110000110100100100100111110010001001000100100101111010000110001111,133263558,0,0.160000,0.800000
133268035,84,111001010100111110111110010100100000100100111110010001001001100100111011011000111011,133263558,0,0.200000,1.000000
133268036,84,101110000011100101010100101001000001001001111100100010010001001001110101110011010011,133263558,0,0.200000,1.000000
133268037,85,1011001000100111110011100010100100000100100111110010001001001100100111011011000111111,133263558,0,0.200000,1.000000
133268038,86,10100000001011111011111011010010000010010011111001000100100010010011111110111011010111,133263558,0,0.200000,1.000000
133268039,75,000101010110111100101000001001001001111100100010010001001001111110100001101,133263558,0,0.200000,1.000000
133268040,77,10000000011101111010001111000010010011111001000100100110010011101101100011101,133263558,0,0.200000,1.000000
133268041,83,10100000001110000101110010110100000100100111110010000001000100100101110011010110101,133263558,0,0.200000,1.000000
133268042,81,101000000011100001011100101101000001001001111100100000010001001001011100110101101,133263558,0,0.000000,0.000000
133268043,86,10100000001011111011111011010010000010010011111001000100100010010011111110111011010111,133263558,0,0.200000,1.000000
133268044,83,11001000100111110111110010100100000100100110110010001001001100100111011011000101111,133263558,0,0.200000,1.000000
133268045,86,11100000011011011111110000110100100100100111110010001001000100100101111010000110001111,133263558,0,0.200000,1.000000
133268046,86,11100000011011011111110000110100000100100111110010001001000100100101111010010110001111,133263558,0,0.200000,1.000000
133268047,75,000101010110111100101000001001001001111100100010010001001001111110100001101,133263558,0,0.200000,1.000000
133268048,80,00000000011111011111000010100000100100111110010001001000100100101110110001101001,133263558,0,0.200000,1.000000
133268049,84,000011000011101110111101010010000010010011111001000100100010010011101111101011110010,133263558,0,0.200000,1.000000
133268050,84,111001010100111110111110010100100000100100111110010001001001100100111011011000111011,133263558,0,0.200000,1.000000
133268051,84,000011000011101110111101010010000010010011111001000100100010010011101111101011110010,133263558,0,0.200000,1.000000
133268052,77,10000000011101111010001111000010010011111001000100100110010011101101100011101,133263558,0,0.200000,1.000000
133268053,86,11011001000100111110011100010100100000100100111110010001001001100100111011011000111111,133263559,0,0.200000,1.000000
133268054,83,10000110011110111111110100010000100100110110010001001000100100111011111000111100110,133263559,0,0.200000,1.000000
133268055,84,111001000100111110011110010100000000100100111110010001001001100100101011011000111111,133263559,0,0.200000,1.000000
133268056,81,100100010011111001111011100100000100100110110010001001001100100011010110001111111,133263559,0,0.200000,1.000000
133268057,83,10000000101111101111100111001001001001001101100100010010001001001110110110001011010,133263559,0,0.200000,1.000000
133268058,80,01111001110011111000010001110000100100111110011001001000101100101111011000101111,133263560,0,0.200000,1.000000
133268059,81,100000101010000111110110010100000100100111110010001001000100100111101011100110001,133263560,0,0.200000,1.000000
133268060,82,1110000011100111111100100000100001001001111100100000010001001001011110110101101000,133263560,0,0.200000,1.000000
133268061,85,0011001000100111110111110010100100000100100111110010001001001100100111011011000111111,133263560,0,0.200000,1.000000
133268062,81,100000101010000111110110010100000100100111110010001001000100100111101011100110001,133263560,0,0.200000,1.000000
133268063,86,10100000011011011111110000110100000100100111110010001001000100100101111010010110001111,133263560,0,0.200000,1.000000
133268064,84,011010001000111001010111001011010010110010011111001000100100010010010111101100010100,133263560,0,0.200000,1.000000
133268065,84,111001000100111110111110010100100000100100111110010001001001100100111011011000111111,133263560,0,0.200000,1.000000
133268066,85,0110010001001111101111100101001000001001001111100100010010011001001110110110001111111,133263560,0,0.200000,1.000000
133268067,82,0100010000111110001111010100111000100100111110010001001001100100101011110001111001,133263560,0,0.200000,1.000000
133268068,79,1000000011110111110100001000001001001111100100010000001001011101111100111110011,133263562,0,0.100000,1.000000
133268069,84,010000010101001010111011011010000010010011101001000100100110010011110101100011000101,133263562,0,0.100000,1.000000
133268070,84,111000011111011110110010000110100100100111110010001001000100100101111011010110110000,133263562,0,0.100000,1.000000
133268071,84,111000011111011110110010000110100100100111110010001001000100100101111011010110110000,133263562,0,0.100000,1.000000
133268072,83,11100000001100011101010010110100000100100111110010001001000100100111101011001110101,133263562,0,0.100000,1.000000
133268073,84,100010000011101110011101010000000010010011111001000100100010010011101110010011110010,133263562,0,0.100000,1.000000
133268074,82,1101000100101100101010100101101001001001001111100100010010001001001011110110001010,133263562,0,0.080000,0.800000
133268075,84,111001000100111110111110010100100001100100111110010001001001100100111011011000111111,133263562,0,0.100000,1.000000
133268076,83,11100000001110011101010010110100000100100111110011001001000100100111111011001110101,133263562,0,0.100000,1.000000
133268077,80,01111001110011111000010001110000100100111110011001001000101100101111011000101111,133263562,0,0.100000,1.000000
133268078,82,1000000010111110111110010100101100100100111110010001001000100100111011011000111001,133263562,0,0.100000,1.000000
133268079,84,110101010001110110101110010110100000100100111110010001001001100100101111000000100101,133263562,0,0.100000,1.000000
133268080,84,110101010001110110101110010110100000100100111110010001001001100100101111000000100101,133263562,0,0.100000,1.000000
133268081,82,0010110000111001010101001011010010010010011111001000100100000010010111010000110101,133263562,0,0.100000,1.000000
133268082,82,1000010011110111011100110001100000001001111100100010000011001001010100110101100011,133263562,0,0.100000,1.000000
133268083,86,01001000001010111001011101101101000001001001111100100010010001001001111010111001100011,133263563,0,0.100000,1.000000
133268084,82,0100100001010010101110011110110000100100111110010001001000100100101111110000111101,133263563,0,0.100000,1.000000
133268085,74,00000011101111010101011000010010011101001000100100110010011101101100011101,133263564,0,0.100000,1.000000
133268086,82,0100000000011111010110001010100100100100111110010001001001000111110100110001111010,133263564,0,0.100000,1.000000
133268087,74,00000011101111010101011000010010011101001000100100110010011101101100011101,133263564,0,0.100000,1.000000
133268088,85,1001000001010100001011000100101000000001001111100100010010001001111111010111001100010,133263564,0,0.100000,1.000000
133268089,74,00000011101111010101011000010010011101001000100100110010011101101100011101,133263564,0,0.100000,1.000000
133268090,82,1101000100101100101011100101101001001001001111100100010010001001001011110110001010,133263564,0,0.100000,1.000000
133268091,84,110011001000111100101100101001000001001101111100110010010011001001100101100011111110,133263564,0,0.100000,1.000000
133268092,75,000100011010111100111000001001000001111100100010010001001001111111110000101,133263564,0,0.100000,1.000000
133268093,86,11110010001001111101111100101001000001001001111100100010010011001001110110110001111110,133263565,0,0.100000,1.000000
133268094,73,0010001110011110010100000100100100111110010000001000000100111111011000110,133263565,0,0.100000,1.000000
133268095,84,011001000100111110111110010100100000100100111110010001001001100100111011011000111111,133266895,0,0.080000,0.800000
133268096,76,0000101111111111100001011010101001001111100100010010001001001010100100111001,133263565,0,0.100000,1.000000
133268097,82,1010000001111101111100001000001001101001111100100010010001001001100110110001111110,133263565,0,0.100000,1.000000
133268098,84,111011000100111110011110010100100000110100111110010001001001100100111011010001111111,133266895,0,0.070000,0.700000
133268099,81,100000101010000111110110110100000100100111110010001001000100100111101011100111001,133263565,0,0.100000,1.000000
133268100,87,011101000100011100101011100101101100011001001111100100010010001001001011110110001101010,133263565,0,0.100000,1.000000
133268101,87,011100000011011011111110000110100000100100111110010001001000100100101110010000110001111,133266895,0,0.100000,1.000000
133268102,82,1100000010111110111110010100101100100100111110010001001000100100111011011000111001,133263565,0,0.100000,1.000000
133268103,83,00000000001110010101110000110101000110100111110010001001001100110111110101001101011,133263565,0,0.100000,1.000000
133268104,75,000100011010111100101000001001000001111100100010010001001001101110110001101,133266895,0,0.080000,0.800000
133268105,84,100001101001111100111101101001010001001001101100100010010001001001111111010001111010,133263565,0,0.100000,1.000000
133268106,83,10000000000111110011111010000110000100100111110010001001001100100111011110001111001,133263565,0,0.100000,1.000000
133268107,84,101010001000111010101110010110100000100100111110010001001000100100101011011000110101,133263565,0,0.100000,1.000000
133268108,84,100010000001001110011101010000000010010011111001000100100010010011101110010011110010,133263565,0,0.100000,1.000000
133268109,85,1110100000001110010101110010110111000100100111110010001001000100100100111011001110101,133263566,0,0.066667,1.000000
133268110,85,1110100000001110010101110010110111000100100111110010001001000100100100111011001110101,133263566,0,0.066667,1.000000
133268111,83,00100000101010001111110110010100001100100111110010001001000010100111101011100110001,133263566,0,0.066667,1.000000
133268112,84,000000000011111001111101010011000010010011111001000100100110010011101111100011110011,133263566,0,0.066667,1.000000
133268113,83,11110000011100111111100100000100001001001111100100010010001001001011110110101101000,133263566,0,0.066667,1.000000
133268114,78,000100100001101111100101001001001001001111100100010010001001001110101110001110,133263566,0,0.066667,1.000000
133268115,85,1101010000011100101010100101111000001001001111100100010010001001001011110110001101011,133263566,0,0.066667,1.000000
133268116,83,10100000001110010101110010110100000100100111110010001001000100100101110011010110101,133263566,0,0.066667,1.000000
133268117,81,111010100001111001010101010110100000100100110110010001001000100001011111110001101,133263566,0,0.000000,0.000000
133268118,83,10100000001110010101110010110100000100100111110010001001000100100101110011010110101,133263567,0,0.100000,1.000000
133268119,83,11100000010011110001110101100100000100100110110010001000000100100111111001000111101,133263568,0,0.066667,1.000000
133268120,82,1010000010111100111110010100101100100100111110010001001000100100111011011000111001,133263569,0,0.100000,1.000000
133268121,83,11100000001110011101010010110100000100100111110010001001000100100111101011001110101,133263569,0,0.100000,1.000000
133268122,83,11100000001110011101010010110100000100100111110010001001000100100111111011001110111,133263569,0,0.100000,1.000000
133268123,79,0000000011011011110000000100000100100111110010001001000100100101110110001101001,133262180,0,0.070000,0.700000
133268124,83,10100001001110000101110010110100000100100111110010001001000100100101110101010110101,133263569,0,0.100000,1.000000
133268125,86,01100110010001111001011001010010000010010011111001100100100111010011100101100011111110,133262180,0,0.050000,0.500000
133268126,86,01110100010001110010101110010110100000100100111110010001001000100100101111001000110101,133263569,0,0.100000,1.000000
133268127,82,1101000100011100101011100101101001001001001111100100010010001001001011110110001010,133263569,0,0.100000,1.000000
133268128,86,01100110010001111001011001010010000010010011111001100100100111010011100101100011111110,133262180,0,0.050000,0.500000
133268129,82,1100000101011000001110110110100000100100111110010001001000100100111101011100100001,133263569,0,0.100000,1.000000
133268130,83,10000001001101000111101100001000001001001101100100010010001001000111110010001111011,133263569,0,0.080000,0.800000
133268131,83,01000000010111110111110110100100000100100111110010001001000100100111111101110110101,133263569,0,0.100000,1.000000
133268132,83,11100000001110011101010010110100000100100111110010001001000100100111101011001110101,133263569,0,0.100000,1.000000
133268133,81,100000101010000111110110010100000100100111110010001001000100100111101011100110001,133263570,0,0.200000,1.000000
133268134,80,00000000011100101010100000101010010010011111001000100000110011011111010100110100,133263570,0,0.200000,1.000000
133268135,83,11100000001110011101010010110100000100100111110010001001000100100111111011001110111,133263570,0,0.200000,1.000000
133268136,84,111001000100111110111110010100100000100100111110010001001001100100111011011000111111,133263570,0,0.200000,1.000000
133268137,80,01111001110011101000010001110000100100111110011001001000100100101111011000101111,133263570,0,0.200000,1.000000
133268138,80,01111001110011101000010001110000100100111110011001001000100100101111011000101111,133263570,0,0.200000,1.000000
133268139,83,11100000001110011101010010110100000100100111110010001001000100100111111011001110111,133263570,0,0.200000,1.000000
133268140,83,11101000100111100001011100101101001101001001111100100010010001001001011110110001010,133263570,0,0.200000,1.000000
133268141,83,10000000001110000101110000110001000100100111110010001001001100110111110101001101011,133263570,0,0.200000,1.000000
133268142,84,101110000011100101010100101111000001001001111100100010010001001001110101110011010011,133263570,0,0.200000,1.000000
133268143,80,01111001110011101000010001110000100100111110011001001000100100101111011000101111,133263570,0,0.200000,1.000000
133268144,81,100000101010000111110110010100000100100111110010101001000100100111101011100110001,133263570,0,0.160000,0.800000
133268145,84,111001000100111110011110010100000000100100111110010001001001100100101011011000111111,133263571,0,0.200000,1.000000
133268146,84,110000001101101111111000011010000010010111110010001001000100100101111010000110001111,133263571,0,0.200000,1.000000
133268147,82,1100001010100001111101100101000001001001111100100010010001001101111010011001100011,133263571,0,0.200000,1.000000
133268148,84,011010001000111001010111001011010010010010011111001000100100010010010111101100010100,133263572,0,0.200000,1.000000
133268149,84,111001000100111110111110010100100000100100111110010001001001100100111011011000111111,133263572,0,0.200000,1.000000
133268150,84,111011000100111110011110010100000000100100111110010001001001100100111011110001111111,133263573,0,0.066667,1.000000
133268151,86,01001000001010110001011101101101000001001011111100100010010001001000111010111001100011,133263573,0,0.066667,1.000000
133268152,81,100010100111101111110001000111000010010011111001000100100010010010111101100011111,133263573,0,0.066667,1.000000
133268153,78,000000011110111110100001000001001001111100100010000001001011101111100111110011,133263573,0,0.066667,1.000000
133268154,86,11100000011011111111110000110100000110100111110010001001000100100101111010010110001111,133263573,0,0.066667,1.000000
133268155,86,11100000011011111111110000110100000110100111110010001001000100100101111010010110001111,133263573,0,0.066667,1.000000
133268156,82,0100100001010010101110011110100000100100111110010001001000100100101111110000111101,133263573,0,0.066667,1.000000
133268157,79,0000000110101011100101001011001001001111100100010010011001001111110110001110111,133263573,0,0.066667,1.000000
133268158,86,01000000100011111001111101000011000010010011111001000100100110010011101010100011110011,133263573,0,0.066667,1.000000
133268159,82,0000000000011001100111000011010100010010011111001000100100110011011111010100110101,133263573,0,0.053333,0.800000
133268160,84,101100100001110011001010010110100000100000111110110001001000100101111111001001110101,133263573,0,0.053333,0.800000
133268161,84,011010000000111001010111001011010010010010011111001000100100010010010111101100010100,133263573,0,0.066667,1.000000
133268162,85,0000000000010100101011111111100110001001001111100100010010001001001111010110001011011,133263573,0,0.066667,1.000000
133268163,83,10000000000111110011111010000110000100100111110010001001001100100111011110001111001,133263573,0,0.066667,1.000000
133268164,80,10000000111101111110100001000001001001111100100010000001001011101111100011110011,133263573,0,0.066667,1.000000
133268165,83,10100000001110010101110010110100000100100111110010101001000100100101110011010110101,133263573,0,0.066667,1.000000
133268166,80,10000000111101111110100001000001001001111100100010000001001011101111100011110011,133263573,0,0.066667,1.000000
133268167,82,0100000001010111011111011010010001000100111110010001001000100100011111101110110101,133263573,0,0.066667,1.000000
133268168,86,10010000010101000010111011011010000010010011111001000100100010010011110101100011000101,133263574,0,0.100000,1.000000
133268169,85,1111000000011100111010100101101000001001001111100100010010001001001111110110011101111,133263574,0,0.100000,1.000000
133268170,75,000100011100111110101000001001001001111100100010010010001001111110110001101,133263574,0,0.100000,1.000000
133268171,86,10010000010101000010111011011010000010010011111001000100100010010011110101100011000101,133249264,0,0.100000,0.800000
133268172,86,10010000010101000010111011011010000010010011111001000100100010010011110101100011000101,133263574,0,0.100000,1.000000
133268173,82,1110000011100111111100100000100001001001111100100010010001001001011110110101101000,133249264,0,0.100000,0.800000
133268174,83,11100000001110011101010010110100000100100111110010001001000100100111111011001110101,133249264,0,0.100000,0.800000
133268175,82,1000001010100001011101101001000000001001110100100010010001001001011000101001000010,133249264,0,0.100000,0.600000
133268176,79,1000100011010101110010100101110100100111110010001001001100100110010110001111110,133263574,0,0.100000,1.000000
133268177,83,11100000001110011101010010110100000110100111110000001001000100100111111011001110101,133263574,0,0.100000,1.000000
133268178,82,0100010000111110011111010100111000100100111110010001001001100100111011110001111001,133263574,0,0.100000,1.000000
133268179,83,01000001010100101011101101101000001001001110100100010010011001001111010110001100010,133263574,0,0.100000,1.000000
133268180,84,110010001001111101111100101000000001001001101100100010010011001001110110110001111110,133249264,0,0.100000,0.600000
133268181,82,0111000001111011110110000000010000100100111100010001001000100100111111111010101000,133263574,0,0.100000,1.000000
133268182,80,01111001110011111101010001110000100100111110011001001000100100101111011000101111,133249264,0,0.080000,0.700000
133268183,86,01110100010001110010101110010110100000100100111110010001101000100100101111001000110101,133263574,0,0.080000,0.800000
133268184,87,010101000100011100101011100101101000001001001111100100010010001001001011110110001101010,133263575,0,0.040000,1.000000
133268185,83,11101000000011100101011100101101110001001001111100100000010001001101001110110011010,133263575,0,0.040000,1.000000
133268186,84,011001000100101110111110010100100000100100111110010001001001100100111011011000111111,133263575,0,0.040000,1.000000
133268187,84,110000000101011101111100101011001001001001111100100010010001001001110110100001111110,133263575,0,0.040000,1.000000
133268188,79,0000010101000011111010010100000000100111110010001001000100100111101011100110001,133263575,0,0.040000,1.000000
133268189,84,011001000100101110111110010100100000100100111110010001001001100100111011011000111111,133263575,0,0.040000,1.000000
133268190,83,10000000001110000101110000110101000100100111110010001001001100110111110101001101011,133263575,0,0.040000,1.000000
133268191,83,11101010100011100101010101011010000010010011111001000100100010010010101111100011010,133263575,0,0.040000,1.000000
133268192,80,01111001110011111000010001110000100100111110011001001000100100101111011000101111,133263575,0,0.040000,1.000000
133268193,83,11010000001111101111100001001001001001001111100100010010001001001100110110001110110,133263575,0,0.040000,1.000000
133268194,83,10000000001110000101110000110101000100100111110010001001001100110111110101001101011,133263575,0,0.040000,1.000000
133268195,83,11010000001111101111100001001001001001001111100100010010001001001100110110001110110,133263575,0,0.040000,1.000000
133268196,82,1010000001111101111100001001001001101001111100100010010001001001100110110001111110,133263575,0,0.040000,1.000000
133268197,84,000000000011111001111101010011000010011011111001000100100110010011101111010011110011,133263575,0,0.040000,1.000000
133268198,80,01000010101000011111011001010000010010011111001000100100001011011110101110011000,133263575,0,0.040000,1.000000
133268199,83,11001001100111110011110010100100010100100111010010001001001100100111011011100111111,133263575,0,0.040000,1.000000
133268200,76,0000001111101111010001011000010010011111001000100100110010011101101100011101,133263575,0,0.040000,1.000000
133268201,79,0000000110101011100101001011001001001111100100010010011001001111110110001111111,133263575,0,0.040000,1.000000
133268202,80,01000010101000011111011001010000010010011111001000100100001011011110101110011000,133263575,0,0.040000,1.000000
133268203,83,01000010010111110111110010100100100100100111110110001001001100100111011011000111101,133263575,0,0.040000,1.000000
133268204,83,01000010010111110111110010100100100100100111110110001001001100100111011011000111101,133263575,0,0.040000,1.000000
133268205,82,1101000100011100101011100101101001001011001111100100010010001001001011110110001010,133265288,0,0.200000,1.000000
133268206,85,0000000000010100101011111111100110001001001111100100010010001001001111010110001011011,133265288,0,0.200000,1.000000
133268207,84,011100000001110011101010010110100000100100111110010001001000100100111111011000100101,133265288,0,0.200000,1.000000
133268208,85,0000000000010100101011111111100110001001001111100100010010001001001111010110001011011,133265288,0,0.200000,1.000000
133268209,82,1101000100011100101011100101101001001011001111100100010010001001001011110110001010,133265288,0,0.200000,1.000000
133268210,87,011001000100111110010110010100100000100110111110010001001001100100110011011000111111101,133265288,0,0.200000,1.000000
133268211,87,011001000100111110010110010100100000100110111110010001001001100100110011011000111111101,133265288,0,0.200000,1.000000
133268212,83,10000100101011101111100101011001001001001111100100010010001001001110110100001111110,133265288,0,0.200000,1.000000
133268213,85,0000000000010100101011111111100110001001001111100100010010001001001111010110001111011,133265288,0,0.200000,1.000000
133268214,83,11100000001110011101010010110100000100100111110010001001000100100111111011001110111,133265288,0,0.200000,1.000000
133268215,83,10100000001110011101010000110100000100100111110010001001000100100111101001001110101,133265288,0,0.200000,1.000000
133268216,83,11101010000111100101010101011010000010010011011001000100100010010010111111100011010,133265288,0,0.200000,1.000000
133268217,86,11100000011011011111110000110100000100100111110010001001000100100101111010000110001011,133265289,0,0.050000,1.000000
133268218,86,01100110010001111001011001010010000010010011111001100100100110010011100101100011111110,133265289,0,0.050000,1.000000
133268219,83,10111001001110010101011010100100000100100111110010001001000100110111010111000101001,133265289,0,0.050000,1.000000
133268220,76,0011001111101111111101001100010010011111001000100110010010011100101000110110,133265289,0,0.050000,1.000000
133268221,84,110101010001110110111110010110100000100100101110010001001001100100111111000000100101,133265289,0,0.050000,1.000000
133268222,83,10111001001110010101011010100100000100100111110010001001000100110111010111000101001,133265289,0,0.050000,1.000000
133268223,85,1110100010001110110111110010110100000100100101110010001001001100100111111000000100101,133265289,0,0.050000,1.000000
133268224,75,000100011010111100101000001001000001111100100010010001001001111110110001101,133230485,0,0.070000,0.700000
133268225,76,0011001111101111111101001100010010011111001000100110010010011100101000110110,133252608,0,0.070000,0.500000
133268226,75,000100011010111100101000001001000001111100100010010001001001111110110001101,133230485,0,0.070000,0.700000
133268227,76,0000010101010111110000001000100101100111110010001001001100100110000100001011,133265289,0,0.050000,1.000000
133268228,83,10111001001110010101011010100100000100100111110010001001000100110111010111000101001,133265289,0,0.050000,1.000000
133268229,83,11100000001100011101010010110100000100100111110010001001000100100111101011001110101,133265290,0,0.100000,1.000000
133268230,85,1011001000100111110011100010100100000100100111110010001001001100100111011011000111111,133265290,0,0.100000,1.000000
133268231,84,011001000100111110011110010100100000100100111110010001001001100100111011011000111111,133265290,0,0.100000,1.000000
133268232,77,10000011001010111110000100000100100100101110010001001000100100110000110001011,133265290,0,0.100000,1.000000
133268233,83,11101010000011100101010101011010001000010011111001000100100010010010111101100011010,133265291,0,0.160000,0.800000
133268234,84,110000000111001110101001011010000010010011111001000100000010010011111100100101000111,133265291,0,0.200000,1.000000
133268235,84,011000000011110011111100001101001101001001111100100010010001001001011110100001100011,133265291,0,0.200000,1.000000
133268236,82,1000000010101110111100010101100100100100111110010001001000101100111010011000111101,133265291,0,0.200000,1.000000
133268237,83,10000000001110000101110000110101000100100111110010001001001100110111110101001101011,133265291,0,0.200000,1.000000
133268238,84,011000000011110011111100001101001101001001111100100010010001001001011110100001100011,133265291,0,0.200000,1.000000
133268239,84,011000000011110011111100001101001101001001111100100010010001001001011110100001100011,133265291,0,0.200000,1.000000
133268240,81,100000101011000111110110010100000100100111010010001001000100100111101010100110001,133265291,0,0.200000,1.000000
133268241,82,1000001010100001011101101001000000001001111100100010010001001001111000101001100010,133265291,0,0.200000,1.000000
133268242,86,01100000011011011111110000110100100100100111110010001001000101100101111010000110001111,133265291,0,0.200000,1.000000
133268243,83,10000000101011101111100101011001001001001111100100010010001001001110110100001111110,133265291,0,0.200000,1.000000
133268244,82,1101000100011100101011100101001001001001001111100100010010001001001011110110001010,133265292,0,0.100000,1.000000
133268245,77,11000000011101111010001011000010010011111001000100100110010011101101100011101,133265292,0,0.100000,1.000000
133268246,81,000000101110010101110010110100000100101111110010001001000100100111111011000110000,133259012,0,0.100000,0.600000
133268247,82,0110000000101001110111001010101000100100111110010001001000100100011111001001100101,133259012,0,0.100000,0.600000
133268248,77,11000000011101111010001011000010010011111001000100100110010011101101100011101,133265292,0,0.100000,1.000000
133268249,81,000000101110010101110010110100000100101111110010001001000100100111111011000110000,133265292,0,0.100000,0.700000
133268250,81,110000000101001110111001010101000100100111110010001001000100100011111001001100101,133265292,0,0.100000,1.000000
133268251,77,11000000011101111010001011000010010011111001000100100110010011101101100011101,133259012,0,0.100000,0.700000
133268252,85,1011001000100111110011100010100100000100100111110010001001001110100111011011000111111,133265292,0,0.100000,1.000000
133268253,77,11000000011101111010001011000010010011111001000100100110010011101101100011101,133265292,0,0.100000,1.000000
133268254,85,1011001000100111110011100010100100000100100111110010001001001110100111011011000111111,133265292,0,0.100000,1.000000
133268255,77,11000000011101111010001011000010010011111001100100100110010011101101100011101,133265292,0,0.100000,1.000000
133268256,81,110000000101001110111001010101000100100111110010001001000100100011111001001100101,133259012,0,0.100000,0.600000
133268257,81,000000101110010101110010110100000100100111110010001001000100100111111011000110000,133259012,0,0.100000,0.600000
133268258,85,0000000000010100101011111111100110001001001111100100011010001001001111010110001011011,133265293,0,0.053333,0.800000
133268259,87,011100000011011011111110000110100000100100111110010001001000100100101110010000110001111,133265293,0,0.066667,1.000000
133268260,83,10111000001110010101010010100100000100100111110010001001000100100101110111001101001,133265293,0,0.066667,1.000000
133268261,84,100001101001111100111101101001010001001001101100100010010001001001111111010001111010,133265293,0,0.066667,1.000000
133268262,86,01001000001010110001011101101101000001001001111100100010010001001001111010111001100011,133265293,0,0.066667,1.000000
133268263,79,1000000110101011100101001011001001001111100100010010011001001111110110001111111,133233881,0,0.040000,0.600000
133268264,83,11000000011100111111010100100000100100101110010001001000100100111011011000111100110,133265293,0,0.066667,1.000000
133268265,83,11010000001111101111100001001001001001001111100100010010001001001100110110001110110,133265293,0,0.066667,1.000000
133268266,80,00000000011100101010100000101010010010011111001000100100110011011111010100110100,133265294,0,0.100000,1.000000
133268267,84,111001010100111110111110010100100000100100111110010001001001100100111011011000111011,133265294,0,0.100000,1.000000
133268268,76,0000001111111111000010110101010000011111001000100100010010010101001000110011,133265295,0,0.066667,1.000000
133268269,79,1000000111101110111001000011000010010011111001001100100010010010101101101011010,133265295,0,0.066667,1.000000
133268270,84,111001000100111110011110010100100000110100111110010001001001100100111011010001111111,133265295,0,0.066667,1.000000
133268271,83,11011001100111110111110010100100000100000111110010001001001100100111011011000111011,133265295,0,0.066667,1.000000
133268272,82,1000000001110111101010010110100010100100111110010001001000100100111111001000110101,133265295,0,0.066667,1.000000
133268273,82,1000000001110111101010010110100010100100111110010001001000100100111111001000110101,133265295,0,0.066667,1.000000
133268274,83,11100000001110011101010010110100000100100111110010001001000100100111111011001110101,133265295,0,0.066667,1.000000
133268275,82,1101000100011100101011100101001001001001001111100100010010001001001011110110001010,133265295,0,0.066667,1.000000
133268276,81,110100000010111011111000010010010000100111110010001001000100100110011011000111110,133265295,0,0.066667,1.000000
133268277,83,11101000100111100001011100101101001101001001111100100010010001001001011110110001010,133265295,0,0.066667,1.000000
133268278,82,1000000010111110111110011100000100100100111110010001001001100100111011011000101101,133265296,0,0.050000,1.000000
133268279,84,101010001000111010101110010110100000100100111110010001001000100100101011011000110101,133265296,0,0.050000,1.000000
133268280,75,000100011100111110101000001001001001111100100010010000001001111110110001101,133265296,0,0.050000,1.000000
133268281,83,11100000001110011101010010110000000100100111111010001001000100100111111011001111101,133245516,0,0.050000,0.500000
133268282,78,000100011010101110010100101110100100111110010011000000100100111111011100111111,133265299,0,0.050000,1.000000
133268283,83,01000000010111110111110110100100000100100111110010001001010100100111111101110110101,133265301,0,0.100000,1.000000
133268284,83,11100010001110011101010010110100000100100111110010001001000100100111111011001110101,133265301,0,0.100000,1.000000
133268285,84,111010001000111010101110110110100000100100111110010001001000100100101011011000110101,133265301,0,0.100000,1.000000
133268286,80,01111001110011111000010001110000100100111110011001001000101100101111011000101111,133265301,0,0.100000,1.000000
133268287,84,111010001000111010101110110110100000100100111110010001001000100100101011011000110101,133265301,0,0.100000,1.000000
133268288,82,1000000010111110111110010110101100100100111110010001001000100100111011011000111001,133265301,0,0.080000,0.800000
133268289,83,11100000001110011101010010110100000100100111110010001001000100100111111011001110101,133265301,0,0.100000,1.000000
133268290,85,0110010101001111100111100101001000001001001111100100010010011001011010110110001111111,133265301,0,0.100000,1.000000
133268291,83,01000000010111110111110110100100000100100111110010001001010100100111111101110110101,133265301,0,0.100000,1.000000
133268292,83,11100000001100011101010010110100000100100111110010001001000100100111101011001110101,133265301,0,0.100000,1.000000
133268293,83,11100000001110011101010010110100000100100111110010001001000100100111111011001110101,133265301,0,0.100000,1.000000
133268294,83,00000000000111101111101100001000001011001011100100010010001001001111111011101111010,133265301,0,0.100000,1.000000
133268295,80,01111001110011111000010001110000100100111110011001001000101100101111011000101111,133265301,0,0.100000,1.000000
133268296,75,000100011000111100101000001001000001111100100010010001001001111110110000101,133265301,0,0.100000,1.000000
133268297,77,00000000111110111110001010000010010011111001000100100010010010111011000111100,133265301,0,0.100000,1.000000
133268298,84,111100000101110011101010010110100000100100111110010001001000100100111111011001111111,133265301,0,0.080000,0.800000
133268299,77,00000000111110111110001010000010010011111001000100000010010010111011000110000,133265302,0,0.066667,1.000000
133268300,83,10100000001110010101110010110100000100100111110010001001100100100101110011010110101,133265302,0,0.066667,1.000000
133268301,76,0000010101010111110000001000100101100111110010001001001100100110000110001011,133265302,0,0.066667,1.000000
133268302,82,1101001100011100101011100101101001001011001111100100010010001001001011110110001010,133265302,0,0.066667,1.000000
133268303,83,11001001100111110011110010100100010100100111010010001001001100100011011011100111111,133265302,0,0.066667,1.000000
133268304,83,10000000101011101111100111011001001001001111100100010010001001001110110100001111110,133265302,0,0.066667,1.000000
133268305,84,000000000011111001111101010011000010010011111001000100100110010011101111100011110011,133265302,0,0.066667,1.000000
133268306,76,0010001101110111001100010110100100111110010001001001100100111111011000111111,133265302,0,0.066667,1.000000
133268307,83,01000010010111110111110010100100100100100111110110001001001100100111011011000111101,133265303,0,0.200000,1.000000
133268308,85,1100101011011111011111001010010000010010011111001001100100110010011101101100011101100,133257460,0,0.200000,0.600000
133268309,75,000100011100111100101000001001001001111100100010010001001001111111110001101,133265303,0,0.200000,1.000000
133268310,75,000100011100111100101000001001001001111101100010010001001001111111110001101,133265303,0,0.160000,0.800000
133268311,85,1100101011011111011111001010010000010010011111001001100100110010011101101100011101100,133265303,0,0.200000,1.000000
133268312,81,100000001010000111110110110100000100100111110010001001000100100111101011100111001,133257460,0,0.200000,0.800000
133268313,83,01000010010111110111110010100100100100100111110110001001001100100111011011000111101,133265303,0,0.200000,1.000000
133268314,83,10100000001100010101110010110100000100101111110010001001001100100101110011010110101,133265303,0,0.200000,1.000000
133268315,75,000100011100111100101000001001001001111100100010010001001001111111110001101,133265303,0,0.200000,1.000000
133268316,75,000100011100111100101000001001001001111100100010010001001001111111110001101,133265303,0,0.200000,1.000000
133268317,81,100000001010000111110110110100000100100111110010001001000100100111101011100111001,133265303,0,0.200000,1.000000
133268318,81,100000001010000111110110110100000100100111110010001001000100100111101011100111001,133257460,0,0.200000,0.800000
133268319,81,100000001010000111110110110100000100100111110010001001000100100111101011100111001,133265303,0,0.200000,1.000000
133268320,84,010000000011111001111101010011000010010011111001000100100110010011101111100011110011,133265303,0,0.200000,1.000000
133268321,83,10100000001100010101110010110100000100101111110010001001001100100101110011010110101,133257460,0,0.200000,0.600000
133268322,84,010000000011111001111101010011000010010011111001000100100110010011101111100011110011,133257460,0,0.200000,0.700000
133268323,82,1010000010111100111110010100101100100100111110010001001000100100111011011000111001,133265304,0,0.066667,1.000000
133268324,83,11100000001110011101010010110100000100100111110010001001000100100111111011001110111,133265304,0,0.066667,1.000000
133268325,86,11110010001001111101111100101001000001001001111100100010010011001001110110110001111110,133265304,0,0.066667,1.000000
133268326,80,00001001000011011111001010010010010010011111001000100100010010011001011100011100,133265304,0,0.066667,1.000000
133268327,79,0100100111101111110001000111000010010011111001000100111010010010111101101010101,133257468,0,0.066667,0.700000
133268328,81,100000001010000111110110110100000100100111110010001001000100100111101011100111001,133265305,0,0.066667,1.000000
133268329,83,11101010000111100101010101011010000010010011011001000100100010010010111111100011010,133265305,0,0.066667,1.000000
133268330,76,0000001011101111010001011000010010011111001000100100110010011101101100011101,133265305,0,0.053333,0.800000
133268331,82,1000100001110111101010010110100010100100111110010001001000100100111111001000110100,133265305,0,0.066667,1.000000
133268332,83,10000000101011101111101101011001001001001111100100010010001001001110110100001111110,133265305,0,0.066667,1.000000
133268333,83,01110000001110011000110010110100000100100111110010001001000100100011111001001110101,133265305,0,0.066667,1.000000
133268334,78,001100011100111110011100111010100101111110010001001000100100111010011000111111,133265305,0,0.066667,1.000000
133268335,82,1110000011100111111100100000100001001001111100100010010001001001011110110101101000,133266890,0,0.050000,1.000000
133268336,84,011001000100111110011110010100100000100100111110010001001001100100111011011000111111,133266891,0,0.100000,1.000000
133268337,85,0010000010011100111011100100101000001001001111100100010010001001001111110010011101011,133251033,0,0.100000,0.800000
133268338,84,111001010100111100010110010101100000100100111110010001001000100100111011111000111111,133251033,0,0.080000,0.800000
133268339,79,0000001011111011010010100000000100100111110010001001000100100111011011000111110,133266891,0,0.100000,1.000000
133268340,80,10000000011111011111010010100000100100111110010001001000100100101110110101101001,133266891,0,0.080000,0.500000
133268341,80,10000000011111011111010010100000100100111110010001001000100100101110110101101001,133266891,0,0.080000,0.500000
133268342,87,011101000100011100101011100101101000001001001111100100010010001001001011110110001101010,133266891,0,0.080000,0.500000
133268343,80,00000000011111111111000010100000100100111110010001001000100100101110110011101001,133266891,0,0.100000,1.000000
133268344,81,100000101010000111110110010100000100100111110010001001000100100111101011100110001,133266891,0,0.100000,1.000000
133268345,83,10001001100111110011110010100100010100100111010010001001001100100111011011000111111,133266891,0,0.100000,1.000000
133268346,88,0101110000011011011111110000110100100100110111110010001001000100100101101010000110001110,133251033,0,0.070000,0.700000
133268347,82,1000000001110111101010010110100010100100111110010001001000100100111111001000110101,133266891,0,0.100000,1.000000
133268348,85,1001000001010110001011101101101000001001001111100000010010101001001111010111001100011,133266891,0,0.100000,1.000000
133268349,84,111000001011100111010100101101100001001001111100100010010001001001111110110011101010,133247252,0,0.066667,0.500000
133268350,86,01000000000111110101100010100100100100100111110010001001001000101111010011000111101011,133266892,0,0.066667,1.000000
133268351,84,111000001011100111010100101101100001001001111100100010010001001001111110110011101010,133266892,0,0.066667,1.000000
133268352,82,0010110000111001010101101011010010010010011111001000100100000010010111010000110101,133257455,0,0.066667,0.700000
133268353,82,1000000010111110111110011100000100100100111110010001001001100100111011011000101101,133266892,0,0.066667,1.000000
133268354,83,11101000000011100101011100101101110001001001111100100000110001001101001110110011010,133257455,0,0.066667,0.600000
133268355,82,1110000011110111101100100000100001001011111100100010010001001001011110110101101000,133257455,0,0.066667,0.700000
133268356,84,010000000101111101111101101001000001001001111100100010010011001001111111011101101011,133266892,0,0.066667,1.000000
133268357,82,1000000010111110111110011100000100100100111110010001001001100100111011011000101101,133266892,0,0.066667,1.000000
133268358,82,1000000010111110111110011100000100101100111110010001001001100100111011011000101101,133247252,0,0.066667,0.500000
133268359,86,01000000000111110101100010100100100100100111110010001001001000101111010011000111101011,133266892,0,0.066667,1.000000
133268360,83,01100100001110011001110010110100000100000111110010001001000100100111111001001110101,133257455,0,0.066667,0.700000
133268361,82,1000000010111110111110011100000100100100111110010001001001100100111011011000101101,133266892,0,0.066667,1.000000
133268362,82,0010110000111001010101101011010010010010011111001000100100000010010111010000110101,133257455,0,0.066667,0.700000
133268363,84,111000001011100111010100101101100001001001111100100010010001001001111110110011101010,133247252,0,0.066667,0.500000
133268364,83,11100000001110011101010010110100000100100111110010001001000100100111111011001110101,133247252,0,0.066667,0.500000
133268365,88,1101110000011011011111110000110100101100110111110010001001000100100101101010000110001110,133247252,0,0.066667,0.400000
133268366,78,000100100001101111100101001001001001001111100100010010001001001110101110001110,133266893,0,0.200000,1.000000
133268367,86,11110010001001111101111100101001000001001001111100100010010011001001110110110001111110,133266893,0,0.200000,1.000000
133268368,80,00000000011111011111000010100000100100111110010001001000100100101110110011101001,133266893,0,0.200000,1.000000
133268369,88,1101110000011011011111110000110100101100110111110010001001000100100101101010000110001110,133266893,0,0.200000,1.000000
133268370,82,0111000001111011110110000000010000100100111100010001001000100100111111111010101000,133266893,0,0.200000,1.000000
133268371,84,010000000001111101011000101001001001001001111100100010010010001111101001000011110101,133266893,0,0.200000,1.000000
133268372,82,1010000010111100111110010100101100100100111110010001001000100100111011011000111001,133266893,0,0.200000,1.000000
133268373,82,1000000010111110111110010100111100100100111110010001001000100100111011011000111001,133266894,0,0.040000,0.800000
133268374,83,10100000001110010101110010110100000100100111110010001001000100100101010011010110101,133266894,0,0.050000,1.000000
133268375,80,00000100111110111110000101000011001001111100100010010001001000011111100011010010,133241967,0,0.025000,0.500000
133268376,75,000001111011011110101010010001001001111100100010010011001001011111110001101,133266894,0,0.050000,1.000000
133268377,82,1000000011111101110100010010000100100111110010001001001100101111011011000110011010,133241967,0,0.025000,0.500000
133268378,82,1000000010101110111100010101100100100100111110010001001000100100111011011000111101,133266894,0,0.050000,1.000000
133268379,83,10000000101011101101100101011001001001001111100100010010001001001110110100001111110,133241967,0,0.025000,0.500000
133268380,83,10000000000111110011111010000110000100100111110010001001001100100111011110101111001,133266894,0,0.050000,1.000000
133268381,83,10100000001110010101110010110100000100100111110010001001000100100101010011010110101,133266894,0,0.050000,1.000000
133268382,86,01000000000111110101100010100100100100100111110010001001001000101111010011000111101011,133241967,0,0.030000,0.600000
133268383,83,10100000001110010101110010110100000100100111110010001001000100100101010011010110101,133241967,0,0.025000,0.500000
133268384,83,11100000001110011101010010110100000100100111110010001001000100100111111011001110101,133266894,0,0.050000,1.000000
133268385,84,010001100001110010101010000110100000100100111110010001001000100100101111110010101011,133266894,0,0.050000,1.000000
133268386,86,01110100010001110010101110010110100000100100111110010001001000100100101111001000110101,133241967,0,0.025000,0.500000
133268387,82,1101000100011100101011100101001001101001001111100100010010001001001011110110001010,133241967,0,0.025000,0.500000
133268388,84,110010001001111101111100101001000001001001111100100010010011001001110110110001111111,133266894,0,0.050000,1.000000
133268389,86,01100110010001111001011001010010000010010011111001100110100110010011100101100011111110,133266894,0,0.050000,1.000000
133268390,86,01000000000011110101100010100100100100100111110010001001001000101111010011000111101011,133266894,0,0.040000,0.800000
133268391,84,010001100001110010101010000110100000100100111110010001001000100100101111110010101011,133266894,0,0.050000,1.000000
133268392,83,10100000001110010101110010110100000100100111110010001001000100100101010011010110101,133266894,0,0.050000,1.000000
133268393,83,10100000001110010101110010110100000100100111110010001001000100100101010011010110101,133266894,0,0.050000,1.000000
133268394,82,1000000011111101110100010010000100100111110010001001001100101111011011000110011010,133266894,0,0.050000,1.000000
133268395,83,11001000100111110111110010100100000100100110110010001001001100100111011011000111110,133266894,0,0.050000,1.000000
133268396,83,11100000001110011101010010110100000100100111110010001001000100100111111011001110101,133266895,0,0.100000,1.000000
133268397,83,01100000001110010001110010110100000100101111110010001001000100100111111001001110101,133263565,0,0.070000,0.700000
133268398,85,0001100000001110011001110010110100010100100111110010001001100100110111111001001110101,133266895,0,0.100000,1.000000
133268399,82,1101000100011100101011100101001001001001001111100100010010001001001011110110001010,133266895,0,0.100000,1.000000
133268400,82,1000000010111110111110010100101100100100111110010001001000100100111011011000111001,133266895,0,0.100000,1.000000
133268401,80,00000100111110111110000101000001001001111100100010010001001000011101100011000010,133263565,0,0.060000,0.600000
133268402,87,011100000011011011111110000110100000100100111110010001001000100100101110010000110001111,133263565,0,0.060000,0.600000
133268403,82,1000000010111110111110010100101100100100111110010001001000100100111011011000111001,133266895,0,0.100000,1.000000
133268404,84,111010100000111001010101010110100000100100111110010001001000100100101111011000110101,133263565,0,0.060000,0.600000
133268405,79,0100100111101111110001010111000010010011111001000100100010010010111101100010101,133263565,0,0.060000,0.600000
133268406,86,01000000000111110101100010100100100100100111110010001001001000101111010011000111101011,133266895,0,0.100000,1.000000
133268407,85,0100010001001111100110111101001000001001001101100100000010011011001110100110001111111,133263565,0,0.040000,0.400000
133268408,83,11100000101110011101010010110100000100100111110010001001000100100111111011001110101,133266895,0,0.100000,1.000000
133268409,85,0110101010001110010101010010110100100100100111110010001011000100110011101001100110101,133266895,0,0.100000,1.000000
133268410,86,11100000011011010111110000110100000100100111110010001001000100100101111010010110001111,133266895,0,0.100000,1.000000
133268411,78,010000101010000111110110010100001001001111100100010010000101101111010111001100,133263565,0,0.050000,0.500000
133268412,82,1010000001111101111100001001000001101001111100100010010001001001100110110001111110,133266895,0,0.100000,1.000000
133268413,83,10000000000111110011111010000110000100100111110010001001001100100111011110001111001,133266895,0,0.100000,1.000000
133268414,82,1000000010111110111110011100000100100100111110010001001001100100011011011000101101,133266895,0,0.100000,1.000000
133268415,84,111001000100111110111110110100100000100110111110010001001001100100111011011000111111,133266895,0,0.080000,0.800000
133268416,83,01100000001110010001110010110100000100101111110010001001000100100111111001001110101,133266895,0,0.100000,1.000000
133268417,84,010001100000110010101010000010100000100100111110010001001000100100101111010010101011,133266895,0,0.100000,1.000000
133268418,82,1000000010111110111110010100101100100100111110010001001000100100111011011000111001,133266895,0,0.100000,1.000000
133268419,82,1000000010101110111100010101100100100100111110010001001000100100111011011000111101,133263565,0,0.060000,0.600000
133268420,82,1110000011110111101100100000100001001011111100100010010001001001011110110101101000,133266896,0,0.066667,1.000000
133268421,81,000000101110010001110010110100000100100111110010001001000100100111111011000110000,133266896,0,0.066667,1.000000
133268422,86,11100000010011011111110000110100100100100111100010001001100100100101111010000110001111,133266896,0,0.066667,1.000000
133268423,82,1110000011110111101100100000100001001011111100100010010001001001011110110101101000,133266896,0,0.066667,1.000000
133268424,84,110101010001111010101110010110100000100100111110010000001001100100101111001001100101,133266896,0,0.066667,1.000000
133268425,84,111100000001110011101010010110100000100100111110010001001000100100111111011001110111,133266896,0,0.066667,1.000000
133268426,84,110100000001110010101110010110100000000100111110010001001000100101101110011011110101,133266896,0,0.066667,1.000000
133268427,86,11100000011011010111110000110100000100100111110010001001000100100101111010010110001111,133266896,0,0.066667,1.000000
133268428,84,110101010001111010101110010110100000100100111110010000001001100100101111001001100101,133266896,0,0.066667,1.000000
133268429,81,000000101110010001110010110100000100100111110010001001000100100111111011000110000,133266896,0,0.066667,1.000000
133268430,79,0000000011111011111000010100000100100111110010001001000100100101110110001101001,133266896,0,0.066667,1.000000
133268431,83,10100000001110010101110010110100000100100111110010001001000100100101110011010100101,133266897,0,0.053333,0.800000
133268432,83,11100000001110011101010010110100000100100111110010001001000100100111111011001110101,133266897,0,0.066667,1.000000
133268433,79,0000001011111011010010100000000100100111110010001001000100100111011011000111110,133266897,0,0.066667,1.000000
133268434,82,1000001010110000011101101101000001001001111100100010010001001001111010111001000011,133266897,0,0.066667,1.000000
133268435,83,01100100010011111001110001010010000000100111110010001001001100100111011011000111111,133266897,0,0.066667,1.000000
133268436,84,111001000100111110111110010100100000100100111110010001001001100100111011011000111111,133266897,0,0.066667,1.000000
133268437,82,1000001010110000011101101101000001001001111100100010010001001001111010111001000011,133266897,0,0.066667,1.000000
133268438,87,101110000011011011111110011110100100100111011110010001001000100100101111010000110000110,133266897,0,0.066667,1.000000
133268439,87,011101000100011100101011100101101000001001001111100100010010001001001011110110001101010,133266898,0,0.100000,1.000000
133268440,83,11101010100011100101010101011010000010010011111001000100100010010010101111100011010,133266898,0,0.100000,1.000000
133268441,75,000001111011111110101010010001001001111100100010010010001001011111110001001,133266898,0,0.100000,1.000000
133268442,82,1100001010100001111101100101000001001001111100100010010001001101111010011001100011,133266898,0,0.100000,1.000000
133268443,76,0001000111001111001010010010010010011111001000100100000010011111101100011011,133266898,0,0.100000,1.000000
133268444,81,110100000010111011111000010010010000100111110010001001000100100110011011000111110,133266898,0,0.100000,1.000000
133268445,86,01100110010000111001011001010010000010010011111001100100100110010011100101100011111110,133266898,0,0.100000,1.000000
133268446,86,01100100011011011111110000100100100100100111110010001001000100100101111010000110001111,133266898,0,0.100000,1.000000
133268447,88,1101110000011011011111100000110100101100110111110010001001000100100101101010000110001110,133266898,0,0.100000,1.000000
133268448,78,000000011111011010010100000000100100111110010001001000100100111011011000110110,133266898,0,0.100000,1.000000
133268449,82,0100010100111101111110001000111000010010011111001000100100010010010111101100010111,133266898,0,0.100000,1.000000
133268450,83,11100000001110011101010010110100000100100111110010001001000100100111111011001110101,133266898,0,0.100000,1.000000
133268451,85,0101000000011100001011100101101000101001001011100100010010001001001011100110101101011,133266898,0,0.100000,1.000000
133268452,75,000100011100111100101000001001001001111100100010010001001001111111110001101,133266898,0,0.100000,1.000000
133268453,78,000100111010101110010100101101100100111110011001001001100100111111011000011111,133266898,0,0.100000,1.000000
133268454,83,10111000001110010101010010100100000100100111110010001001000100110111010111001101001,133266898,0,0.100000,1.000000
133268455,82,1000001010110000011101101101000001001001111100100010010001001001111010110001000011,133266898,0,0.100000,1.000000
133268456,82,0100010100111101111110001000111000010010011111001000100100010010010111101100010111,133266898,0,0.100000,1.000000
133268457,79,0000000011111011111000010100000100100111110010001001000100100101110110001101001,133266898,0,0.100000,1.000000
133268458,82,1000001010100101011101101101000001001001111100100010010111001001111010110001100010,133266898,0,0.100000,1.000000
133268459,80,10100010001110010101110010100100111001001111100100010010001001001011110110001010,133266898,0,0.100000,1.000000
133268460,85,0100000001011111011111011010010000010010011111001000100100010010011111110111011010111,133266898,0,0.100000,1.000000
133268461,76,0010001101110111001100010110100100111110010001001001100100111111011000111111,133266898,0,0.100000,1.000000
133268462,83,01000000010111110111110110100100000100100111110010001001000100100111111101110110101,133266899,0,0.100000,1.000000
133268463,79,0000010011110111110001001111000010010010111001000100100010010010111101100010111,133262184,0,0.100000,0.600000
133268464,80,00001001000011011111001010010010010010011111001000100100010010011001011100011100,133262184,0,0.100000,0.600000
133268465,84,110101010001110110101110010110100000100100101110010001001001100100111111000000100101,133266899,0,0.100000,1.000000
133268466,82,1000000010111110111110011100000100100100111110010001001001100100011011011000101101,133266899,0,0.100000,1.000000
133268467,84,011001000100111110111110010100100000100100111110010001001001100100111011011000111111,133266899,0,0.100000,1.000000
133268468,80,00000100011111011111000010100000100100111110010001001000100100101110110011101001,133266899,0,0.100000,1.000000
133268469,82,0000000000111001000111000011010100010010011111001000100100110011011111010100110101,133266900,0,0.028571,1.000000
133268470,75,000100011010111100101000001001000001111100100010010001001001111110110001101,133266900,0,0.028571,1.000000
133268471,85,1011101000100011100101011100101101000010010011111001000100100010010010111001100011010,133266900,0,0.028571,1.000000
133268472,80,01101001110011111100010001110000101100111110011001001000100100101111011000101111,133266900,0,0.028571,1.000000
133268473,75,000100011010111100101000001001000001111100100010010001001001111110110001101,133266900,0,0.028571,1.000000
133268474,84,110101010001110010101010010110100100100100111110010001001000100100011101001000110101,133266900,0,0.028571,1.000000
133268475,80,00000100010000011101101001000000001001110100100010010001001001111000101001100010,133266900,0,0.028571,1.000000
133268476,83,11100000001110011101010010110100000100100111110011001001000100100111111001001010101,133266900,0,0.028571,1.000000
133268477,80,01111001110011101000010001110000100100111110011001001000100100101111011000101011,133266901,0,0.066667,1.000000
133268478,85,1001000001010100001011000100101000000001001111100100010010001001111111010111001100010,133266901,0,0.066667,1.000000
133268479,83,11010000001111101111100001001001001001001111100101010010001001001100110110001110110,133266901,0,0.066667,1.000000
133268480,85,0100010001001111100110111101001000001001001101100100000010011011001110100110001111111,133266901,0,0.066667,1.000000
133268481,81,100001001111011101110010010110000100100111110010001001000100100101011011010110101,133266901,0,0.066667,1.000000
133268482,81,100000001011111011111011010011000000100111110010001001000100100111111101110110101,133266901,0,0.066667,1.000000
133268483,84,111001000100111110011110010100100000100100111110010001001001100100011011111100111111,133266901,0,0.066667,1.000000
133268484,83,11101010000011100101010101011010000010010011111001000100100010010010101111100011010,133266901,0,0.066667,1.000000
133268485,83,11001000100111110111110010100100000100100111110010001001001100100111011011010111111,133266901,0,0.066667,1.000000
133268486,81,100000001011111011111011010011000000100111110010001001000100100111111101110110101,133266901,0,0.066667,1.000000
133268487,81,100000001011111011111011010011000000100111110010001001000100100111111101110110101,133266901,0,0.066667,1.000000
133268488,85,1101000100011100101011100101101000001001001111100100010010000001001010110110001101011,133266902,0,0.040000,1.000000
133268489,85,0010000010011100111011100100101000001001001110100100010010001001001111110010011101011,133255832,0,0.040000,0.700000
133268490,84,110101010001110110101110010110100000101100101110010001001001100100111111000000100101,133266902,0,0.032000,0.800000
133268491,84,111010000001111101111100001001001001001001111100100010010001001001100110110001110110,133255832,0,0.040000,0.800000
133268492,84,011001000100111110011110010100100000100100111110010001001001100100111011011000111111,133266902,0,0.040000,1.000000
133268493,81,100010100111101111110001000111000010010011111001000100100010010010111101100011111,133255832,0,0.040000,0.800000
133268494,75,000001111011011110101010010001001001111100100010010011001001011111110001101,133266902,0,0.040000,1.000000
133268495,84,110101010001110110101110010110100000100100101110010001001001100100111111000000100101,133266902,0,0.040000,1.000000
133268496,77,00100000111110111110001010000010010011111001000100100010010010111011000110100,133266902,0,0.040000,1.000000
133268497,83,10000001101111101111100101001011001001001111100100010010001001001110110110001110011,133255832,0,0.040000,0.800000
133268498,81,100000001111110111010001001000010010011111001000100101110010111101101101011001101,133255832,0,0.032000,0.600000
133268499,80,00000000011111011111000010100000100100111110010001001000100100101110110011101001,133266903,0,0.050000,1.000000
133268500,83,01110000001110011000110010110100000100100111110010001001000100100011101001001110101,133266903,0,0.050000,1.000000
133268501,81,010000000111001010111001011010000010010011111001000100110010010010111001101011001,133266903,0,0.050000,1.000000
133268502,83,01110000001110011000110010110100000100100111110010001001000100100011101001001110101,133266903,0,0.050000,1.000000
133268503,82,1101000100011100101011100101001001011001000111100100010010001001001011110110001010,133266903,0,0.050000,1.000000
133268504,86,11100000011011011110110000110100000100100111110010001001000100100101111010000110001111,133266903,0,0.050000,1.000000
133268505,75,000100011101111100101000001001001001111100100010010000001001111110110001101,133266903,0,0.050000,1.000000
133268506,84,111001000100111110011110010100000000100100111110010001001001100100101011011000111111,133266903,0,0.050000,1.000000
133268507,86,11100000011011011110110000110100000100100111110010001001000100100101111010000110001111,133266903,0,0.050000,1.000000
133268508,78,001100001100111110011100111010100101111110010001001000100100111010011000111111,133266903,0,0.050000,1.000000
133268509,83,10100000001110000101110010110100000100100111110010001001000100100101110111010110101,133266903,0,0.050000,1.000000
133268510,81,100000001111110111010001001000010010011111001000100100110010111101101100011001101,133266903,0,0.050000,1.000000
133268511,84,100010000011101110011101010000000010010011111001000100100010010011101110010011110010,133266903,0,0.050000,1.000000
133268512,86,10010000000011100111011100100101000001001001111100100010010001001001111110010011101011,133266903,0,0.050000,1.000000
133268513,76,0001000111001111001010000010010010011111001000100100000010011111101100011011,133266904,0,0.040000,1.000000
133268514,77,00000000111110111110001010000010010011111001000100100010010010111011000111100,133266904,0,0.040000,1.000000
133268515,86,01110100010001110010101110010110100000100100111110010001001000100100101111001000110101,133266904,0,0.040000,1.000000
133268516,83,01110000001110011000110010110100000100100111110010001001000100100011111001001110101,133266904,0,0.040000,1.000000
133268517,85,1110010001101111100111100111001000001001011111100100010010010001000110111111001111111,133266904,0,0.040000,1.000000
133268518,85,1110010001101111100111100111001000001001011111100100010010010001000110111111001111111,133266904,0,0.040000,1.000000
133268519,74,00000011101111010101011000010010011101001000100100110010011101101100011101,133266904,0,0.040000,1.000000
133268520,85,1001001001010100001011101101101000001001001111100100010010001001001111010111001100011,133266904,0,0.040000,1.000000
133268521,85,1110010001101111100111100111001000001001011111100100010010010001000110111111001111111,133266904,0,0.040000,1.000000
133268522,77,00000000111110111110001010000010010011111001000100100010010010111011000111100,133266904,0,0.040000,1.000000
133268523,76,0001000111001111001010000010010010011111001000100100000010011111101100011011,133266904,0,0.040000,1.000000
133268524,83,00000001001010010111111111110011010100100111110010001101000100100111100110001011011,133266904,0,0.040000,1.000000
133268525,83,00000001001010010101111111110011010100100111110010001101000100100111100110001011011,133266904,0,0.040000,1.000000
133268526,87,111100000011011011111110000110100100100100111110010001001000100100101111010000110001111,133266904,0,0.040000,1.000000
133268527,77,00000000111110111110001010000010010011111001000100100010010010111011000111100,133266904,0,0.040000,1.000000
133268528,86,10110010001001111100111000101001000001001001111100100010010011001001110110110001111111,133266905,0,0.100000,1.000000
133268529,83,11011001100111110111110010100100000100100111110010001001001100100111011011000111011,133266905,0,0.100000,1.000000
133268530,80,11010000000111001101110010100100100100100111110010001001000100100101111011000101,133266905,0,0.100000,1.000000
133268531,84,011100000001110011101010010110100000100100111110010001001000100100111111011000100101,133266905,0,0.100000,1.000000
133268532,83,10111001001110010101011010100100000100100111110010001011000100110111010111001101001,133266905,0,0.100000,1.000000
133268533,83,10000000000111110011111010000110000100100111110010001001001100100111011110001111001,133266905,0,0.100000,1.000000
133268534,84,001000001010100101011101101101000001001001110100100010010011001001111010110001100010,133266905,0,0.100000,1.000000
133268535,75,000101011110111100101000001001001001111100100010010001001001111110100001101,133266905,0,0.100000,1.000000
133268536,83,10000000000111110011111010000110000100100111110010001001001100100111011110001111001,133266905,0,0.100000,1.000000
133268537,83,01100000001110011101010010110100000100100111110010001001000100100111111011001110111,133266905,0,0.100000,1.000000
133268538,83,10100000001110000101110010110100000100100111110010001001000100100101110111010110111,133266905,0,0.100000,1.000000
133268539,74,00100011100111000101000001001001001111100100010110000001001111110110001101,133266905,0,0.100000,1.000000
133268540,88,0101110000011011011111110000110100100100110111110010001001000100100101101010000110001110,133266905,0,0.100000,1.000000
133268541,83,10100000001110000101110010110100000100100111110010001001000100100101110111010110111,133266905,0,0.100000,1.000000
133268542,84,011001000100111110011110010100100000100100111110010001001001100100111011011000111111,133266905,0,0.100000,1.000000
133268543,82,1000000001110111101010010110100010100100111110010001001000100100111111001000110101,133266905,0,0.100000,1.000000
133268544,79,0000000011111011111000010100000100100111110010001001000100100101110110001101001,133266906,0,0.100000,1.000000
133268545,76,0000001111101111010001011000010010011111001000100100110010011101101100011101,133251028,0,0.070000,0.700000
133268546,83,10100000001110011101010000110100000100100111110010001001000100100111101001001110101,133266906,0,0.100000,1.000000
133268547,74,00000011101101010101011000010010011101001000100100110010011101101100011101,133266906,0,0.100000,1.000000
133268548,79,0000000011111011111000010100000100100111110010001001000100100101110110001101001,133251028,0,0.100000,0.800000
133268549,86,01001000001010100001011000100101000000001001111100100010010001001101111010111001100010,133266906,0,0.100000,1.000000
133268550,82,0000000000111001000111000011010100010010011111001000100111110011011111010100110101,133251028,0,0.100000,0.600000
133268551,83,10100000001110011101010000110100000100100111110010001001000100100111101001001110101,133251028,0,0.080000,0.800000
133268552,87,101110000011011011111110011110100100100111011110010001001000100100101111010000110000110,133266906,0,0.100000,1.000000
133268553,79,0000000011111011111000010100000100100111110010001001000100100101110110001101001,133251028,0,0.100000,0.800000
133268554,83,10100000001110010101110010110100000100100111110010001001000100100101110011010110101,133251028,0,0.080000,0.800000
133268555,74,00000011101101010101011000010010011101001000100100110010011101101100011101,133266906,0,0.100000,1.000000
133268556,83,01000001010100001011101101001000000001001110100100010010001101001111000101001100010,133251028,0,0.060000,0.600000
133268557,75,000001111011110110101010010001001001111100100010010010001001011111110001001,133251028,0,0.100000,0.600000
133268558,83,10100000001110010101110010110100000100100111110010001001000100100101110011010110101,133266907,0,0.040000,1.000000
133268559,82,0111000001111011110110000000010000100100111100010001001000100100111111111010101000,133266907,0,0.040000,1.000000
133268560,84,111110000011100101010100101001001001001001111100100010010001001001110100111001101000,133266907,0,0.040000,1.000000
133268561,83,10100000001110010101110010110100000100100111110010001001000100100101110011000110101,133266907,0,0.040000,1.000000
133268562,81,110100000010111011111000010010010000100111110010001001000100100110011011000111110,133266907,0,0.040000,1.000000
133268563,84,000000000011111001111101010011000010010011111001000100100110010011101111100011110011,133266907,0,0.040000,1.000000
133268564,85,1111001000100111110111110110100100000100100111110010001001001100100111011011000111111,133266907,0,0.040000,1.000000
133268565,85,0000000000010100101011111111100110001001001111100100010010001001001111010110001011011,133266907,0,0.040000,1.000000
133268566,79,0000010011111011010010100000000100100111110010000001000100100111011011001111110,133266907,0,0.040000,1.000000
133268567,84,000000000011111001111101010011000010010011111001000100100110010011101111100011110011,133266907,0,0.040000,1.000000
133268568,84,111010001000111001010111001011010000010010011111001000100100010010001101011000110101,133266907,0,0.040000,1.000000
133268569,86,00110010001001111100111100101001000001001001111100100010010011001001110110110001111110,133266907,0,0.040000,1.000000
133268570,83,01100000001110011001110010110100000100101111110010001001000100100111111001001110101,133266907,0,0.040000,1.000000
133268571,83,10100000001110000101110010110100000100100111110010001001000100100101110111010110101,133266907,0,0.040000,1.000000
133268572,82,0100010100111101111110001000111000010010011111001000100100010010010111101100010111,133266907,0,0.040000,1.000000
133268573,84,110000001101011110110000110100000100100111110010001001000100100101111010000110001011,133266907,0,0.040000,1.000000
133268574,85,1101000000011100001011100111101010001001001111000100010010001001001011110110101101010,133266907,0,0.040000,1.000000
133268575,83,11100000001110011101010010110100000100100111110010001001000100100111111011001110101,133266907,0,0.040000,1.000000
133268576,83,11100000001110011101010010110100000100100111110010001001000100100111111011001110111,133266907,0,0.040000,1.000000
133268577,84,111010001000111001010111001011010000010010011111001000100100010010001101011000110101,133266907,0,0.040000,1.000000
133268578,84,000000000011111001111101010011000010010011111001000100101110010011101111100011110011,133266907,0,0.040000,1.000000
133268579,83,10100010001110010101110010110100000100100111110010001001000100100101110011010110101,133266907,0,0.040000,1.000000
133268580,77,11000000011101111010001011000010010011111001000100100110010011101101100011101,133266908,0,0.040000,1.000000
133268581,76,0000010101010111110000001000100101100111110010001001001100100110000110001011,133266908,0,0.040000,1.000000
133268582,77,11000000011101111010001011000010010011111001000100100110010011101101100011101,133266908,0,0.040000,1.000000
133268583,76,0000010101010111110000001000100101100111110000001001001100100110000110001011,133266908,0,0.032000,0.800000
133268584,76,0000010101010111110000001000100101100111110010001001001100100110000110001011,133266908,0,0.040000,1.000000
133268585,81,000000011110111111010100100000100100111110010001001000100100111011111100111100110,133266908,0,0.040000,1.000000
133268586,84,110100000001110010101110010110100000000100111110010001001000100101101110011011110101,133266908,0,0.040000,1.000000
133268587,80,01010001000111001010111001011100100100100011110010001001000100100101111011000101,133266908,0,0.032000,0.800000
133268614,83,00101100001111010101010010111100100100100111110010001001000000100101110100001101010,133222210,0,0.000000,1.000000
133268615,82,0110000000111101111111000011010010010010011111001000101000100100100111010000110001,133222210,0,0.000000,1.000000
133268616,84,111001000100111110011110010100000000100100111110011001001001100100101011011000111111,133222213,0,0.000000,1.000000
133268617,88,1101110000011011011111100000110100101100110111110010001001000100100101101010000110001110,133222213,0,0.000000,1.000000
133268618,85,0100000001011111011111011010010000010010011111001000100100010010011111110111011010111,133222213,0,0.000000,1.000000
133268619,84,111010001000111010101110010110100000110100111110010001001000100100101011011000110101,133260454,0,0.000000,0.600000
133268620,84,111000000101111001111100101011000001001001111100100010010001011001100010110000011010,133260454,0,0.000000,0.600000
133268621,82,1000001010100101011101101101000001001001111100100010010111001001111010110001100010,133222213,0,0.000000,1.000000
133268622,84,110110000011100101010100101001000001001001111101100010010001001001110100111001101000,133222213,0,0.000000,1.000000
133268623,80,01000010101000011111011001010000010010011111001000100100001011011110101110011000,133223823,0,0.000000,1.000000
133268624,85,1101000000011100001011100101101010001001001111000100010010001001001011110110001101010,133223823,0,0.000000,1.000000
133268625,82,1000000110111110111110010100101100100101111110010001001000100100111011011000111001,133223823,0,0.000000,1.000000
133268626,79,0000010101000011111010010100000000100111110010001001000100100111101011100110001,133223823,0,0.000000,1.000000
133268627,85,1001000001010110001011101101101000001001001111100100010010001001000111010111001100011,133223823,0,0.000000,1.000000
133268628,81,100000101010000111110110010100000100100111110010001001000100100111101011100110001,133223829,0,0.000000,1.000000
133268629,82,1010000001111101111100001001001001101001111100100010010001001001100110110001111110,133223829,0,0.000000,1.000000
133268630,83,11100000001110011101010010110100000100100111110010001001000100100111111011001110101,133223829,0,0.000000,1.000000
133268631,76,0000010101010111110000001000100101100111110010001001001100100110000110001011,133225394,0,0.000000,1.000000
133268632,84,110000000111001110101001011010000010010011111001000100000010010011111100100101000111,133225394,0,0.000000,1.000000
133268633,86,11001000001010100001111101101101000001001001111000110010010000001001111010111000100011,133225396,0,0.000000,1.000000
133268634,84,110100000011111011111000010010010010010011111001000100100010010011001101100011101101,133225398,0,0.000000,1.000000
133268635,83,10100000001110010101110010110100000100100111110010001001000100100101110011000110101,133225398,0,0.000000,1.000000
133268636,89,01011100000110110111111100001101001001001101111100100010010001001001011010100001100011100,133225402,0,0.000000,1.000000
133268637,84,000000000001111001111111010011000010010011111001000100100110010011101111100011110011,133225402,0,0.000000,1.000000
133268638,86,01110100010001110010101110010110100000100100111110010001001000100100101111001000110101,133225409,0,0.000000,1.000000
133268639,82,0100000001110101111101001001000001001001111101100010010001001001101110010001111001,133225409,0,0.000000,1.000000
133268640,84,110101000001111010101010010110100000100100111110010001001000100100101111110000110101,133225409,0,0.000000,1.000000
133268641,87,010101000100011100101011100101101000001001001111100100010010001001001011110110001101010,133225409,0,0.000000,1.000000
133268642,81,100000101010000111110110010100000100100111110010101001000100100111101011100110001,133225410,0,0.000000,1.000000
133268643,81,100000101011000000110110110100000100100111110010001001000100100111101011100100001,133225411,0,0.000000,1.000000
133268644,74,00001010101011111000000100010010110011111001000100100110011011000011000101,133225411,0,0.000000,1.000000
133268645,83,11100000001110011101010010110100000100100111110010001001000100100111111011001110101,133225411,0,0.000000,1.000000
133268646,84,111100000001110011101010010110100000100100111110010001001000100100111111011011110111,133233888,0,0.000000,0.800000
133268647,88,0101110000011011011111110000110100110100110111110010001001000100100101101010000110001110,133225411,0,0.000000,1.000000
133268648,82,1000000010111110111100011100000100100100111110010001001001100100011011011000101101,133225411,0,0.000000,0.800000
133268649,81,100000101011000000110110110100000100100111110010001001000100100111101011100100001,133225411,0,0.000000,1.000000
133268650,80,00100100111110111110000101000001001001111100100010010001001000011001100011010011,133225411,0,0.000000,1.000000
133268651,79,0000100100001101011100101101001001001001111100100010010001001001110101110001110,133227178,0,0.000000,1.000000
133268652,76,0000101111111111100001011010101001001111100100010010001001001010100100111001,133227178,0,0.000000,1.000000
133268653,85,0010000000011100111001100100101000001001001111100100010010001001001111110010011101011,133228722,0,0.000000,1.000000
133268654,82,0000000111101111110100001000001001001111100100010010001001001010111110001111001101,133228722,0,0.000000,1.000000
133268655,82,0000000111101111110100001000001001001111100100010010001001001010111110001111001101,133228722,0,0.000000,1.000000
133268656,84,000000000011111001111101010011100010000011111001000100100110010011101111100011110011,133228726,0,0.000000,1.000000
133268657,83,11101010000011100101010101011010000010010011111001000100100010010010101111100011010,133228726,0,0.000000,1.000000
133268658,85,1111100000111001010101001010010010010010011111001000100100010010011101011110011010001,133228726,0,0.000000,1.000000
133268659,83,11101010000011100101010101011010000010010011111001000100100010010010101111100011010,133228726,0,0.000000,1.000000
133268660,85,1111100000111001010101001010010010010010011111001000100100010010011101001110011010001,133228726,0,0.000000,1.000000
133268661,82,1000000010111110111110011100000100101100111110010001001001100100111011011000101101,133228727,0,0.000000,1.000000
133268662,76,0010011101010111001010010110000010011111001000100100111010011111101100011101,133228727,0,0.000000,1.000000
133268663,75,000100011110111100101000001001001001111100100010010001001001111110110001101,133228727,0,0.000000,1.000000
133268664,75,000100011110111100101000001001001001111100100010010001001001111110110001101,133228727,0,0.000000,1.000000
133268665,83,10001001100111110011110010100100010100100111010010001001001100100111011011000111111,133228727,0,0.000000,1.000000
133268666,76,0000000011101111010001011000010010011111001000100100111010011101101100011101,133228727,0,0.000000,1.000000
133268667,82,1011000010111100111110010100101100100100111110010001001000100100111011011000111001,133228730,0,0.000000,1.000000
133268668,79,1000001010110000111011010010000010010011111001000100100000010011110101100010000,133228730,0,0.000000,0.000000
133268669,86,01100110010001111001011001010010000010010011111001100100100110010011100101100011111110,133228730,0,0.000000,1.000000
133268670,84,111110000011100101010100101001000001001001111100100010010001001001110100111001101000,133228730,0,0.000000,1.000000
133268671,85,0110010001001111101111100101001000001001001111100100010010011001001110110110001111111,133228730,0,0.000000,1.000000
133268672,81,100000101010000111110110010100000100100111010010101001000100100111101011100110001,133228730,0,0.000000,1.000000
133268673,80,00000100111101111110001000111000010010011111001000100100010010010111101100010110,133228730,0,0.000000,1.000000
133268674,80,00000000111110111110100101010001001001111100100010010001001001011101100011010011,133228730,0,0.000000,1.000000
133268675,84,011010001000111001010111001011010010010010011111001000100100010010010111101100010100,133228730,0,0.000000,1.000000
133268676,86,00000000010010100101011111111100110101001001111100100011010001001001111010110001011011,133228730,0,0.000000,1.000000
133268677,75,000001111011111110101010010001001001111100100010010010001001011111110001001,133228730,0,0.000000,1.000000
133268678,86,00010000000011100111011100100101000001001001111100100010010001001001111110010011101011,133228730,0,0.000000,1.000000
133268679,85,1101000000011100001011100111101010001001001111000100010010001001001011110110101101010,133228730,0,0.000000,1.000000
133268680,82,1000000010111110111110010100101100100100111110010001001000100100111011011000111001,133228731,0,0.000000,1.000000
133268681,78,000000011111011010010100000000100100111110010001001000100100111011011000110110,133228734,0,0.000000,1.000000
133268682,83,10111000001110010101010010100100000100100111110010001001000100110111010111001101001,133228734,0,0.000000,1.000000
133268683,81,100000001011111011110110100100000100100111110010001001000100100111111101110110101,133270339,0,0.000000,0.800000
133268684,83,11101000000011100101011100101101110001001001111100100000010001001101001110110011010,133270339,0,0.000000,0.700000
133268685,76,0000010101010111110000001000100101100111110010001001001100100110010110001011,133228734,0,0.000000,1.000000
133268686,80,00000000011100101010100000101010010010011111001000100000110011011111010100110100,133228736,0,0.000000,1.000000
133268687,82,1000010011110111011100110001100000001001111100100010000011001001010100110101100011,133228737,0,0.000000,1.000000
133268688,85,1111110000011100100010100101001000001001001111100100110010001001001110100111001101000,133228737,0,0.000000,1.000000
133268689,84,001001010100111110011110010100100000100100111110010001000001100101101011011000111111,133228737,0,0.000000,1.000000
133268690,85,1111110000011100100010100101001000001001001111100100110010001001001110100111001101000,133228737,0,0.000000,1.000000
133268691,75,000001111011111110101010010001001001111100100010010011001001011111110001001,133228738,0,0.000000,1.000000
133268692,76,1000100011100111110101000001001001001111100100010010000001001111110110001101,133230485,0,0.000000,1.000000
133268693,75,000100011010111100101000001011000001111100100010010001001001111111110000101,133230485,0,0.000000,1.000000
133268694,82,0100000000111010111110000010100000100100111110010001001000100000111110110000101001,133252608,0,0.000000,0.500000
133268695,74,00000011101111010101011000010010011101001000100100110010011101101100011101,133230485,0,0.000000,1.000000
133268696,83,11001000100111110111110010100100000100100110110010001001001100100111011011000111111,133230485,0,0.000000,0.600000
133268697,82,1000000010111110111110010100101100100100111110010001001000100100111011011000111001,133252608,0,0.000000,0.600000
133268698,81,101100000011100111000100011010000010010011111001000100100010010011110100100111010,133252608,0,0.000000,0.600000
133268699,83,10100000001110010101110010110100000100100111110010101001000100100101110011010110101,133252608,0,0.000000,0.500000
133268700,83,11100000001110011101010010110100000100100111110010001001000100100111111011001110101,133252608,0,0.000000,0.600000
133268701,83,11010000001111101111100001001001001001001111100101010010001001001100110110001110110,133230487,0,0.000000,1.000000
133268702,78,000100011010101110010100101110100100111110010011001000100100111110011000111111,133230487,0,0.000000,1.000000
133268703,81,100000101010000111110110010100000100100111110010101001000100100111001011100110001,133230488,0,0.000000,1.000000
133268704,80,01111001110011111000010001110000100100111110011001001000101100101111011000101110,133230488,0,0.000000,0.800000
133268705,74,00001010101011111000000100010010110011111001000100100110011011000011000101,133230492,0,0.000000,1.000000
133268706,83,10100000001110000101110010110100000100100111110010000001000100100101110011010110101,133230497,0,0.000000,1.000000
133268707,86,01001000001010111001011101101101000001001001111100100010010001001001111010111001100011,133230497,0,0.000000,1.000000
133268708,82,1110000011100111101100100000100001001001111100100010010001001001011110111101101000,133230497,0,0.000000,1.000000
133268709,83,10100000001110010101110010110100000100100111110010001001000100100101110011010110101,133230500,0,0.000000,1.000000
133268710,85,0010000010011100111011100100101000001001001111100100010010001001001111110010011101010,133230500,0,0.000000,1.000000
133268711,85,0010000010011100111011100100101000001001001111100100010010001001001111110010011101010,133230500,0,0.000000,1.000000
133268712,86,01110100010001110010101110010110100000100100111110010001001000100101101111011000110101,133230500,0,0.000000,1.000000
133268713,78,001001001111101111000001010000010010011111001000100100010010000110011000110100,133230500,0,0.000000,1.000000
133268714,84,111001000100111110011110010100000000100100111110010000001001100100101011011000111111,133230500,0,0.000000,1.000000
133268715,81,100000001011111011111011010010000000100111110010001001000100100111111101110110101,133230500,0,0.000000,1.000000
133268716,82,0000000000111001000111000011010100010010011111001000100100110011011111010100110101,133230500,0,0.000000,1.000000
133268717,84,110011001000111100101100101001000001001101111100110010010011001001100101100011111110,133232161,0,0.000000,1.000000
133268718,80,01111001110011101000010001110000100100111110011001001000100100101111011000101011,133232161,0,0.000000,1.000000
133268719,84,110101000001110010101010010110100000100100111110010001001000100100101111110000110101,133232161,0,0.000000,1.000000
133268720,77,00000010111011110100010110000100100111110010001001001100100111011011000111011,133232161,0,0.000000,1.000000
133268721,80,01111001110011101000010001110000100100111110011001001000100100101111011000101011,133232161,0,0.000000,1.000000
133268722,83,11100000001110011101010010110100000100100111111010001001000100100111111011001110101,133232161,0,0.000000,1.000000
133268723,82,1101000100011100101011100101001001001001001111100100010010001001001011110110001010,133232161,0,0.000000,1.000000
133268724,83,11101010000111100101010101011010000010010011011001000100100010010010111111100011010,133232161,0,0.000000,1.000000
133268725,85,1011001000100111110011100010100100000100100111110010001001001100100111011011000111111,133232161,0,0.000000,1.000000
133268726,84,001001010100111110011110010100100000100100111110010001001001100101101011011000111111,133232161,0,0.000000,1.000000
133268727,80,00001001000011011111001010010010010010011111001000100100010010011001011100011100,133232161,0,0.000000,1.000000
133268728,81,100000001111011111010100100000100101111110010001001000100100111011111000111100110,133232161,0,0.000000,1.000000
133268729,84,001001010100111110011110010100100000100100111110010001001001100101101011011000111111,133232161,0,0.000000,1.000000
133268730,84,001001010100111110011110010100100000100100111110010001001001100101101011011000111111,133232161,0,0.000000,1.000000
133268731,84,001001010100111110011110010100100001100100111110010001001001100101101011011000111111,133232161,0,0.000000,1.000000
133268732,84,001001010100111110011110010100100000100100111110010001001001100101101011011000111111,133232161,0,0.000000,1.000000
133268733,85,1011001000100111110011100010100100000100100111110010001001001100100111011011000111111,133232161,0,0.000000,1.000000
133268734,83,11100000001110011101010010110100000100100111110010001001000100100111111011001110101,133232161,0,0.000000,1.000000
133268735,82,1000001010100001111101100100000001001001111100100010010001001001111010111001100011,133232161,0,0.000000,1.000000
133268736,83,10100000001110010101110010110100000100100111110010001001000100100101110011010110101,133232161,0,0.000000,1.000000
133268737,80,01111001110011101000010001110000100100111110011001001000100100101111011000101011,133232161,0,0.000000,1.000000
133268738,78,010000101000001111101100101000001001001111100100010010000101101111010111001100,133232161,0,0.000000,1.000000
133268739,84,110010001001111101111100101001000001001001111100100010010011001001110110110001111111,133232163,0,0.000000,1.000000
133268740,75,000001111011111110101010010001001001111100100010010011001001011111110001101,133232163,0,0.000000,1.000000
133268741,84,100010000011101110011101010000000010010011111001100100100010010011101110010011110010,133232163,0,0.000000,1.000000
133268742,84,110010001001111101111100101001000001001001111100100010010011001001110110110001111111,133232163,0,0.000000,1.000000
133268743,83,10100000001110010101110010110100000100100111110010001001000100100101010011010110101,133232165,0,0.000000,1.000000
133268744,84,111001000100111110111110010100100000100100111110010001001001100100111011011000111111,133232165,0,0.000000,1.000000
133268745,85,0010000010011100111011100100101000001001001111100100010010001001001111110010011101011,133232166,0,0.000000,1.000000
133268746,82,0111000001111011110110010000010000100100111110010001001000100100111111111010101001,133232166,0,0.000000,1.000000
133268747,79,0000100100001101011100101001001001001001111100100010010001001001110101110001110,133225402,0,0.000000,0.600000
133268748,84,011001000100111110011110010100100000100100111110010001001001100100111011011000110111,133232166,0,0.000000,1.000000
133268749,84,111000001101111001111100111001001001001001111100100010010001001001100110110010011010,133232166,0,0.000000,1.000000
133268750,83,11001000100111110111110010100100000100100110110010001001001100100111011011000111111,133232166,0,0.000000,1.000000
133268751,84,000000000011111001111101010011000010010011111001000100100110010011101111100011110011,133232168,0,0.000000,1.000000
133268752,82,0000000000111001000111000011010100010010011111001000100100110011011111010100110101,133233881,0,0.000000,1.000000
133268753,85,1101000000011110001011100101101010001001001111000100010010001001001011110110001101010,133232169,0,0.000000,0.700000
133268754,82,0000000000111001000111000011010100010010011111001000100100110011011111010100110101,133233881,0,0.000000,1.000000
133268755,84,111001000110111110011110011100100000100101111110010001001001000100011011111100111101,133233881,0,0.000000,1.000000
133268756,82,1010000001111101111100001000001001101001111100100010010001001001100110110001111110,133233881,0,0.000000,1.000000
133268757,83,11010000001111101111100001001001001001001111100100010010001001001100110110001110110,133233881,0,0.000000,0.600000
133268758,83,10000000000111110011111010000110000100100111110010001001001100100111011110001111001,133233881,0,0.000000,1.000000
133268759,83,11010000001111101111100001001001001001001111100100010010001001001100110110001110110,133232169,0,0.000000,0.800000
133268760,83,10100000001110000101110010110100000100100111110010001000000100100101110111010110111,133233888,0,0.000000,1.000000
133268761,83,11100000001110011101010010110100000100100111110010001001000100100111111011001110101,133225411,0,0.000000,0.800000
133268762,82,0100000000111010111110000010100000100100111110010001001000100000111110110000101001,133225411,0,0.000000,0.700000
133268763,85,1100000010011010001111011000010000010010011011001000100100010010011111100100011110110,133245507,0,0.000000,0.500000
133268764,85,1100000010011010001111011000010000010010011011001000100100010010011111100100011110110,133235528,0,0.000000,1.000000
133268765,73,0000011110111011101010100100100100111110010001001001100100001111111000110,133235528,0,0.000000,1.000000
133268766,84,110101010001110110101110010110100000100100101110010001001101100100111111000000100101,133235528,0,0.000000,1.000000
133268767,87,011101000100011100101011100101101000001001001111100100010010001001001011110110001101010,133235531,0,0.000000,1.000000
133268768,83,11000000001111011101000110010100010101100111110010001001000100100111011001001110101,133235531,0,0.000000,1.000000
133268769,88,0101110000011011011111110000110100100100110111110010001001000100100001101010000110001110,133235531,0,0.000000,1.000000
133268770,84,111010001000111010101110110110100000100100111110010001001000100100101011011000110101,133235531,0,0.000000,1.000000
133268771,86,01000001000111110101100010100100100100100111110010001001001000101111010011000111101011,133235531,0,0.000000,1.000000
133268772,83,10100000001110011101010000110110000100100111111010001001000100110111101001001110101,133235533,0,0.000000,1.000000
133268773,80,00000000011100101010100000101010010010011111001000100000110011011111010100110100,133235533,0,0.000000,1.000000
133268774,83,10100000001110010101110010110100000100100111110010001001000100100101110011000110101,133235534,0,0.000000,1.000000
133268775,84,101010001000111010101110010110100000100100111110010001001000100100101011011000110101,133235534,0,0.000000,1.000000
133268776,83,01000010010111110111110110100100000100100111110010001001000100100111111101110110100,133235534,0,0.000000,1.000000
133268777,79,0000001011111011010010101000000100100111110010001001000100100111011011000111110,133235537,0,0.000000,1.000000
133268778,81,110100000010111011111000010010010000100111110010001001000100100110011011000111110,133235537,0,0.000000,1.000000
133268779,83,11001000100111110111110010100100000100100110110010001001001100100111011011000101111,133235537,0,0.000000,1.000000
133268780,83,01100100001110011001010010110100000100000111110110001001000100100111111001001110101,133268605,0,0.000000,0.600000
133268781,86,11110010001001111101111100101001000001001001111100100010010011001001110110110001111110,133235539,0,0.000000,1.000000
133268782,84,110110000011100101010100101001000001001001111101100010010001001001110100111001101000,133235541,0,0.000000,1.000000
133268783,85,0010000010011100111011100100101000001001001110100100010010001001001111110010011101011,133228734,0,0.000000,0.700000
133268784,83,10100000001110010101110010110100000100100111110010001001001100100101110011010110101,133270339,0,0.000000,0.700000
133268785,86,01000000100011111001111101000011000010010011111001000100100110010011101010100011110011,133235542,0,0.000000,1.000000
133268786,78,000100011010101110010100100110100100111110010011001000100100111111001000111111,133235542,0,0.000000,1.000000
133268787,80,10000000111101111110100001000001001001111100100010000001001011101111100011110011,133235542,0,0.000000,1.000000
133268788,80,00000000011111011111000010100000100100111110010001001000100100101110110011101001,133235544,0,0.000000,1.000000
133268789,82,1000000010111010111110011100000100101100111111010001001001100100111011011000101101,133235544,0,0.000000,1.000000
133268790,84,100000010011110001111011000010000010010011011001000100100010010011111100100011110111,133257459,0,0.000000,0.700000
133268791,84,011001010100111110011110010100100000100100111110010001001001100101101011011000111111,133235545,0,0.000000,1.000000
133268792,80,00000100111110111110000101000001001001111100100010010001001000011111100011010010,133235545,0,0.000000,1.000000
133268793,81,100000101010000111110110010100000100100111110010001001000100100111101011100110001,133235547,0,0.000000,1.000000
133268794,76,0000101111111111100001011010101001001111100100010010001001001010100100111001,133270340,0,0.000000,0.600000
133268795,82,1010000001111101111100001001001001001001111100100010010001001001100110110001110110,133270340,0,0.000000,0.500000
133268796,84,110110000011100101010100101001000001001001111101100010010001001001110100111001101000,133235547,0,0.000000,1.000000
133268797,77,00000101111111111100001011010001001001111100100010010001001001010100100011001,133237113,0,0.000000,1.000000
133268798,81,110101000011110010101010101101000001001001101100100010010010010010111111100011010,133237119,0,0.000000,1.000000
133268799,86,11100000011011011111110000110100000100100111110010001001000100100101111010000110001011,133237121,0,0.000000,1.000000
133268800,80,10000000111101111110100001000001001001111100100010000001001011101111100011110011,133237121,0,0.000000,1.000000
133268801,75,000100011010111100101000001001000001011100100010010001001001111111110000101,133237121,0,0.000000,1.000000
133268802,75,000100011010111100101000101001000001111100100010010001001001111111110000101,133237121,0,0.000000,1.000000
133268803,83,01000001010100101011101101101000001001001110100100010010011001001111010110001100010,133237121,0,0.000000,1.000000
133268804,83,11101000100011100101011100101001001001001001111100100010010001001001011110110001010,133238687,0,0.000000,1.000000
133268805,84,100010000011101110011101010000000010010011111001000100100010010011101110010011110010,133238693,0,0.000000,1.000000
133268806,84,011100000001110011101010010110100000100100111110010001001000100100111111011000100101,133238693,0,0.000000,1.000000
133268807,84,110101010001110110111110010110100000100100101110010001001001100100110111000000100101,133238693,0,0.000000,1.000000
133268808,83,11001000100111110111110010100100000100100110110010001001001100100111011011000111111,133238693,0,0.000000,1.000000
133268809,82,0010110000111001010100001011010010010010011111001000100100000010010111010000110101,133238693,0,0.000000,1.000000
133268810,77,00000000111110111110001010000010010011111001000100100010010010111011000111100,133238693,0,0.000000,1.000000
133268811,86,01100110010001111001011001010010000010010011111001100100100110010011100101100011111110,133238693,0,0.000000,1.000000
133268812,83,10000000001110000101110000110001000100100111110010001001001100110111110101001101011,133238693,0,0.000000,1.000000
133268813,79,0100100111100111110001010111000010010011101001000100101010010010111101100010111,133238696,0,0.000000,1.000000
133268814,85,1101000000011100001011100101101010001001001111000100010010001001001011110110101101010,133238696,0,0.000000,1.000000
133268815,77,01001001111001111100010101110000100100111010010001001010100101011110110001011,133238696,0,0.000000,0.000000
133268816,85,1110001101001111100111101101001010001001001101100100010010001001001111111010001111010,133238696,0,0.000000,1.000000
133268817,82,0110000000111001100110001010100010100100111110010001011000100100111111001001110101,133238699,0,0.000000,1.000000
133268818,85,0110101010001110010101010010110100100100100111110010001011000100100011101001100110101,133270341,0,0.000000,0.500000
133268819,83,10000000101011101111110101011001001001001111100100010010001001001110110100001111110,133238700,0,0.000000,1.000000
133268820,86,11100000011011011111110000110100100100100111110010001001000100100101111010000110001111,133238700,0,0.000000,1.000000
133268821,84,101000000101111001111100101011001001001001111100100010010001011001100010110100001010,133238700,0,0.000000,1.000000
133268822,85,1011011000100111110011100010100100000100100111110010001001001100100111011011000111111,133238700,0,0.000000,0.800000
133268823,81,100000101011000000110110110100000100100111110010001001000100100111101011100100001,133238700,0,0.000000,1.000000
133268824,82,0010110000111001010101001011010010010010011111001000100100000010010111010000110101,133238700,0,0.000000,1.000000
133268825,83,11100010001110011101010010110100000100100111110010001001000100100111111011001110101,133238700,0,0.000000,1.000000
133268826,85,1011001000100111110011100010100100000100100111110010001001001100100111011011000111111,133238700,0,0.000000,1.000000
133268827,83,11100010001110011101010010110100000100100111110010001001000100100111111011001110101,133238700,0,0.000000,1.000000
133268828,84,111001000100111110011100010100000000100100111110010001001001100100111011110001111111,133238702,0,0.000000,0.800000
133268829,84,011101000100011100101011100101101000010010011111001000100100010010010111001100011010,133238705,0,0.000000,1.000000
133268830,80,11110000111101111011001000001000010010011111001000100100010110011111101101010100,133260445,0,0.000000,0.500000
133268831,84,011000000011110111111100001101001001001001111100100010010001001001011110100001100011,133238705,0,0.000000,0.600000
133268832,84,011000000011110011111100001101001101001001111100100010010001001001011110100001100011,133260445,0,0.000000,0.600000
133268833,84,110000001101101111111000011010000010010111110010001001000100100101111010000110001111,133243640,0,0.000000,0.500000
133268834,82,1000000011110111111010100100000100100111110010001001000100100111011111000111100111,133238706,0,0.000000,1.000000
133268835,86,11100000011011011110110000110100000100100111110010001001000100100101111010000110001111,133238706,0,0.000000,1.000000
133268836,83,11001001100111110011110010100100010100100111010010001001001100100111011011100111111,133238706,0,0.000000,1.000000
133268837,83,11100000001110011101010010110100000100100111110010001001000100100111111011001110101,133238707,0,0.000000,1.000000
133268838,84,010001100000110010101010000010100000100100111110010001001000100100101111010010101011,133238707,0,0.000000,1.000000
133268839,82,1000000010101110111100010101100100100100111110010001001000100100111011011000111101,133238707,0,0.000000,1.000000
133268840,83,11100000001110011101010010110100000100100111110010001001000100100111111011001110101,133238707,0,0.000000,1.000000
133268841,84,111001000100111110111110010100100000100110111110010001001001100100111011011000111111,133238707,0,0.000000,1.000000
133268842,82,1000000110111110111110010100101100100100111110010001001000100100111011011000111001,133238709,0,0.000000,1.000000
133268843,84,011100000001110011101010010110100000100100111110010001001000100100111111011000100101,133238709,0,0.000000,1.000000
133268844,83,01000001010100101011101101101000001001001110100100010010011001001111010110001100010,133240459,0,0.000000,1.000000
133268845,85,1100010001001111100111101101001000001001001101100100010010011001001110100110001111111,133240459,0,0.000000,1.000000
133268846,83,00000110011110111111110100000000100100110110010001011000100100111011111000111100110,133262182,0,0.000000,0.500000
133268847,85,1100010001001111100111101101001000001001001101100100010010011001001110100110001111111,133240459,0,0.000000,1.000000
133268848,75,000100011100111110101000001001001001111100100010010000001001111110110001101,133240460,0,0.000000,1.000000
133268849,85,1101000000011100001011100101101010001001001111000100010010001001001011110110001101010,133240460,0,0.000000,1.000000
133268850,76,0000001111111111000010110101010000011111001000100100010010010101001000110011,133240460,0,0.000000,1.000000
133268851,80,00001001000011011111001010010010010010011111001000100100010010011001011100011100,133240461,0,0.000000,1.000000
133268852,83,01101000100111110111110010100100000100100111110010001001001100100111011011010111111,133240461,0,0.000000,1.000000
133268853,83,11100000001110011101010010110100000100100111111010001001000100100111111011001110101,133240461,0,0.000000,1.000000
133268854,82,0100100001010010101110011110100000100100111110010001001000100100101111110000111101,133240462,0,0.000000,1.000000
133268855,77,00000000011101111010001011000010010011111001001100100110010011101101100011101,133270342,0,0.000000,0.600000
133268856,84,111001000100111110111110010100100000100100111110010001001001100100111011011000111111,133240462,0,0.000000,1.000000
133268857,88,0101110000011011011111110000110100100100110111110010001001000100100101101010000110001110,133240463,0,0.000000,1.000000
133268858,81,100000101010000111110110010100000100100111110010001001000100100111101011100110001,133240463,0,0.000000,1.000000
133268859,86,10010000010101000010111011011010000010010011111001000100100010010011110101100011000101,133240463,0,0.000000,1.000000
133268860,86,10010000010101000010111011011010000010010011111001000100100010010011110101100011000101,133240464,0,0.000000,1.000000
133268861,76,0000001011101111110101011000010010011111101000100100110000011101111100011101,133240464,0,0.000000,1.000000
133268862,81,100000101010000111110110110100000100100111110010001001000100100110101111100111001,133240466,0,0.000000,1.000000
133268863,84,100010000011101110011101010000000010010011111001000100100010010011101110010011110010,133254146,0,0.000000,0.600000
133268864,82,1000001010100001101101100101000001001011111100100010010001000001111010111001100011,133225410,0,0.000000,0.600000
133268865,76,0000101111111111100001011010101001001111100100010010001101001010100100111001,133240466,0,0.000000,1.000000
133268866,83,10100000001110010101110010110100000100100111110010001001000100100101010011010110101,133254146,0,0.000000,0.600000
133268867,82,1000001001100001111101100101000001001001111100100010010001001001111010111001100011,133240466,0,0.000000,1.000000
133268868,81,100100010011111001111011100100000100100110110010001001001100100011010110001111111,133240467,0,0.000000,1.000000
133268869,82,1110000011110111101100100000100001001011111100100010010001001001011010110111101000,133240468,0,0.000000,1.000000
133268870,82,1101000100101100101011100101101001001001001111100100010010001001001011110110001010,133240468,0,0.000000,1.000000
133268871,88,0101110000011011011111110000111100100100110111110010001001000100100101101010000110001110,133240468,0,0.000000,1.000000
133268872,83,11010000001111101111100001001001001001001111100100010010001001001100110110001110110,133240468,0,0.000000,1.000000
133268873,84,100000101010000101110110110100000100100111110010001001000100100111101011010110001010,133240468,0,0.000000,1.000000
133268874,76,0000101111111111100001011010101001001111100100010010001001001010100100011001,133240468,0,0.000000,1.000000
133268875,86,01001000001010100001011000100101000000001001111100100010010001001101111010111001100010,133240468,0,0.000000,1.000000
133268876,83,11010000001111101111100001001001001001001111100100010010001001001100110110001110110,133240468,0,0.000000,1.000000
133268877,83,01000010010111110111110110100100000100100111110010001001000100100111111101110110101,133240468,0,0.000000,1.000000
133268878,77,01000101111111111100001011010001001001111100100010010001001001010100110011001,133240468,0,0.000000,1.000000
133268879,84,110011001000111100101100101001000001001101111100110010010011001001100101100011111110,133240472,0,0.000000,1.000000
133268880,84,110101010001110110101110010110100000100100111110010001001001110100101111000000100101,133240472,0,0.000000,1.000000
133268881,85,1100100010011111011111001010010000010010011111001000100100110010011101101100011111111,133240472,0,0.000000,1.000000
133268882,74,00000011101101010101011000010010011101001000100100110010011101101100011101,133240475,0,0.000000,1.000000
133268883,83,11101010000111100101010101011010000010010011011001000100100010010010111111100011010,133247260,0,0.000000,0.800000
133268884,76,0001000111001111001010010010010010011111001000100100000010011111101100011011,133240475,0,0.000000,1.000000
133268885,82,1010000001111101111100001000001001101001111100100010010001001001100110110001111110,133247270,0,0.000000,0.600000
133268886,82,1000000010111110111110010100101100100100111110010001011000100100111011011000111001,133240476,0,0.000000,1.000000
133268887,78,111100111001111110001000111000010010011111001100100100000100101111011000101111,133240476,0,0.000000,0.000000
133268888,85,0001100000001110011001110010110100010100100111110110001001100100110111111001001110101,133240476,0,0.000000,1.000000
133268889,84,011001000100111110011110010100100000100100111110010001001001100100111011011000111110,133247270,0,0.000000,0.600000
133268890,82,1101001100011100101011100101101001001011001111100100010010001001001011110110001010,133240476,0,0.000000,1.000000
133268891,80,01111001110011101000010001110000100100111110011001001000100100101111011000101111,133240476,0,0.000000,1.000000
133268892,84,111000000101111001111100101011001001001001111100100010010101011001100010110100011010,133240476,0,0.000000,1.000000
133268893,85,0010000010011100111011100100101000001001001111100100010010001001001111110010011111011,133247270,0,0.000000,0.700000
133268894,76,0000010101010111110000001000100001100111110010001001001100100110000110001011,133247270,0,0.000000,0.500000
133268895,88,0101110000011011011111110000111100100100110111110010001001000100100101101010000110001110,133240476,0,0.000000,1.000000
133268896,75,000100011011111100101000001001000001111100100010010001001001111110110001101,133240476,0,0.000000,1.000000
133268897,83,01001000100101010111110010100100000100100110110010001001001100100111011011000111111,133240476,0,0.000000,1.000000
133268898,86,01100110010001111001011001010010000010010011111001100100100110010011100101100011111110,133240476,0,0.000000,1.000000
133268899,79,0000000001110111110100010010100100100111100010001001000100100111011011000111011,133240476,0,0.000000,1.000000
133268900,81,001000000111110111110000101100100100101111110010001001000100100110011011000111111,133241963,0,0.000000,1.000000
133268901,81,100000101011000000110110100100000100100111110010001001000000100111101011100100001,133241963,0,0.000000,1.000000
133268902,83,10100000001110010101110010110100000100100111110010001001000100100101110011010110101,133241963,0,0.000000,1.000000
133268903,77,00000001111101111010001011000010010011111001000100100110010011101101100011101,133241963,0,0.000000,1.000000
133268904,77,10000000011101111010000011000010010011111001000100100110010011101101100011101,133241963,0,0.000000,1.000000
133268905,77,00001000111101111001010000010010010011111001000100100010000011111101100011011,133241963,0,0.000000,1.000000
133268906,80,00000000011111011111000010100000100100111110010001001000100100101110110001101001,133241963,0,0.000000,1.000000
133268907,87,011101001100011100101011100101101000001001001111100100010110001001001011110110001101010,133241963,0,0.000000,1.000000
133268908,83,00101000001110010101010010110100000100100111110010001001000100100101110100001100011,133241963,0,0.000000,1.000000
133268909,82,1100000101011000001110110110100000100100111110010001001000100100111101011100100001,133241963,0,0.000000,1.000000
133268910,86,11100000011011011110110000110100000100100111110010001001000100100101111010000110001111,133241963,0,0.000000,1.000000
133268911,84,111001000100111110111110010100100000100100111110010001001001100100111011011000111111,133241963,0,0.000000,1.000000
133268912,77,00000001111101111010001011000010010011111001000100100110010011101101100011101,133241963,0,0.000000,1.000000
133268913,76,0000100011110111100101000001001001001111100100010010001000001111110110001101,133241963,0,0.000000,1.000000
133268914,77,00000101111101111100001011010001001001111100100010010001001001010100100011001,133241963,0,0.000000,0.800000
133268915,82,0111000001111011110110010000010000100100111110010001001000100100111111111010101001,133241963,0,0.000000,1.000000
133268916,77,00100011011101110011000101101001001111100100010010011001001111110110001111110,133241963,0,0.000000,1.000000
133268917,82,1010000001111101111100001000001001001001111100100011010001001001100110110001111110,133241963,0,0.000000,1.000000
133268918,84,010110000001110010101010010000100000100110111110010001001000100100111010111001101001,133241963,0,0.000000,1.000000
133268919,76,0000001111101111010001011000010010011111001000100100110010011101101100011101,133241963,0,0.000000,1.000000
133268920,81,100001001111011101110010010110000100100111110010001001000100100101011011010110101,133241963,0,0.000000,1.000000
133268921,76,0000100011110111100101000001001001001111100100010010001000001111110110001101,133241963,0,0.000000,1.000000
133268922,82,1000000010111110111110011100000100101100111110010001001001100100111011011000101101,133241964,0,0.000000,1.000000
133268923,84,111001000100111110011110010100100000010100111110010001001001100100111011010001111111,133241965,0,0.000000,1.000000
133268924,75,000001111011111110101010010001001001111100100010010001001001011111110001001,133241965,0,0.000000,1.000000
133268925,76,0000001011101111110101011000010010011111101000100100110000011101111100011101,133241965,0,0.000000,1.000000
133268926,83,11001000001110011101010010110100000100100111110010001001000100100111111011001110101,133241965,0,0.000000,1.000000
133268927,80,00001001000011011111001010010010010010011111001000100100010010011001011100011100,133241965,0,0.000000,1.000000
133268928,83,11101000100111100001011100101101001101001001111100100010010001001001011110110001010,133241967,0,0.000000,1.000000
133268929,81,000000101110010001110010110100000100100111110010001001000100100111111011000110000,133241967,0,0.000000,1.000000
133268930,82,1000000010111110111110011100000100100100111110010001001001100100011011011000101101,133241967,0,0.000000,1.000000
133268931,82,1100001010100001111101100101000001001001111100100010010001001101111010011001100011,133241967,0,0.000000,1.000000
133268932,81,101000000011100101001100101101000001001001111100100100100010010110111001101011010,133241967,0,0.000000,1.000000
133268933,82,0100000000111110011111010100110000100100111110010001001001100100111011111000111101,133241967,0,0.000000,1.000000
133268934,76,0000100011110111100101000001001001001111100101010010001000001111110110001101,133241971,0,0.000000,1.000000
133268935,86,01000000100011111001111101000011000010010011111001000100100110010011101110100011110011,133241971,0,0.000000,1.000000
133268936,76,0000001111111111000010110101010000011111001000100100010010010101001000110011,133241971,0,0.000000,1.000000
133268937,81,110000000101001110111001010101000100100111110010001001000100100011111001001100101,133262192,0,0.000000,0.500000
133268938,82,1000001010100001001101101101000001001001111100100010010001001001111000101001100010,133241972,0,0.000000,1.000000
133268939,81,100000001010000111110110110100000100100111010010001001000100100111101011100111001,133241972,0,0.000000,1.000000
133268940,82,0000000000111001010101000001010100010010011111001000100100110011011111010100110100,133262192,0,0.000000,0.500000
133268941,83,10000000000111110011111010000110000100100111110010001001001100100111011110001111001,133241972,0,0.000000,1.000000
133268942,83,10000000101110101111100111000001001011001111110100010010011001001110110110001011010,133241973,0,0.000000,1.000000
133268943,75,000101011110111100101000001001001001111100100010010001001001111110100001101,133241973,0,0.000000,1.000000
133268944,85,1100000101010000101110110110100000101100111110010101001000100100111101011010110001010,133241973,0,0.000000,1.000000
133268945,86,11100000011011011110110000110100000100100111110010101001000100100101111010000110001111,133241974,0,0.000000,1.000000
133268946,81,100000001011111011111011010011000000100111110010001001000100100111111101110110101,133241974,0,0.000000,1.000000
133268947,77,00100111010101110010100101100000100111110010001001001100100111111011001111011,133241974,0,0.000000,1.000000
133268948,86,10010000010101000010111011011010000010010011111001000100100010010011110101100011000111,133241974,0,0.000000,1.000000
133268949,83,10100000001110010101110010110100000100100111110010001001000100100101110011010110101,133241975,0,0.000000,1.000000
133268950,82,1010000010111100111110010100101100100100111110010001001000100100111011011000111001,133268588,0,0.000000,0.600000
133268951,86,01000000100011111001111101000011000010010011111001000100100110010011101110100011110011,133268588,0,0.000000,0.600000
133268952,76,0000000011101111010001011000010000011111001000100100110010011101101100011101,133241975,0,0.000000,1.000000
133268953,83,10100000001110010101110010110100000100100111110010001001000100101101110011010110101,133241975,0,0.000000,1.000000
133268954,83,11100001010100001111101100101000001001001111100100010010001001101111010011001100011,133268588,0,0.000000,0.500000
133268955,79,0000000011111011010010100000000100100111110010001001000100100111011011000110110,133241975,0,0.000000,1.000000
133268956,83,10100000001110010101110010110100000100100111110000001001000100100101110011010110101,133241975,0,0.000000,1.000000
133268957,84,110010001001111101111100101001000001001001111100100010010011001001110110110001111111,133243643,0,0.000000,1.000000
133268958,82,1000001000100001111101100101000001001001111100100010010001001001111010111001100011,133243643,0,0.000000,1.000000
133268959,86,01100110010001111001011001010010000010010011111001100100100110010011100101100011111110,133243643,0,0.000000,1.000000
133268960,87,001110100010001110010101110010010100000100100111110010001001000100100101111011000110101,133243644,0,0.000000,1.000000
133268961,83,10100000001110010101110010110100000100100111110010001001000100100101110011010110101,133243644,0,0.000000,1.000000
133268962,76,0000001011101111110101011000010010011111101000100100110000011101111100011101,133243644,0,0.000000,1.000000
133268963,85,1111001000100111110111110110100100000100100111110010001001001100100111011011000111111,133243644,0,0.000000,1.000000
133268964,82,1000000001110111101010010110100010100100111110010001001000100100111111001000110101,133243644,0,0.000000,1.000000
133268965,72,001011111111110000101101000100100111100100010010001001001010100100011001,133243644,0,0.000000,1.000000
133268966,82,1000001010110000011100101101000001001001111100100010010001001001111010110001000011,133243644,0,0.000000,1.000000
133268967,87,001110100010001110010101110010010100000100100111110010001001000100100101111011000110101,133243644,0,0.000000,1.000000
133268968,84,010000000101111101111101101001000001001001111100100010010011001001111111011101101011,133243644,0,0.000000,1.000000
133268969,83,11001000100111110111110010100100000100100110110010001001001100100111011011000101111,133243644,0,0.000000,1.000000
133268970,76,0000010101010111110000001000100001100111110010001001001100100110000110001011,133243644,0,0.000000,1.000000
133268971,75,000001111011111110101010010001001001111100100010010010001001011111110001001,133243645,0,0.000000,1.000000
133268972,85,0111110000011100101010100101001000001001001111100110010010001001001110100111001101000,133243645,0,0.000000,1.000000
133268973,79,0100100111101111110001010111000010010011111001010100100010010010111101100010101,133243645,0,0.000000,1.000000
133268974,76,0000010101010111110000001000100101100111110010001001001100100110000110001011,133243651,0,0.000000,1.000000
133268975,83,10110010001001111100111000101001000001001001111100100010010001001001101101100011111,133243651,0,0.000000,1.000000
133268976,83,11100000001110011101010010110100000100100111110010001001000100100111111011001110101,133255840,0,0.000000,0.800000
133268977,76,0000010101010111110000001000100101100111110010001001001100100110000110001011,133255840,0,0.000000,0.600000
133268978,75,000100011100111100101000001001001001111100100010010001001001111110110001101,133243651,0,0.000000,1.000000
133268979,84,011001000100111110111110010100100000100100111110010101001001100100111011011000111111,133243651,0,0.000000,0.800000
133268980,83,01100100010011111001110001010010000000100111110010001001001100100111011011000111111,133255840,0,0.000000,0.600000
133268981,78,000000011111011010010100000000100100111110010001001000100100111011011000110110,133243651,0,0.000000,1.000000
133268982,82,1000000001110011101010010110100010100100111110010001001000000100111111001001110101,133243651,0,0.000000,1.000000
133268983,79,0000001011111011010010100000000100100111110010001001000100100111011011000111110,133243651,0,0.000000,1.000000
133268984,80,00001001000011011111001010010010010010011111001000100100010010011001011100011100,133243651,0,0.000000,1.000000
133268985,83,11100000001110011101010010110100000100100111110010001001000100100111111011001110101,133243651,0,0.000000,1.000000
133268986,82,0100100001010010101110011110100000000100111110010001001000100100101111110000111101,133243651,0,0.000000,1.000000
133268987,84,000000000011111001111101010011000010010011111001000100100110010011101111100011110011,133243651,0,0.000000,1.000000
133268988,77,10000000011101111010001111000010010011111001000100100110010011101101100011101,133255840,0,0.000000,0.700000
133268989,82,1000000011111101111100010010000100100111110010001001001100101111011011000110011011,133243651,0,0.000000,1.000000
133268990,82,1000000001110011101010010110100010100100111110010001001000000100111111001001110101,133243651,0,0.000000,1.000000
133268991,84,011010001000111001010111001011010010010010011111001000100100010010010111101100010100,133255840,0,0.000000,0.800000
133268992,81,100010100111101111110001000111000010010011111001000100100010010010111101100011111,133243651,0,0.000000,1.000000
133268993,85,1110101010001110010101010010110100000100100111110010001001000100100011101001100110101,133243651,0,0.000000,1.000000
133268994,83,01101000100111110111110010100100000100100111110010001001001100100111011011010111111,133243651,0,0.000000,1.000000
133268995,83,01100100010011111001110001010010000000100111110010001001001100100111011011000111111,133243651,0,0.000000,1.000000
133268996,82,1110000011100111101100100010100001001001111100100010110001001001011110111101101000,133255840,0,0.000000,0.700000
133268997,84,100010000011101110011101010000000010010011111001000100100010010011101110010011110010,133243651,0,0.000000,1.000000
133268998,83,11100000001110011101010010110100000100100111110010001001000100100111111011001110101,133243652,0,0.000000,1.000000
133268999,86,01110100010001110010101110010110100000100100111110010001001000100100101111001000110101,133243652,0,0.000000,1.000000
133269000,86,11010100010001110101011100101101000001001001111100100010010001001001010110100001101011,133243652,0,0.000000,1.000000
133269001,74,00001010101011111000000100010010110011111001001001001100100110000110001011,133243652,0,0.000000,1.000000
133269002,83,10100000001110010101110010110100000100100111110010001001000100100101110011000110101,133243652,0,0.000000,1.000000
133269003,80,01000010101000011111011001010100010010011111001000100100001011011110101110011000,133243653,0,0.000000,1.000000
133269004,84,111001010100111110111110010100100000100100111110010001001001100100111011011000111011,133243653,0,0.000000,1.000000
133269005,82,1110000011100111111100100000100001000011111100100010010001001001011110110101101000,133243653,0,0.000000,1.000000
133269006,87,010101000100011100101011100101101000001001001111100100010010001001001011110110001101010,133243653,0,0.000000,1.000000
133269007,83,01000010010111110111110010100101100100100111110010001001000100010111011011000111001,133243653,0,0.000000,1.000000
133269008,82,1110000011100111111100100000100001000011111100100010010001001001011110110101101000,133243653,0,0.000000,1.000000
133269009,75,000001111011111110101010010001001001111100100010010010001001011111110001001,133243653,0,0.000000,1.000000
133269010,86,01110100010001110010101110010110100000100100111110010001001000100100101111011000110101,133243653,0,0.000000,1.000000
133269011,85,0010000010011100111011100100101000001001001111100100010010001001001111110010011111011,133243653,0,0.000000,1.000000
133269012,78,000000011111011010010100000001100100111110010001001000100100111011011000110110,133243654,0,0.000000,1.000000
133269013,84,111001000100111110111110010100100000100100111110010001001001100100111011011000111111,133243655,0,0.000000,1.000000
133269014,82,1000001000100001111101100101000001001001111100100010010001001001111010111001100011,133243655,0,0.000000,1.000000
133269015,83,10100000001110010101110010110100000100100111110000001001000100100101110011010110101,133243657,0,0.000000,1.000000
133269016,82,1110010001101111100111100111001000001001011111100110010000100010001101111110011111,133243658,0,0.000000,1.000000
133269017,84,111001000110111110011110011100100000100101111110010001001001000100011011111100111111,133243658,0,0.000000,1.000000
133269018,84,111001000110111110011110011100100000100101111110010001001001000100011011111100111111,133243658,0,0.000000,1.000000
133269019,79,0000001011111011010010100000000100100111110010001001000100100111011011000111110,133243658,0,0.000000,1.000000
133269020,85,0011001000100111110111110010100100000100100111110010001001001100100111011011000111111,133243658,0,0.000000,1.000000
133269021,86,11110010001001111101111100101001000001001001111100100010010011001001110110110001111110,133243658,0,0.000000,1.000000
133269022,82,1110010001101111100111100111001000001001011111100100010000100010001101111110011111,133243658,0,0.000000,1.000000
133269023,85,0110000001101101111111000011010010000010011111001000100100010010010111101000011000111,133243658,0,0.000000,1.000000
133269024,83,10100000001110010101110010110100000100100111110010001001000100100101110011010110101,133243658,0,0.000000,1.000000
133269025,83,11100000001110011101010010110100000100100111110010001001000100100111111011001110111,133243658,0,0.000000,1.000000
133269026,87,010101000100011100101011100101101000001001001111100100010010001001001011110110001101010,133243658,0,0.000000,1.000000
133269027,82,0000000000111001010101000001010100010010011111001000100100110011011111010100110100,133243658,0,0.000000,1.000000
133269028,82,1101000100011100101011100101001001001001001111100100010010001001001011110110001010,133243658,0,0.000000,1.000000
133269029,79,0000000011111011111000010100000100100111110010001001000100100101010110001101001,133243658,0,0.000000,1.000000
133269030,84,100010000011001110011101010000000010010011111001000100100010010011101110010011110010,133243658,0,0.000000,1.000000
133269031,83,11001000100111110111110010100100000100100110110010001001001100100111011011000111111,133243658,0,0.000000,1.000000
133269032,84,110001101001111100111101101001010001001001101100100011010001001001111110010001111010,133243658,0,0.000000,1.000000
133269033,83,10100000001110000101010010110100000100100111110010001001000101100101110001010110101,133243658,0,0.000000,1.000000
133269034,82,1110010001101111100111100111001000001001011111100110010000100010001101111110011111,133243658,0,0.000000,1.000000
133269035,84,010001100000110010101010000010100000100100111110010001001000100100101111010010101011,133243658,0,0.000000,1.000000
133269036,82,1110010001101111100111100111001000001001011111100110010000100010001101111110011111,133243658,0,0.000000,1.000000
133269037,84,010001100000110010101010000010100000100100111110010001001000100100101111010010101011,133243658,0,0.000000,1.000000
133269038,80,00000000011111111111000010100000100100111110010001001000100100101110110011101001,133243658,0,0.000000,1.000000
133269039,75,000100011010111100101000001001000001111100100010010001001001111110110001101,133243660,0,0.000000,1.000000
133269040,84,110101010001110010101010010110100000100100111110010001101000000100011101001000110101,133243660,0,0.000000,1.000000
133269041,81,010000000111001010111001011010000010010011111001000100110010010010111001101011001,133243661,0,0.000000,1.000000
133269042,81,100000001111110111010001101000010010011111001000100100110010111101101100011001101,133243661,0,0.000000,1.000000
133269043,81,100000001011111011110110100100000100100111110010001001000100100111111101110110101,133245494,0,0.000000,1.000000
133269044,83,00010100000111001010101001011011000010010011111001000100100000010010111000000110101,133245494,0,0.000000,1.000000
133269045,84,111000000011100111010100101101000001001001111100100010010001001001111010110011101010,133245494,0,0.000000,1.000000
133269046,75,000100011100101101101000001001001001111100100010010000001001111110110001101,133245495,0,0.000000,1.000000
133269047,86,10010000010101000010111011011110000010010011111001000100100010010011110101100011000111,133245495,0,0.000000,1.000000
133269048,85,1011001000100111110011100010100100000100100111110010001001001100100111011011000111111,133245496,0,0.000000,1.000000
133269049,82,1000100001110111101010010110100010100100111110010001001000100100111111001000110100,133245496,0,0.000000,1.000000
133269050,82,0010110000111001010101001011010010010010011111001000100100000010010111010000110101,133245498,0,0.000000,1.000000
133269051,84,011001000100111110011110010100100000100100111110010001001001100100111011011000111111,133245498,0,0.000000,1.000000
133269052,84,011010001000111001010111001011010010010010011111001000100100010010010111101100010100,133245498,0,0.000000,1.000000
133269053,79,0000010011111011010010100000000100100111110010000001000100100111011011001111110,133268600,0,0.000000,0.600000
133269054,84,111001000100011110011110010100000000100100111110010001001001100100111011110001111111,133245499,0,0.000000,1.000000
133269055,84,111110000011100101010100101001001001001001111100100010010001001001110100111001101000,133245499,0,0.000000,1.000000
133269056,83,10000000000111110011111010000110000100100111110010001001001100100111011110001111001,133245499,0,0.000000,1.000000
133269057,83,11001000100111110111110010100100000100100110110010001001001100100011011001000101111,133245499,0,0.000000,1.000000
133269058,83,11001000100111110111110010100100000100100111110010001001001100100111011011000111011,133245499,0,0.000000,1.000000
133269059,82,1001001000100001011111101101000001001000111100100010010001011001101010111001100011,133245499,0,0.000000,1.000000
133269060,87,010010000010101000010111011011010000010010011111001000100100010010011110101100011000101,133245499,0,0.000000,1.000000
133269061,87,010010000010101000010111011011010000010010011111001000100100010010011110101100011000101,133245499,0,0.000000,1.000000
133269062,85,0001100000001110011001110010110100010100100111110110001001100100110111111001001110101,133245499,0,0.000000,1.000000
133269063,76,0001000110111101001010000010010000011111001000100100010010011111101100011011,133245499,0,0.000000,1.000000
133269064,80,00000000011100101010100000101010010010011111001000100100110011011111010100110100,133245501,0,0.000000,1.000000
133269065,82,1000001010100001111101101101001001001001111100100010010001001001111010111001110011,133245501,0,0.000000,1.000000
133269066,80,00000000011100101010100000101010010010011111001000100100110011011111010100110100,133245501,0,0.000000,1.000000
133269067,79,0100100111101111110001000111000010010011111001000100111010010010111101100010101,133245502,0,0.000000,1.000000
133269068,83,10000000111101111110101001000001001011111100100010010101001001110111110001111001100,133245502,0,0.000000,1.000000
133269069,83,10000110011110111111110100000000100100110010010001001000100100111011111000111100110,133245506,0,0.000000,1.000000
133269070,81,110100000001110010101110101101110001001001111100100000010001001101001110110011010,133245506,0,0.000000,0.000000
133269071,76,0010011101010111001010010110000010011111001000100100110010011111101100011101,133245506,0,0.000000,1.000000
133269072,83,10111000001111010101010010100100000100100111110010001001000100100111010111001101001,133245506,0,0.000000,1.000000
133269073,84,111001000100111110011110010100100000110100111110010001001001100100111011010001111111,133245506,0,0.000000,1.000000
133269074,85,1111110000011100100010100101001000001001001111100100010010001001001110100111001101000,133245506,0,0.000000,1.000000
133269075,75,000100011101111100101000001001001001111100100010010000001001111110100001101,133245506,0,0.000000,1.000000
133269076,76,0000010101010111110000001000100101100111110010001001001100100110000110001011,133245506,0,0.000000,1.000000
133269077,84,000000000011111001111101010011000010011011111001000100100110010011101111000011110011,133245506,0,0.000000,1.000000
133269078,84,111001000110111110011110011100100000100101111110010001001001000100011011111100111111,133245506,0,0.000000,1.000000
133269079,83,10001001100111110111110010100100010100100111010010001001001100100111011011000111111,133245506,0,0.000000,1.000000
133269080,80,00000000011100101011100001101010001001001111100101010010011001101011101010011010,133245506,0,0.000000,1.000000
133269081,86,00110010001001111100111100101001000101001001111100100010000011001001110110110001111101,133245506,0,0.000000,1.000000
133269082,75,000101011110111100101000001001001001111100110010010001001001111110100001101,133245506,0,0.000000,1.000000
133269083,75,000100011101111100101000001001001001111100100010010000001001111110110001101,133245506,0,0.000000,1.000000
133269084,81,100000001011111011111011010011000000100111110010001001000100100011111101110110101,133235528,0,0.000000,0.600000
133269085,82,0000000000111001010111000001010100010010011011001000100100110011011111010100110100,133235528,0,0.000000,0.600000
133269086,83,11100000001110011101010010110100000100100111110010001001000100100111111011001110111,133245507,0,0.000000,1.000000
133269087,83,11100000001110011101010010110100000100100111110010001001000100100111111011001110111,133235528,0,0.000000,0.600000
133269088,83,00100000101010000111110110010100000100100111110000001001000010100111101011100110001,133235528,0,0.000000,0.600000
133269089,83,11001000100111110111110010100000000100100100110010001001001100100111011011000111111,133268598,0,0.000000,0.500000
133269090,85,1011001000100111110011100010100100000100100111110010001001001100100111011011000111111,133245507,0,0.000000,1.000000
133269091,84,110000000111001110101001011010000010010011111001000100000010010011111100100101000111,133235528,0,0.000000,0.600000
133269092,81,100000001011111011111011010011000000100111110010001001000100100011111101110110101,133245507,0,0.000000,1.000000
133269093,82,0000000000111001010111000001010100010010011011001000100100110011011111010100110100,133235528,0,0.000000,0.600000
133269094,82,1110000011110111101100100000100001001011111100100010010001001001011110110101101000,133268598,0,0.000000,0.500000
133269095,82,1110000011110111101100100000100001001011111100100010010001001001011110110101101000,133245507,0,0.000000,1.000000
133269096,82,0000000000111001010111000001010100010010011011001000100100110011011111010100110100,133235528,0,0.000000,0.600000
133269097,83,11001001100111110011110010100100010100100111010010001001001100100111011011100111111,133245507,0,0.000000,1.000000
133269098,86,10010000000011100111011100100101000001001001111100100010010001001001111110010011101011,133245508,0,0.000000,1.000000
133269099,84,111110000011100101010100101001001001001001111100100010010001001001110100111001101000,133245508,0,0.000000,1.000000
133269100,86,01100110010001111001011001010010000010010011111001100100100110010011100101100011111110,133268609,0,0.000000,0.600000
133269101,81,100000101010000111110110010100000100100111110010001001000100100111101011100110001,133245508,0,0.000000,1.000000
133269102,80,00000010111110110100101000000001001001111100100010010001001001110110110001111100,133245508,0,0.000000,1.000000
133269103,86,01100110010001111001011001010010000010010011111001100100100110010011100001100011111110,133245508,0,0.000000,1.000000
133269104,83,11001000100111110111110010100100000100100110110010001001001100100111011011000111111,133245508,0,0.000000,1.000000
133269105,86,10010000010101000010111011011010000010010011111001000100100010010011110101100011000111,133268609,0,0.000000,0.800000
133269106,75,000100011010111100101000001001000001111100100010010001001001111111110000101,133245508,0,0.000000,1.000000
133269107,84,101010001000111010101110010110100000100100111110010001001000100100101011011000110101,133245508,0,0.000000,1.000000
133269108,84,010000000001110000101110000110001000100100111110010001001001100110111110101101101011,133268609,0,0.000000,0.700000
133269109,83,11100000001110011101010010110100000100100111110010001001000100100111111011001110101,133245508,0,0.000000,1.000000
133269110,83,11000000001111011101000110010100010101100111110010001001000100100111011001001110101,133245508,0,0.000000,1.000000
133269111,83,11100000001110011101010010110100000100100111110010001001000100100111111011001110101,133245508,0,0.000000,1.000000
133269112,86,11101010000011100101010100101111000001001001111100100010010001001001011110110001101011,133245509,0,0.000000,1.000000
133269113,85,1000011000010101110111101010011000010010011111001000100100010011011101111101011110010,133245509,0,0.000000,1.000000
133269114,85,0000000000010100001011111111100110001001001111100100010010001001001111010110001011011,133245509,0,0.000000,1.000000
133269115,86,11101010000011100101010100101111000001001001111100100010010001001001011110110001101011,133245509,0,0.000000,1.000000
133269116,82,0000000111101111110101001000001001001111100100010010001001001110111110001111001101,133245509,0,0.000000,1.000000
133269117,80,10000000111101111110101001000001001001111100100010000001001011101111100011110011,133245509,0,0.000000,1.000000
133269118,87,010101000100011100101011100101101000001001001111100100010010001001001011110110001101010,133245509,0,0.000000,1.000000
133269119,77,00000000111110111110001010000010010011111001000100110010010010111011000110100,133245509,0,0.000000,1.000000
133269120,77,10010001101110111001100010110100100111110010001001001100100111110011001111111,133245509,0,0.000000,1.000000
133269121,81,100000001111110111010001001000010010011111001000100100110010111101101100011001101,133245509,0,0.000000,1.000000
133269122,83,10000000111101111110101001000001001011111100100010010001001001110111110001111001100,133270351,0,0.000000,0.600000
133269123,82,0010110000111001010101001011010010010010011111001000100100000010010111010000110101,133245512,0,0.000000,1.000000
133269124,85,0000000000010100101011111111100110001001001111100100010010001001001111010110001011011,133245512,0,0.000000,1.000000
133269125,83,11001000100111110111110010100000000100100100110010001001001100100111011011000111111,133245513,0,0.000000,1.000000
133269126,86,11100000011011011101110000110100000100100111110010001001000100100101111010010110001111,133245513,0,0.000000,1.000000
133269127,83,01110000001110011000110010110100000100100111110010001001000100100011111001001100101,133245514,0,0.000000,1.000000
133269128,83,11001000100111110111110010100100000100100110110010001001001100100111011011000101111,133245514,0,0.000000,1.000000
133269129,76,0010001101110111001100010110100100111110010001001001100100111111011000111111,133245514,0,0.000000,1.000000
133269130,84,111010001000111010101110110110100000100000111110010001001000100100101011011000110101,133245514,0,0.000000,1.000000
133269131,82,1000000010101110111100010101100100100100111111010001001000100100111011011000111101,133245514,0,0.000000,1.000000
133269132,85,1100000001110011101010010110100000100100111110010001000000100100111111001001010001110,133245515,0,0.000000,1.000000
133269133,87,011101000100011100101011100101101000011001001111100100010010001001001011110110001101010,133245515,0,0.000000,1.000000
133269134,86,01000000000111110101100010100100100100100111110010001001001000101111010011000111101011,133245515,0,0.000000,1.000000
133269135,78,000100011010101110010100101110100100111110010011001000100100111110011000111111,133245515,0,0.000000,1.000000
133269136,76,0000000011101111010001011000010010011111001000100100111010011101101100011101,133245515,0,0.000000,1.000000
133269137,84,100010000011101110011101010000000010010011111001000100100010010011101110010011110010,133245515,0,0.000000,1.000000
133269138,83,10100000001100010101110010110100000100100111110010001001001100100101110011010110101,133245515,0,0.000000,1.000000
133269139,83,11001000100111110111110010000100000100100110110010001001001100100111011011000111111,133245515,0,0.000000,1.000000
133269140,87,011101000100011100101011100101101000011001001111100100010010001001001011110110001101010,133245515,0,0.000000,1.000000
133269141,82,1000001001100001111101100101000001001001111100100010010001001001111010111001100011,133245515,0,0.000000,1.000000
133269142,85,1001000001010100001011000100101000001001001111100100010010001001101111010111001100010,133245515,0,0.000000,1.000000
133269143,82,1000001001100001111101100101000001001001111100100010010001001001111010111001100011,133245515,0,0.000000,1.000000
133269144,83,11001000100111110111110010100000000100100100110010001001001100100111011011000111111,133245515,0,0.000000,1.000000
133269145,86,10010000010101000010111011011010000010010011111001000100100010010011110101100011000101,133245516,0,0.000000,1.000000
133269146,73,0010001110011100010100000100100100111110010001011000000100111111011000110,133270344,0,0.000000,0.600000
133269147,84,011000000011110011111100001101001101001001111100100010010001001001011110100001100011,133245518,0,0.000000,1.000000
133269148,75,000100011100111110101000001001001001111100100010010010001001111110110001101,133245518,0,0.000000,1.000000
133269149,83,11101010000111100101010101011010000010010011011001000100100010010010111111100011010,133270344,0,0.000000,0.700000
133269150,83,10100000001110010101110010110100000100100111110010001001000100100101110011010110001,133245520,0,0.000000,1.000000
133269151,82,1001001000100001011111101101000001001000111100100010010001011001101010111001100011,133268602,0,0.000000,0.500000
133269152,82,1101001100011100101011100101101001001011001111100100010010001001001011110110001010,133245521,0,0.000000,1.000000
133269153,76,0000100011110111100101000001001001001111100100010010001000001111110110001101,133245521,0,0.000000,1.000000
133269154,76,0000010101010111110000001000100001100111110010001001001100100110000110001011,133245521,0,0.000000,1.000000
133269155,77,00100011011101110011000101101001001111100100010010011001001111110110001111110,133245521,0,0.000000,1.000000
133269156,78,000100011010101110010100101101100100111110011001001001100100111111011000011111,133245521,0,0.000000,1.000000
133269157,82,1001001000100001011111101101000001001000111100100010010001011001101010111001100011,133245521,0,0.000000,1.000000
133269158,83,10100000001110000101110010110100000100100111110010001001000100100101110111010110111,133245521,0,0.000000,1.000000
133269159,84,000000000011111001111101010011000010011011111001000100100110010011101111010011110011,133245521,0,0.000000,1.000000
133269160,78,000100011010101110010100101101100100111110011001001001100100111111011000011111,133245521,0,0.000000,1.000000
133269161,77,00100011011101110011000101101001001111100100010010011001001111110110001111110,133268602,0,0.000000,0.700000
133269162,84,110101010001110010101010010110100100100100111110010001001000100100011101001000110101,133245521,0,0.000000,1.000000
133269163,83,11100000001110011101010010110100000100100111110010001001000100100111111011001110101,133245521,0,0.000000,1.000000
133269164,82,1101000100011100101011100101001001001001001111100100010010001001001011110110001010,133257455,0,0.000000,0.800000
133269165,78,000100011010101110010100101110100100111110010011001000100100111111001000111111,133247252,0,0.000000,1.000000
133269166,83,10000000000111110011111010000110000100100111110010001001001100100111011110001111001,133247252,0,0.000000,1.000000
133269167,85,0100000001011111011111011010010000010010011111001000100100010010011111110111011010111,133266892,0,0.000000,0.800000
133269168,83,10000000000111110011111010000110000100100111110010001001001100100111011110001111001,133247252,0,0.000000,1.000000
133269169,84,011010001000111001010111001011010010010010011111001000100100010010010111101100010100,133247252,0,0.000000,1.000000
133269170,79,0000000110101011100101001011001001001111100100010010011001001111110110001111111,133266892,0,0.000000,0.700000
133269171,85,1011001000100111110011100010100100000100100111110010001001001100100111011011000111111,133247252,0,0.000000,1.000000
133269172,84,011001000100111110111110010100100000100100111110010001001001100100111011011000111111,133257455,0,0.000000,0.700000
133269173,83,00010100000111001010101001011011000010010011111001000100100000010010111000000110101,133247252,0,0.000000,1.000000
133269174,85,0010000010011100111011100100101000001001001111100100010010001001001111110010011101010,133257455,0,0.000000,0.800000
133269175,84,100010000011101110011101010000000010010011111001000100100010010011101110010011110010,133247252,0,0.000000,1.000000
133269176,84,100010000011101110011101010000000010010011111001000100100010010011101110010011110010,133247252,0,0.000000,1.000000
133269177,76,0000010101010111110000001000100101100111110010001001001100100110000110001011,133247253,0,0.000000,1.000000
133269178,85,1111001000100111110111110110100100000100100111110010001001001100100111011011000111111,133247253,0,0.000000,1.000000
133269179,84,101010001000111010101110010110100000100100111110010001001000100100101011011000110101,133247253,0,0.000000,1.000000
133269180,83,10000000101011101111101101011001001001001111100100010010001001011110110100001111110,133247254,0,0.000000,0.800000
133269181,83,01000010011110111011100100001100000101001111100100010000011001001010100110101100011,133270345,0,0.000000,0.500000
133269182,81,100000001011111011110110100100000100100111110010001001000100100111111101110110101,133247254,0,0.000000,1.000000
133269183,84,101110000011100101000100101001000001001001111100100010010001001001010101110011010011,133247254,0,0.000000,1.000000
133269184,82,0010110000111001010101001011010010010010011111001000100100000010010111010000110101,133247255,0,0.000000,1.000000
133269185,84,110101010001110010101010010110100100100100111110010001001000100100011101001000110101,133247255,0,0.000000,1.000000
133269186,84,110101010001110110101110010110100000100100101110010001001001100100111111000000100101,133247255,0,0.000000,1.000000
133269187,82,0010110000111001010100001011010010010010011111001000100100000010010111010000110101,133247255,0,0.000000,1.000000
133269188,84,111101000001100010101010010110100000100100111110010001001000100100101011011000110101,133247255,0,0.000000,1.000000
133269189,82,1000000010111110111110011100100100100100111110010001001100100100111011011000101101,133247255,0,0.000000,1.000000
133269190,84,110101010001110110101110010110100000100100111110010001001001100100101111000000100101,133247255,0,0.000000,1.000000
133269191,84,110101010001110110101110010110100000100100101110010001001001100100111111000000100101,133247255,0,0.000000,1.000000
133269192,82,0010110000111001010101001011010010010010011111001000100100000010010111010000110101,133247255,0,0.000000,1.000000
133269193,82,1000000010111110111110010100101100100100111110010001001000100100111011011000111001,133247255,0,0.000000,1.000000
133269194,84,110101010001110110101110010110100000100100101110010001001001100100111111000000100101,133247255,0,0.000000,1.000000
133269195,82,0010110000111001010101001011010010010010011111001000100100000010010111010000110101,133247255,0,0.000000,1.000000
133269196,84,110101010001110010101010010110100000100100111110010001011000100100011101001101110101,133247255,0,0.000000,1.000000
133269197,84,110101010001110110101110010110100000100100111110010001001001100100101111000000100101,133247255,0,0.000000,1.000000
133269198,86,10110010001001111100111000101001000001001001111100100010010011001001110110110001111110,133247255,0,0.000000,1.000000
133269199,82,1000000010111110111110011100000100100100111110010001001001100100011011011000101101,133247255,0,0.000000,1.000000
133269200,84,110101010001110110101110010110100000100100101110010001001001100100111111000000100101,133247255,0,0.000000,1.000000
133269201,82,0010110000111001010101001011010010010010011111001000100100000010010111010000110101,133247255,0,0.000000,1.000000
133269202,82,0010110000111001010101001011010010010010011111001000100101000010010111010000110101,133247255,0,0.000000,0.800000
133269203,84,111001000100111110011110010100000000100100111110010001001001100100101011011000111111,133247256,0,0.000000,1.000000
133269204,85,1110100000001110010101100010110111000100100111110010001001000100100100111011001110101,133270346,0,0.000000,0.800000
133269205,81,100000101010000111110110010100000100100111110000001001000100100111101011100110001,133270346,0,0.000000,0.700000
133269206,84,011010001000111001010111001011010010010010011111001000100100010010010111101100010100,133247257,0,0.000000,1.000000
133269207,79,0000000011111011010010100000000100100111110010001001000100100111011011000110110,133247257,0,0.000000,1.000000
133269208,86,11100000011011011111110000110100000100100111110010001001000100100101111010010110001111,133247257,0,0.000000,1.000000
133269209,83,11011000100111110111110010100100100100100111110010001001001100100111011011000111011,133227178,0,0.000000,0.600000
133269210,82,1010000001111101111100001000001001001001111100100011010001001001100110110001111110,133247260,0,0.000000,1.000000
133269211,83,01000001010100101011101101101000001001001110100100010010011001001111010110001100010,133270343,0,0.000000,0.600000
133269212,77,00000010111011110100010110000100100111110010001001001100100111011011000111011,133247260,0,0.000000,1.000000
133269213,84,110101010001111010101110010100100000100100111110010001001000100100011101001100110101,133247261,0,0.000000,1.000000
133269214,83,11100000001110011101010010110100000100100111110011001001000100100111111001001010101,133247261,0,0.000000,1.000000
133269215,82,1110100010000110010101110010110100001001001111001000100100010010010111001100011010,133247261,0,0.000000,1.000000
133269216,84,111000011111011110110010000110100100100111110010011001000100100101111011010110110000,133247262,0,0.000000,1.000000
133269217,80,01111001110011101000010001110000100100111110011001001000100100101111011000101111,133247262,0,0.000000,1.000000
133269218,80,00100100111110111110000101000001001001111100100010010001001000011001100011010011,133247262,0,0.000000,1.000000
133269219,82,1110000011110111101100100000100001001011111100100010010001001001011010110111101000,133247262,0,0.000000,1.000000
133269220,76,0000000011100111010001011000010010011111001000100100110010011101101100011101,133247262,0,0.000000,1.000000
133269221,81,100000101011000001110110100100000100100111110010001001000000100111101011000100001,133247262,0,0.000000,1.000000
133269222,82,1001001000100001011111101101000001001001111100100010010001011001101010111001100011,133247262,0,0.000000,1.000000
133269223,79,0000001011111011010010100000000100100111110010001001000100100111011011000111110,133247262,0,0.000000,1.000000
133269224,83,10100000001110000101110010110100000100100111110010000001000100100101110011010110101,133247262,0,0.000000,1.000000
133269225,80,01111001110011101000010001110000100100111110011001001000100100101111011000101111,133247262,0,0.000000,1.000000
133269226,84,000000000011111001111101010011000010010011111001000100100110010011101111100011110011,133247262,0,0.000000,1.000000
133269227,84,000000000011111001111101010011000010010011111001000100100110010011101111100011110011,133247262,0,0.000000,1.000000
133269228,88,0101110000011011011111110000110100100100110111110010001001000100100101101010000110001110,133247262,0,0.000000,1.000000
133269229,75,000001111011111110101010010001001001111100100010010011001001011111110001001,133247262,0,0.000000,1.000000
133269230,80,01111001110011101000010001110000100100111110011001001000100100101111011000101111,133247262,0,0.000000,1.000000
133269231,84,110101010001111010101110010110100000100100111110010001001001100100101111001001100101,133247262,0,0.000000,1.000000
133269232,76,0010011101010111001010010110000010011111001000100100110010011111101100111101,133247262,0,0.000000,1.000000
133269233,86,10010000000011100111011100100101000001001001111100100010010001001001111110010011101011,133247262,0,0.000000,1.000000
133269234,79,0000001011111011010010100000000100100111110010001001000100100111011011000111110,133247262,0,0.000000,1.000000
133269235,85,0111000000101111001111100101011001001001001111100100010010001011001100010110000011010,133247262,0,0.000000,1.000000
133269236,82,1110000011100111101100100000100001001001111100100010010001001001011110111101101000,133247262,0,0.000000,1.000000
133269237,82,0000000111101111110100001000001001001111100100010010001001001010111110001111001101,133247264,0,0.000000,1.000000
133269238,85,0010000000011100111001100100101000001001001111100100010010001001001111110010011101011,133247264,0,0.000000,1.000000
133269239,84,110101010001110110101110010110100000100100111110010001001001100100101111000000100101,133247264,0,0.000000,1.000000
133269240,84,110101010001110110101110010110100000100100111110010001001001100100101111000000100101,133247264,0,0.000000,1.000000
133269241,83,11100000001110011101010010110000000100100111111010001011000100100111111011001110101,133247264,0,0.000000,0.800000
133269242,83,10000000001110000101110000110101000100100111110010001001001100110111110101001101011,133247264,0,0.000000,1.000000
133269243,83,10100000001110010101110010110100000100100111110010001001000100100101110011010110101,133247264,0,0.000000,1.000000
133269244,83,10001001100111110011110010100100010100100111010010001001001100100111011011000111111,133247264,0,0.000000,1.000000
133269245,85,1101000100011100101011100101101000001001001111100100010010000001001010110110001101011,133247264,0,0.000000,1.000000
133269246,84,111110000011100101010100101001000001001001111100100010010001000001110100111001101000,133247264,0,0.000000,1.000000
133269247,82,0000000000111001010101000001010100010010011111001000100100110011011111010100110100,133247264,0,0.000000,1.000000
133269248,83,11100000001110011101010010110000000100100111111010001001000100100111111011001110101,133247264,0,0.000000,1.000000
133269249,82,0000000000111001010101000001010100010010011111001000100100110011011111010100110100,133247264,0,0.000000,1.000000
133269250,77,00000000111110111110001010000010010011111101000100110010010010111011000110100,133247264,0,0.000000,1.000000
133269251,79,0000000001110111110100010010100100100111100010001001001100100111011011000111011,133247269,0,0.000000,1.000000
133269252,84,110101010001111010101110010110100000100100111110010000001001100100101111001001100101,133247269,0,0.000000,1.000000
133269253,78,010000101000001111101100101000001001001111100100010010000101101111010111001100,133247269,0,0.000000,1.000000
133269254,87,011100000011011011111110000110100000100100111110010001001000100100101110010000110001111,133247269,0,0.000000,1.000000
133269255,83,11100000001110011101010010110100000100100111111010001001000100100111111011001110101,133247270,0,0.000000,1.000000
133269256,83,11100000001110011101010010110100000100100111110010001001000100100111111011001110101,133240476,0,0.000000,0.600000
133269257,75,000100011011111100101000001001000001111100100010010001001001111110110001101,133247270,0,0.000000,1.000000
133269258,85,0000000000010100101011111111100110001001001111100100010010001001001111010110001011011,133247270,0,0.000000,1.000000
133269259,84,111000000101111001111100101011001001001001111100100010010101011001100010110100011010,133240476,0,0.000000,0.500000
133269260,82,1000001010100001111101101101000001001001111100100010010001001001111010111001110010,133247270,0,0.000000,1.000000
133269261,76,1000101011110111100101000001001001001111100100010010000001001111110100001101,133247270,0,0.000000,1.000000
133269262,83,01000001010100001001101101101000001001001111100100010010001001001111000101001100010,133247270,0,0.000000,1.000000
133269263,86,00110010001001111100111100101001000101001001111100100010000011001001110110110001111101,133247270,0,0.000000,1.000000
133269264,77,00000010111010111110000001000100101100111110010001001001100100110000110000011,133247270,0,0.000000,1.000000
133269265,81,100000101010000111110110010100000100100111110010001001000100100111101011100110001,133247270,0,0.000000,1.000000
133269266,85,0010000010011100111011100100101000001001001111100100010010001001001111110010011101011,133240476,0,0.000000,0.600000
133269267,75,000100011101111100101000001001001001111100100010010000001001111110110001101,133240476,0,0.000000,0.700000
133269268,86,01110100010001110010101110010110100000100100111110010001001000100100101111011000110101,133247270,0,0.000000,1.000000
133269269,85,1101000000011100001011100111101010001001001111000100010010001001001011110110101101010,133247270,0,0.000000,1.000000
133269270,77,00000010111010111110000001000100101100111110010001001001100100110000110000011,133240476,0,0.000000,0.600000
133269271,76,0010001101110111001100010110100100111110010001001001100100111111011000111111,133247273,0,0.000000,1.000000
133269272,80,01101001110011111100010001110000101100111110011001001000100100101111011000101111,133249258,0,0.000000,1.000000
133269273,82,1101100010011101011111001010000000010010011110010001001001100100111011011000111111,133249258,0,0.000000,1.000000
133269274,83,01000010010111110111110010100100100100100111110110001001001100100111011011000111101,133249258,0,0.000000,1.000000
133269275,86,01100000011001011111110000110100100100100111110010001001000101100101111010000110001111,133268608,0,0.000000,0.600000
133269276,85,0110010101001111100111100101001000001001001111100100010010011001011010110110001111111,133249258,0,0.000000,1.000000
133269277,85,0101000000011100001011100101101000101001001011100100010010001001001011100110101101011,133249258,0,0.000000,1.000000
133269278,76,0001000111001111001010010010010010011111001000100100000010011111101100011011,133268608,0,0.000000,0.700000
133269279,83,10100000001100010101110010110100000100101111110010001001001100100101110011010110101,133268608,0,0.000000,0.500000
133269280,81,100010001111110111010001001000010010011111001000100100110000111101101100011001101,133268608,0,0.000000,0.500000
133269281,82,1101000100101100101011100101101001001001001111100100010010001001001011110110001010,133249258,0,0.000000,1.000000
133269282,84,010000000011111001111101010011000010010011111001000100100110010011101111100011110011,133249258,0,0.000000,1.000000
133269283,84,111001000100111110011110010100100000010100111110010001001001100100111011010001111111,133249259,0,0.000000,1.000000
133269284,84,001000001010100101011101101101000001001001110100100010010011001001111010110001100010,133249259,0,0.000000,1.000000
133269285,82,1101000100011100111011100101101001001001001111100100010010001001001011110110001010,133249260,0,0.000000,1.000000
133269286,74,00000011101101010101011000010010011101001000100100110010011101101100011101,133270350,0,0.000000,0.700000
133269287,83,10111000001110010101010010100100000100100111110010001001000100100101010111001101001,133270350,0,0.000000,0.600000
133269288,85,0010000000011100111001100100101000001001001111100100010010001001001111110010011101011,133249262,0,0.000000,1.000000
133269289,85,1001001001010100001011101101101000001001001111100100010010001001001111010111001100011,133249262,0,0.000000,1.000000
133269290,78,100000101010101111100000010001001011001111100100010010001001001100001110010110,133249265,0,0.000000,1.000000
133269291,83,01000000010111110111110110100100000100100111110010001001100100100111111101110110101,133249265,0,0.000000,1.000000
133269292,82,1110000011100111111100100000100001001001111100100010010001001001011110110101101000,133249265,0,0.000000,1.000000
133269293,77,00000000111110111110001010000010010011111001000100100010010010111011000110100,133249269,0,0.000000,1.000000
133269294,84,111001000100111110011110010100100000110100111110010001001001100100111011010001111111,133249269,0,0.000000,1.000000
133269295,80,00000000011111011111000010100000100100111110010001001000100100101110110011101001,133249269,0,0.000000,1.000000
133269296,84,110010001001111101111100101001000001001001111100100010010011001001110110110001111111,133249269,0,0.000000,1.000000
133269297,75,000100011101111100101000001001001001111100100010010000001001111110110001101,133249269,0,0.000000,1.000000
133269298,86,11100000011011011110110000110100000100100111110010001001000100100101111010000110001111,133249269,0,0.000000,1.000000
133269299,77,00000010101010111110000001000100101100110110010001001001100100110000110001011,133249269,0,0.000000,1.000000
133269300,82,0010110000111001010101001011010010010010011111001000100100000010010111010000110101,133249269,0,0.000000,1.000000
133269301,78,001001001111101111100001010000010010011111001000100100010010000110011000110100,133249269,0,0.000000,1.000000
133269302,81,100000101010000111110110010100000100100111110010001001000100100111101011100110001,133249269,0,0.000000,1.000000
133269303,81,100000001111110111010001001000010010011111001000100100110010111101101100011001101,133249269,0,0.000000,1.000000
133269304,76,0000010101010111110000001000100101100111110010001001001100100110000110001011,133249269,0,0.000000,1.000000
133269305,81,100000001111110111010001001000010010011111001000100100110010111101101100011001101,133249269,0,0.000000,1.000000
133269306,87,010000001000111110011111010000110000100100111110010001001001100100111011101000111100111,133249269,0,0.000000,1.000000
133269307,83,10100000001110000101110010110100000100110111100010000001000100100101110011010110101,133249269,0,0.000000,1.000000
133269308,81,100010100111101111110001000111000010010011111001000100100010010010111101100011111,133249269,0,0.000000,1.000000
133269309,85,1001000001010110001011101101101000001001001111100100010010001001000111010111001100011,133249269,0,0.000000,1.000000
133269310,82,1000000010111110111110010100101100100101111110010001001000100100111011011000111001,133249269,0,0.000000,1.000000
133269311,86,01100110010001111001011001010010000010010011111001100100100110010011100101100010111110,133249269,0,0.000000,0.800000
133269312,80,00000000011100101010100000101010010010011111001000100000110011011111010100110100,133249271,0,0.000000,1.000000
133269313,83,00010110000111001011101001011010010010010011111001000100100000010010111010000110100,133249271,0,0.000000,1.000000
133269314,83,10111000011110010101010010100100000100100111110010001001000100100111010111001101001,133249271,0,0.000000,0.800000
133269315,73,0000011110111011101010100100100100111110010001001001100100001111111000110,133259019,0,0.000000,0.500000
133269316,83,11100000001110011101010010110100000100100111110010001001000100100111111011001110101,133249271,0,0.000000,1.000000
133269317,83,10000000001110000101110000110001000100100111110010001001001100110111110101101101011,133249271,0,0.000000,1.000000
133269318,83,11010001000111001010111001010010010110010011111001000100100010010010111101100010100,133249271,0,0.000000,1.000000
133269319,84,111110000011100101010100101001001001001001111100100010010001001001110100111001101000,133249271,0,0.000000,1.000000
133269320,76,0000000011101111010001011000010010011111001000100100111010011101101100011101,133245511,0,0.000000,0.500000
133269321,83,10100000001110010101110011110100000100100111110010001001000100100101110011010110101,133266906,0,0.000000,0.800000
133269322,84,110010001001111101111100101001000001001001111100100010010011001001110110110001111111,133251028,0,0.000000,1.000000
133269323,83,10000000000111110011111010000110000100100111110010001001001100100111010110001111001,133251028,0,0.000000,1.000000
133269324,75,000001111011110110101010010001001001111100100010010010001001011111110001001,133251028,0,0.000000,1.000000
133269325,79,0000000110101011100101001011001001001111100100010010011001001111110110001111111,133251029,0,0.000000,1.000000
133269326,84,011101000100011100101011100101101000010010011111001000100100010010010111001100011010,133251029,0,0.000000,1.000000
133269327,86,01110100010001110010101110010110100000100100111110010001001000100100101111011000110101,133251029,0,0.000000,1.000000
133269328,83,11100000001110011101010010110100000100100111110010001001000100100111111011001111101,133251029,0,0.000000,1.000000
133269329,75,000001111011111110101010010001001001111100100010010011001001011111110001001,133251031,0,0.000000,1.000000
133269330,82,1101100010011111011111001010000000010010011110010001001001100100111011011000111011,133251031,0,0.000000,1.000000
133269331,84,001001010100111110011110010100100000100100111110010001001001100101101011011000111111,133270352,0,0.000000,0.600000
133269332,81,100000101010000111110110010100000100100111110010001001000100100111101011100110101,133251032,0,0.000000,1.000000
133269333,82,1000000010111110111110010100101100100100111110010001011000100100111011011000111001,133251032,0,0.000000,1.000000
133269334,76,0000011001010111110000100000100100100101100010001001000100100110000110001011,133251032,0,0.000000,1.000000
133269335,82,1101001100011100101011100101101001001011001111100100010010001001001011110110001010,133251032,0,0.000000,1.000000
133269336,84,111000000101111001111100111001001001001000111100100010110101001001100110110000011010,133251033,0,0.000000,1.000000
133269337,82,1101000100011100101011100101001001011001001111100100010010001001001011110110001010,133251034,0,0.000000,1.000000
133269338,82,1000000010111110111110010100101100100100111110010001001000100100111011011000111011,133251035,0,0.000000,1.000000
133269339,82,0000000000111001000111000011010100010010011111001000100111110011011111010100110101,133251035,0,0.000000,1.000000
133269340,83,11101010000011100101010101011010000010010011111001000100100010010010101111100011010,133251036,0,0.000000,1.000000
133269341,84,011010000000111001010111001011010010010010011111001000100100010010010111101100010100,133251037,0,0.000000,1.000000
133269342,77,00010001101010111001010000111010010011111001000100100110010011001011000111111,133268597,0,0.000000,0.700000
133269343,81,110000000101001110111001010101000100100111110010001001000100100011111001001100101,133251038,0,0.000000,1.000000
133269344,84,111100000001110001101010010110100000100100111110010001001000100100111101011001110101,133251038,0,0.000000,1.000000
133269345,84,111000000110110111011000011010000010010011111001100100100010010010111101000011000111,133251038,0,0.000000,0.800000
133269346,82,1000001010100001110101101101000001001001111100101010010001001001111010111001100010,133251038,0,0.000000,1.000000
133269347,77,00000010010101111100001000001001001001111100100010010001001001100001100010110,133268597,0,0.000000,0.600000
133269348,83,01100100001110011001010010110100000100000111110110001001000100100111111001001110101,133251038,0,0.000000,1.000000
133269349,83,11100000001110011101010010110100000100100111110010001001000100100111111011001110101,133251038,0,0.000000,1.000000
133269350,87,011001100010011111001111011010010000010010011011001000100100110010011101001100011111110,133268597,0,0.000000,0.800000
133269351,82,1010000001111101111100001001001001101001111100100010010001001001100110110001111110,133251038,0,0.000000,1.000000
133269352,76,0000010101010111110000001000100101100111110010001001001100100110000110001011,133251038,0,0.000000,0.500000
133269353,86,11100000011011011110110000110100000100100111110010001001000100100001111010000110001111,133268597,0,0.000000,0.600000
133269354,83,11001000100111110011110010100100000100100111110010001101001100100111011011010111111,133251038,0,0.000000,1.000000
133269355,80,01001001010100001111101100101000011001011111001000100100001010011110101110011000,133251039,0,0.000000,1.000000
133269356,83,10111000001111010101010010100100000100100111110010001001000100100111010111001101001,133251040,0,0.000000,1.000000
133269357,84,000011000011101110111101010010000010010011111001000100100010010011101111101011110010,133251040,0,0.000000,1.000000
133269358,79,0000100100001101011100101101001001001001111100100010010001001001110101110001110,133270353,0,0.000000,0.600000
133269359,86,10011000000111101010111001010010000010010011111001000000101010010011100001110111010000,133251041,0,0.000000,1.000000
133269360,79,0100100111100111110001010111000010010011101001000100101010010010111101100010111,133251041,0,0.000000,1.000000
133269361,86,10011000000111101010111001010010000010010011111001000000101010010011100001110111010000,133251041,0,0.000000,1.000000
133269362,86,01110100010001110010101110010110100000100100111110010001001000100100101111001000110101,133251041,0,0.000000,1.000000
133269363,82,0110010001001111100111100101001000001001001111100100010010011001011101101100011111,133251041,0,0.000000,1.000000
133269364,81,000000011110111011010100100000100100111110010001001000100100111011111000111100111,133251041,0,0.000000,1.000000
133269365,81,110100000010111011111000010010010000100111110010001001000100100110011011000111110,133251041,0,0.000000,1.000000
133269366,79,0000001111011111101100100000100100111110010001001000100100110011111000111100110,133251041,0,0.000000,1.000000
133269367,81,100000101010000111110110010100000100100111110010001001000100100111101011100110001,133251041,0,0.000000,1.000000
133269368,87,010101100100011100101011100101101000001001001111100100010010001001001011110110001101010,133251041,0,0.000000,1.000000
133269369,82,1110000010110111101100100000100001001011111100100010010001001001011010110111101000,133251041,0,0.000000,1.000000
133269370,83,11010000001111101111100001001001001001001111100100010010001001001100110110001110110,133251041,0,0.000000,1.000000
133269371,82,1110000010110111101100100000100001001011111100100010010001001001011010110111101000,133251041,0,0.000000,1.000000
133269372,86,01110100010001110010101110010110100000100100111110010001001000100100101111001000110101,133251041,0,0.000000,1.000000
133269373,83,00000000001110010101110000110101000110100111110010001001001100110111110101001101011,133251041,0,0.000000,1.000000
133269374,79,0010010011111011111000010100000100100111110010001001000100100001100110001101001,133251042,0,0.000000,1.000000
133269375,83,10100001001110000101110010110100000100100111110010001001000100100101110101010110101,133251043,0,0.000000,1.000000
133269376,86,01001000001010111001011101101101000001001001111100100010010001001001111010111001100011,133251043,0,0.000000,1.000000
133269377,85,1101000100011100101011100101101000001001001111100100010010000001001010110110001101011,133251043,0,0.000000,1.000000
133269378,86,11100000011011011110110000110100000100100111110010001001000100100101111010000110001111,133251043,0,0.000000,1.000000
133269379,82,1110000011100111101100100000100001001001111100100010010001001001011110111101101000,133251043,0,0.000000,1.000000
133269380,86,11100000011011011110110000110100000100100111110010001001000100100101111010000110001111,133251043,0,0.000000,1.000000
133269381,86,11100000011011111111110000110100000100100111110010001001000100100101111010010110001111,133251043,0,0.000000,1.000000
133269382,86,01001000001010111001011101101101000001001001111100100010010001001001111010111001100011,133251043,0,0.000000,1.000000
133269383,76,0000010101010111110000001000100101100111110010001001001100100110010110001011,133251043,0,0.000000,1.000000
133269384,81,000000011110111111010100100000100100111110010001001000100100111011111000111100111,133251043,0,0.000000,1.000000
133269385,85,1101000100011100101011100101101000001001001111100100010010000001001010110110001101011,133251043,0,0.000000,1.000000
133269386,83,10000000000111110011111010000110000100100111110010001001001100100111011110001111001,133251043,0,0.000000,1.000000
133269387,76,0000101111111111100001011010101001001111100100010010001001001010100100111001,133251043,0,0.000000,1.000000
133269388,84,110000001101101111111000011010000010010111110010001001000100100101111010000110001111,133251043,0,0.000000,1.000000
133269389,83,11100000001110011101010010110100000100100111110010001001000100100111111011001110101,133251043,0,0.000000,1.000000
133269390,86,01100110010001111001011001010010000010010011111001100100100110010011100101100011111110,133251043,0,0.000000,1.000000
133269391,86,11100000011011011110110000110100000100100111110010001001000100100101111010000110001111,133251043,0,0.000000,1.000000
133269392,84,111000011111011110110010000110100100100111110010001001000100100101111011010110110000,133251043,0,0.000000,1.000000
133269393,83,01000001010100001011101101001000000001001110100100010010001101001111000101001100010,133251043,0,0.000000,1.000000
133269394,84,110110000011100101010100101001000001001001111101100010010001001001110100111001101000,133252596,0,0.000000,1.000000
133269395,81,000000101110010101110010110100000100100111110010001001000100100111111011000110000,133252596,0,0.000000,1.000000
133269396,82,1010000010111100111110010100101100100100111110010001001000100100111011011000111001,133252598,0,0.000000,1.000000
133269397,82,1010000001111101111100001001001001001001111100100010010001001001100110110001111110,133252598,0,0.000000,1.000000
133269398,83,00000110011110111111110100000000100100110110010001001000100100111011111000111100110,133252598,0,0.000000,1.000000
133269399,84,110010001001110101111100101001000001001001111100100010010011001001110110110001111111,133252599,0,0.000000,1.000000
133269400,84,111001000100111110011110010100000000100100111110010000001001100100101011011000111111,133252599,0,0.000000,1.000000
133269401,82,0000000111101111110100001000001001001111100100010010001001001010111110001111001101,133252599,0,0.000000,1.000000
133269402,86,01110100010001110010101110010110100000100100111110010001001000100100101111001000110101,133252599,0,0.000000,1.000000
133269403,84,011101000100011100101011100101101000010010011111001000100100010010010111001100011010,133252599,0,0.000000,1.000000
133269404,83,10100000001110010101110010110100000100100111110010101001000100100101110011010110101,133252599,0,0.000000,1.000000
133269405,83,10000000101011101111100101011001001001001111100100010010001001001110110100001111110,133252600,0,0.000000,1.000000
133269406,86,11100000011011011111110000110100100100100111110010001001000100100101111010000110001111,133262194,0,0.000000,0.600000
133269407,83,01000000001110101111110000101000001001001111100100010010001000001111101100000010011,133252601,0,0.000000,0.800000
133269408,84,111110000011100101010100101001001001001001111100100010010001001001110100111001101000,133252601,0,0.000000,1.000000
133269409,82,0000000000111001000111000011010100010010011111001000100100110011011111010100110101,133252601,0,0.000000,1.000000
133269410,83,01100100001110011001110010110100000100000111110010001001000100100111111001001110101,133252603,0,0.000000,1.000000
133269411,83,10100000001110000101110010110100000100100111110010001001000100100101110111010110111,133252603,0,0.000000,1.000000
133269412,83,10000000000111110011111010000110000100100111110010001001001100100111011110001111001,133252605,0,0.000000,1.000000
133269413,86,11100000011011011110110000110100000100100111110010001001000100100101111010000110001111,133252605,0,0.000000,1.000000
133269414,82,1101000100101100101011100101101001001001001111100100010010001001001011110110001010,133252605,0,0.000000,1.000000
133269415,77,00000000111110111110001010000010010011111001000100100010010010111011000111100,133252605,0,0.000000,1.000000
133269416,86,11100000011011111111110000110100000100100111110010001001000100100101111010010110001111,133252605,0,0.000000,1.000000
133269417,84,111100000001110011101011010110100000100100111110010001001000100100111111011001110111,133252605,0,0.000000,0.800000
133269418,82,0010110000111001010101001011010010010010011111001000100100000010010111010000110101,133252606,0,0.000000,1.000000
133269419,82,1000000010111110111110010100101100100100111110010001001000100100111011011000111001,133252606,0,0.000000,1.000000
133269420,85,0110010001001111101111100101001000001001001111100100010010011001001110110110001111111,133252606,0,0.000000,1.000000
133269421,82,1000000110111110111110010100101100101100111110010001001000100100111011011000111001,133252606,0,0.000000,1.000000
133269422,83,00000000001110000101111000110101000100100011110010001001001100110111111101001101011,133252606,0,0.000000,1.000000
133269423,80,00000000011100101010100000101010010010011111001000100100110011011111010100110100,133252607,0,0.000000,1.000000
133269424,86,11100000011011011111110000110100100100100111110010001001000100100101111010000110001111,133252607,0,0.000000,1.000000
133269425,85,1101000000011100001011100111101010001001001111000100010010001001001011110110101101010,133252607,0,0.000000,1.000000
133269426,82,1000010011110111011100100101100001001001111100100010010001001001010110110101101011,133252607,0,0.000000,1.000000
133269427,76,0010001101110111001100010110100100111110010001001001100100111111011000111111,133252607,0,0.000000,1.000000
133269428,81,110000000101001110111001010101000100100111110010001001000100100011111001001100101,133252607,0,0.000000,1.000000
133269429,82,1000000010111110111110010100101100100100111110010001001000100100111011011000111001,133252607,0,0.000000,1.000000
133269430,77,00000000111110111110001010000010010011111001000100101010010010111011000111100,133230485,0,0.000000,0.700000
133269431,81,100000101010000111110110010100000100100111010010101001000100100111101011100110001,133252608,0,0.000000,1.000000
133269432,86,10010000010101000010111011011010000010010011111001000100100010010011110101100011000101,133252609,0,0.000000,1.000000
133269433,88,0001100000010011011111110000110100100100100011110010001001000101100101111010000110001111,133252609,0,0.000000,1.000000
133269434,83,11001000100111110111110010100000000100100100110010001001001100100111011010000111111,133252609,0,0.000000,1.000000
133269435,83,11011001100111110111110010100100000100100111110010001001001100100111011011000111011,133252609,0,0.000000,1.000000
133269436,82,1010000010111100111110010100101100100100111110010001001000100100111011011000111001,133252609,0,0.000000,1.000000
133269437,83,11100000001110011101010010110100000100100111110010001001000100100111111011001110111,133252609,0,0.000000,1.000000
133269438,84,100000101010000101110110110100000100100111110010001001000100100111101011010110001010,133252609,0,0.000000,1.000000
133269439,82,1000000001110111101010010110100010100100111110010001001000100100111111001000110101,133252611,0,0.000000,1.000000
133269440,76,0010001101110111001100010110100100111110010001001001100100111111011000111111,133252611,0,0.000000,1.000000
133269441,85,1111010001000111010101110010110100000100100111110010001001000100100101111011000110101,133252611,0,0.000000,1.000000
133269442,82,1010000001111101111100001011001001001001101100100010010001001001100110110001111110,133252611,0,0.000000,1.000000
133269443,86,01001000001010100001011000100101000000001001111100100010010001001101111010111001100010,133252611,0,0.000000,1.000000
133269444,82,1010000001111101111100001011001001001001101100100010010001001001100110110001111110,133252611,0,0.000000,1.000000
133269445,84,010011100001110010101010000110100000100100111110010001001000100100101111010010101010,133252611,0,0.000000,1.000000
133269446,77,00000000111110111110001010100110010011111001000100100010010010111011000110100,133252611,0,0.000000,1.000000
133269447,86,01001000001110100001011000100101000000001001111100100010010001001101111010111001100010,133252611,0,0.000000,1.000000
133269448,77,00000000111110111110001010100110010011111001000100100010010010111011000110100,133252611,0,0.000000,1.000000
133269449,83,10000000001110000101110000110001000100100111110010001001001100110111110101001101011,133252611,0,0.000000,1.000000
133269450,82,1110000011110111101100100000100001001011111100100010010001001001011110110101101000,133252612,0,0.000000,1.000000
133269451,83,11001000100111110011110010100100000100100111110010001101001100100111011011010111111,133252612,0,0.000000,1.000000
133269452,83,01100100010011111001110001010010000000100111110010001001001100100111011011000111111,133254147,0,0.000000,1.000000
133269453,84,011001100100011110010110010100100000101001111100110010010011001001110010110001111111,133254147,0,0.000000,0.000000
133269454,84,110101010001110110101110010110100000100100101110010001001001100100111111000000100101,133254147,0,0.000000,1.000000
133269455,76,0000001111111111000010110101010000011111001000100100010010010101001000110011,133254147,0,0.000000,1.000000
133269456,83,10000000101011101111101101011001001001001111100100010010001001001110110100101111110,133254147,0,0.000000,0.800000
133269457,82,1101001100011100101011100101101001001011001111100100010010001001001011110110001010,133254148,0,0.000000,1.000000
133269458,83,10000000101011101111100101011001001001001111100100010010001001001110110100001111110,133254148,0,0.000000,1.000000
133269459,82,0000000000111001000111000011010100010010011111001000100100110011011111010100110101,133254150,0,0.000000,1.000000
133269460,75,000101011110111100101000001001001001111100100010010000001001111110100001111,133254150,0,0.000000,1.000000
133269461,78,001001001111101111100001010000010010011111001000100100010010000110011000110100,133254150,0,0.000000,1.000000
133269462,75,000100011100101101101000001001001001111100100010010000001001111110110001101,133254151,0,0.000000,1.000000
133269463,81,100001001111011101110010000110000100100111110010001001000100100101011011010110101,133254152,0,0.000000,1.000000
133269464,83,10100000001110010101110010110100000100100111110010001001000100101101010011010110101,133254152,0,0.000000,1.000000
133269465,76,0000010101010111110000001000100101100111110010001001001100100110010110001011,133254152,0,0.000000,1.000000
133269466,83,00010100000111001010101001011011000010010011111001001100100000010010111000000110101,133254152,0,0.000000,1.000000
133269467,84,000011000011101110111101010010000010010011111011000100100010010011101111011011110010,133254155,0,0.000000,1.000000
133269468,83,11000000011100111111000100100000100100111110010001001000100100111011111000111100110,133254155,0,0.000000,1.000000
133269469,76,0100100011110111100101000001001001001111100100010010001000001111110110001101,133254155,0,0.000000,1.000000
133269470,82,1000001010100101011101101101000001001001111100100010010001001001111000101001100010,133254157,0,0.000000,1.000000
133269471,83,11000000010111110111110010100101100100100111110010001001000000100111011011000111001,133254157,0,0.000000,0.800000
133269472,85,0010000010011100111011100100101000001001001111100100010010001001001111110010011101011,133254157,0,0.000000,1.000000
133269473,82,0000010000111001000111000011010100010010011111001000100100110011010111010100110101,133254157,0,0.000000,1.000000
133269474,75,000001111011110110101010010001001001111100100010010010001001011111110001001,133254157,0,0.000000,1.000000
133269475,83,11001000100111110111110010100100000100100111110010001001001100100111011011010111111,133268613,0,0.000000,0.700000
133269476,83,11101000100111100001011100101101001101001001111100100010010001001001011110110001010,133254157,0,0.000000,1.000000
133269477,83,11000000010111110111110010100101100100100111110010001001000100100111011011000111001,133254157,0,0.000000,1.000000
133269478,81,100000001011111011111011010011000000100111110010001001000100100111111101110110101,133268613,0,0.000000,0.600000
133269479,82,1000001010100001110101101101000001001001111100101010010001001001111010111001100010,133268613,0,0.000000,0.600000
133269480,83,11000000010111110111110010100101100100100111110010001001000100100111011011000111001,133254157,0,0.000000,1.000000
133269481,79,0000001011100100011100101010000010010011111001000100100010010011111101100011000,133254157,0,0.000000,1.000000
133269482,75,000001111011110110101010010001001001111100100010010010001001011111110001001,133254157,0,0.000000,1.000000
133269483,82,1101001100011100101011100101101001001011001111100100010010001001001011110110001010,133254159,0,0.000000,1.000000
133269484,83,10100000001110010101110010110100000100100111110010001001000100100101110011000110101,133255825,0,0.000000,1.000000
133269485,83,01001000100101010111110010100100000100100110110010001001001100100111011011000111111,133255825,0,0.000000,1.000000
133269486,85,1101000000011100001011100101101010001001001111000100010010001001001011110110101101010,133255825,0,0.000000,1.000000
133269487,76,0000001111101111010001011000010010011111000000100100111010011101101100011101,133255827,0,0.000000,0.800000
133269488,84,011001000100111110011110010100100000100100111110010001001001100100111011011000111111,133255827,0,0.000000,1.000000
133269489,83,00100000001111101111110101001000101001001111100110010010011001001110111110001111001,133255827,0,0.000000,1.000000
133269490,84,100010000011101110011101010000000010010011111001000100100010010011101110010011110010,133237123,0,0.000000,1.000000
133269491,82,1110000011100111111100100000100001001001111100100010010001001001011110110101101000,133237123,0,0.000000,1.000000
133269492,85,1011001000100111110011100010100100000100100111110010001001001100100111011011000111111,133255829,0,0.000000,1.000000
133269493,83,10100000001110010101110010110100000100100111110010001001000100101101110011010110101,133255839,0,0.000000,0.600000
133269494,86,01110100010001110010101110010110100000100100111110010001001001100100101101011000110101,133255830,0,0.000000,1.000000
133269495,82,1100000001011111011110110100100000100100111110010001001000100100111111101110110101,133255830,0,0.000000,1.000000
133269496,84,010001100000110010101010000010100000100100111110010001001000100100101111000010101011,133255839,0,0.000000,0.600000
133269497,83,10111000001110010101010010100100000100100111110010001001000100100101010111001101001,133255831,0,0.000000,1.000000
133269498,73,0010001110011110010100000100100100111110010001001000000100111111011000110,133266902,0,0.000000,0.500000
133269499,85,1011001000100111110011100010100100000100100111110010001001001100100111011011000111111,133266902,0,0.000000,0.600000
133269500,83,01000001010100001011101101001000000001001110100100010010001001001111000101001100010,133255832,0,0.000000,1.000000
133269501,84,100010000011101110011101010000000010010011111001000100100010010011101110010011110010,133255833,0,0.000000,1.000000
133269502,83,11101010000011100101010101011010000010010011111001000100100000010010111101100011010,133255833,0,0.000000,1.000000
133269503,86,10100000011011011111110000110100000100100111110010001001001100100101111010010110011011,133255834,0,0.000000,1.000000
133269504,82,1000000010111110111110010100101100100100111110010001001000100100111011011000111001,133255834,0,0.000000,1.000000
133269505,75,000100011000111100101000001001000001111100100010010001001001111110110000101,133255834,0,0.000000,1.000000
133269506,84,111001000110111110011110011100100000100101111110010001001001000100011011111100111101,133255836,0,0.000000,1.000000
133269507,82,1001001000100001011111101101000001001001111100100010010001011001101010111001100011,133255838,0,0.000000,1.000000
133269508,82,0000000000111001000111000011010100010010011111001000100100110011011111010100110101,133255838,0,0.000000,1.000000
133269509,82,1001001000100001011111101101000001001001111100100010010001011001101010111001100011,133255838,0,0.000000,1.000000
133269510,88,1101110000011011011111110000110100101100110111110010001001000100100101101010000110001110,133255838,0,0.000000,1.000000
133269511,87,011001100100011110010110010100100000100100111110011001001001110100111001011000111111110,133255841,0,0.000000,1.000000
133269512,84,011100000001110011101010010110100000100100111110010001001000100100111111011000100101,133255841,0,0.000000,1.000000
133269513,80,00000000011100101010100000101010010010011111001000100100110011011111010100110100,133255841,0,0.000000,1.000000
133269514,82,1110000011100111111100100000100001001001111100100000010001001001011110110101101000,133255841,0,0.000000,1.000000
133269515,85,1001000001010110001011101101101000001001001111100000010010101011001111010111001100011,133255841,0,0.000000,1.000000
133269516,85,1001001001010100001111101101101000001001001111100100010010001001001111010111001100011,133255841,0,0.000000,1.000000
133269517,83,11100000001110011101000010110100000100100111110010001001000100100111111011001110101,133255841,0,0.000000,1.000000
133269518,84,000101000001010010101010010110110000100100111110010001001000000100101110000001101011,133255842,0,0.000000,0.800000
133269519,78,001100011010101010010100001100100100011110011001001001100100111101011000111111,133255842,0,0.000000,1.000000
133269520,84,111000000011100111010100101101000001001001111100110010010001001001111110110011101010,133255843,0,0.000000,1.000000
133269521,84,111001000100111110011110010100100000100100111110010001001001100100011011111100111111,133255843,0,0.000000,1.000000
133269522,84,110101010001110110111110010110100000100100101110010001001001100100111111010000100101,133257450,0,0.000000,1.000000
133269523,83,11000000001111011101000110010100010101100111110010001001000100100111011001001110101,133257453,0,0.000000,1.000000
133269524,84,111001000100111110111110010100100000100100111110010001001001100100111011011000111111,133270354,0,0.000000,0.600000
133269525,88,0011010011000111001010111001011010000010010011111001000100100010010010111101100111010100,133257454,0,0.000000,0.800000
133269526,76,0000001111111111000010110101010000011111001000100100010010010101001000110011,133257454,0,0.000000,1.000000
133269527,81,100000101010000111110110110100100100100111110010001001000100100111101011100111001,133257454,0,0.000000,1.000000
133269528,85,0110000010011100111011100100101000001001001111100100010010001001001111110010011111011,133257454,0,0.000000,1.000000
133269529,86,11100000011011111111110000110100000110100111110010001001000100100101111010010110001111,133257456,0,0.000000,1.000000
133269530,83,01000010010111110111110010100100100100100111110110001001001100100111011011000111101,133257456,0,0.000000,1.000000
133269531,82,1001001000100001011111101101000001001001111100100010010001011001101010111001100011,133257457,0,0.000000,1.000000
133269532,83,10100000001110010101110010110000001100100111110010001001000100100101110011010110101,133257458,0,0.000000,1.000000
133269533,87,101110000011011011111110011110100000100111011110010001001000100100101111010000110000110,133257461,0,0.000000,1.000000
133269534,88,0101110000011011011111110000110100100100110111110010001001000100100101101010000110001110,133257462,0,0.000000,1.000000
133269535,86,11100000011011011110110000110100000100100111110010001001000100100101111010000110001111,133257463,0,0.000000,1.000000
133269536,83,11101010000111110101010101111010000010010011111001000100100010010010111111100011010,133257463,0,0.000000,1.000000
133269537,84,111001000100111110011110010100000000100100111110010001001001100100101011011000111111,133257463,0,0.000000,1.000000
133269538,87,011001000100111110010110010100100000100110111110010001011001100100110011011000111111101,133235544,0,0.000000,0.500000
133269539,83,10000101010000101110110010100000100100111110010001001000100100111101011110100001111,133257463,0,0.000000,1.000000
133269540,83,10100000001110011101010000110100000100100111110010001001000100100111101001001110101,133257463,0,0.000000,1.000000
133269541,86,11101010000011100101010100101111000001001001111100100010010001001001011110110001101011,133257466,0,0.000000,1.000000
133269542,82,1000000001110111101010010110100010100100111110010001001000100100111111001000110101,133257466,0,0.000000,1.000000
133269543,84,110001101001111100111101101001010001001001101100100010010001001001111110110001111010,133257466,0,0.000000,1.000000
133269544,84,011001010100111110011110010100100000100100111110010001001001100101101011011000111111,133257467,0,0.000000,1.000000
133269545,83,11001001100111110011110010100100010100100111010010001001001100100111011011100111111,133257468,0,0.000000,1.000000
133269546,78,001100001100111110011100111010100101111110010001001000100100111010011000111111,133257468,0,0.000000,1.000000
133269547,77,11000000011101111010001011000010010011111001000100100110010011101101100011101,133257468,0,0.000000,1.000000
133269548,83,01100000001110010001110010110100000100101111110010001001000100100111111001001110101,133259004,0,0.000000,1.000000
133269549,83,01100000001110010001110010110100000100101111110010001001000100100111111001001110101,133259004,0,0.000000,1.000000
133269550,77,00000101111111111100001011010001001001111100100010010001001001010100110011001,133259004,0,0.000000,1.000000
133269551,85,1101000000011100001011100101101010001001001111000100010010001001001011110110001101010,133259005,0,0.000000,1.000000
133269552,84,101110000011100101110100101111000001000001111100100010010001001001110101110011010011,133252598,0,0.000000,0.800000
133269553,89,01011100000110110111111100001101001001001101111100100010010001001001011010100001100011101,133259005,0,0.000000,1.000000
133269554,83,11001000100111110111110010100100000100100110110010001001001100100111011011000111111,133259006,0,0.000000,1.000000
133269555,83,11100000001110011101010010110100000100100111110010001001000100100111111011001110101,133268610,0,0.000000,0.800000
133269556,83,10100000001110000101010010110100000100100111110010001001000101100101110011010110101,133259007,0,0.000000,1.000000
133269557,77,10010001101110111001100010110100100111110000001001001100100111111011000111111,133259007,0,0.000000,1.000000
133269558,85,1001001001010100001011101101101000001001001111100100010010001001001111010111001100011,133259009,0,0.000000,1.000000
133269559,78,001100011010101010010100001100100100111110011001001001100100111101011000111111,133259013,0,0.000000,1.000000
133269560,86,10010000010101000010111011011010000010010011111001000100100010010011110101100011000101,133259013,0,0.000000,1.000000
133269561,84,011001000100111110011110010100100000100100111110010001001001100100111011011000011111,133259013,0,0.000000,1.000000
133269562,85,0011001000100111110011100010100100000100100111110010001001001100100111011011000111111,133259013,0,0.000000,0.800000
133269563,83,11001001100111110011110010100100010100100111010010001001001100100111011011100111111,133259013,0,0.000000,1.000000
133269564,83,11100000001110011101010010110100000100100111110010001001000100100111111011001110111,133259013,0,0.000000,1.000000
133269565,88,0101110000011011011111110000110100100100110111110010001001000100100101101010000110001110,133259013,0,0.000000,1.000000
133269566,86,11100000011011111111110000110100000100100111110010001001000100100101111010010110001111,133259013,0,0.000000,1.000000
133269567,84,111000000011100111010100101101000001001001111100100010010001001001111010110011101010,133259013,0,0.000000,1.000000
133269568,82,0010110000101001010101001011010010000010011111001000100100010010010111010000110101,133259015,0,0.000000,1.000000
133269569,82,1010000001111101110100001001001001001001111100100010010001001001100110110001111110,133259015,0,0.000000,0.800000
133269570,76,0010001101110111001100010110100100111110010001001001100100111111011000111111,133259016,0,0.000000,1.000000
133269571,80,00000100111110111110000101000001001001111100100010010001001000011101100011010010,133259016,0,0.000000,1.000000
133269572,85,0010000010011100111011100100101000001001001111100100010010001001001111110010011101011,133259017,0,0.000000,1.000000
133269573,80,00000100111110111110000101000001000001111100100010010001001000011101100011010010,133259018,0,0.000000,1.000000
133269574,84,011101000100011100101011100101101000010010011111001000100100010010010111001100011010,133259018,0,0.000000,1.000000
133269575,84,111100000001110001101010010110100000100100111110010001001000100100111101011001110101,133259018,0,0.000000,1.000000
133269576,84,101000000011100101011100101101000001001001111100100110010001001001011100110101101010,133259019,0,0.000000,1.000000
133269577,84,111110000011100101010100101001001001001001111100100010010001001001110100111001101000,133259019,0,0.000000,1.000000
133269578,86,10010000010101000010111011011010000010010011111001000100100010010011110101100011000101,133259019,0,0.000000,1.000000
133269579,80,00000000011111011111000010100000100100111110010001001000100100101110110011101001,133260438,0,0.000000,1.000000
133269580,84,010000000011101001111101010011000010010011111001000100100110010011101111100011110011,133260438,0,0.000000,1.000000
133269581,82,1000000010111110111110010100101100100100111110010001001000100100111011011000111001,133260438,0,0.000000,1.000000
133269582,76,0000000011101111010001011000010010011111001000000100110010011101101100010101,133260439,0,0.000000,1.000000
133269583,76,0000101111111111100001011010101001001111100100010010001001001010100100111001,133260439,0,0.000000,1.000000
133269584,82,1000000001110111101010010110100010100100111110010001001000100100111111001000110101,133260439,0,0.000000,1.000000
133269585,83,11100000001110011101000010110100000100100111110010001001000100100111111011001110101,133260440,0,0.000000,1.000000
133269586,84,110110000011100101010100101001000001001001111101100010010001001001110100111001101000,133260440,0,0.000000,1.000000
133269587,77,00000000111110111110001010000010010011111101000100110010010010111011000110100,133260440,0,0.000000,1.000000
133269588,84,110010001001111101111100101001000001001001111100100010010011001001110110110001111111,133260440,0,0.000000,1.000000
133269589,83,10111000001111010101010010100100000100100111110010001001000100100111010111001101001,133260440,0,0.000000,1.000000
133269590,76,0000101111111111100001011010101001001111100100010010001001001010100100111001,133260440,0,0.000000,1.000000
133269591,85,1111100000111001010101001010010010010010011111001000100100010010011101001110011010001,133260441,0,0.000000,1.000000
133269592,84,011001010100111110011110010100100000100100111110010001001001100101101011011000111111,133260441,0,0.000000,1.000000
133269593,84,100010000011101110011101010000000010010011111001000100100010010011101110010011110010,133260441,0,0.000000,1.000000
133269594,76,0000011110111111101010100100010010011111001000100100100010010111111100010011,133260441,0,0.000000,1.000000
133269595,87,001100000010011011111110000110100100100100011110010001001000101100101111010000110001111,133260441,0,0.000000,1.000000
133269596,79,0000010011110111110001001111000010010010111001000100100010010010111101100010111,133260441,0,0.000000,1.000000
133269597,82,0010110000111001010100001011010010010010011111001000100100000010010111010000110101,133260441,0,0.000000,1.000000
133269598,82,1110000011110111101100100000100001001011111100100010010001001001011110110101101000,133260442,0,0.000000,1.000000
133269599,82,1110000011110111101100100000100001001011111100100010010001001001011110110101101000,133260442,0,0.000000,1.000000
133269600,83,01000000010111110111110110100100000100100111110010001001000100100111111101110110101,133260442,0,0.000000,1.000000
133269601,81,100000101011000001110110110100000100100111110010001001000100100111101011100100001,133260444,0,0.000000,1.000000
133269602,86,11100000011011111111110000110100000110100111110010001001000100100101111010010110001111,133260444,0,0.000000,1.000000
133269603,75,000100011010111100101000001001000001111100100010010001001001111110110001001,133260445,0,0.000000,1.000000
133269604,83,11100000001110011101010010110100000100100111110010001001000100100111111011001110101,133238705,0,0.000000,0.600000
133269605,77,00000010111011110100010110000100100111110010001001001100100111011011101111011,133260446,0,0.000000,1.000000
133269606,79,0000000011011011110000000100000100100111110010001001000100100101110110001101001,133260446,0,0.000000,1.000000
133269607,84,011000000011110011111100001101001101001001111100100010010001001001011110100001100011,133260448,0,0.000000,1.000000
133269608,84,110101010001110110101110010110100000100100101110010001001001100100111111000000100101,133260448,0,0.000000,1.000000
133269609,76,0010011101010111001010010110000010011111001000100100110010011111101100111101,133260448,0,0.000000,1.000000
133269610,85,0010000000011100111011100100101000001001001111100100010010001001000111110010011101011,133260450,0,0.000000,1.000000
133269611,76,0010001101110111001100010110100100111110010001001001100100111111011000111111,133247257,0,0.000000,0.700000
133269612,75,000100011100111100101000001001001001111100100010010001001001111110110001101,133247257,0,0.000000,0.600000
133269613,82,1000000001110111101010010110100010100100111110010001001000100100111111001000110101,133260451,0,0.000000,1.000000
133269614,86,11110010001001111101111100101001000001001001111100100010010011001001110110110001111110,133260453,0,0.000000,1.000000
133269615,76,0011001111101111111101001100010010011111001000100110010010011100101000110110,133260453,0,0.000000,1.000000
133269616,84,001001010100111110011110010100100000100100111110010001001001100101101011011000111111,133260453,0,0.000000,1.000000
133269617,80,01111001110011111100010001110000100100111110011001001000100100101111011000101111,133260453,0,0.000000,1.000000
133269618,82,1010000001111101111100011001001001001001111100100010010001001001100110110001111110,133260453,0,0.000000,1.000000
133269619,84,000000000011111001111111010011000010010011111001000100100110010011101111100011110011,133260453,0,0.000000,1.000000
133269620,86,10010000010101000010111011011010000010010011111001000100100010010011110101100011000101,133260453,0,0.000000,1.000000
133269621,82,1101000100011100101011100101001001001001001111100100010010001001001011110110001010,133260454,0,0.000000,1.000000
133269622,86,11100000011011011110110000110100000100100111110010001001000100100101111010000110001111,133260455,0,0.000000,1.000000
133269623,86,01100110010001111001011001010010000010010011111001100100100110010011100101100011111110,133260455,0,0.000000,1.000000
133269624,76,0000100011110111100101000001001001001111100100010010001000001111110110001101,133262178,0,0.000000,1.000000
133269625,82,1000000001111011101010110110100010100100111110010001001000100100111111001001110101,133262178,0,0.000000,1.000000
133269626,86,11100000011011011111110000110100000100100111110010011001000100100101111010000110001011,133262179,0,0.000000,1.000000
133269627,82,1000000011100111111010100100000100100111110010001001000100100111011111000111100110,133262179,0,0.000000,1.000000
133269628,82,0010110000111001010101001011010010010010011111001000100100000010010111010000110101,133262179,0,0.000000,1.000000
133269629,87,001110100010001110010101110010110100000100100111110010001001000100100101111001000110101,133262180,0,0.000000,1.000000
133269630,83,01000010010111110111110010100100100100100111110110001001001100100111011011000111101,133262180,0,0.000000,1.000000
133269631,82,1010000001111101111100001001001001101001111100100010010001001001100110110001111110,133262180,0,0.000000,1.000000
133269632,83,11001000000111110111110010000100000100100110110010001001001100100111011011000111111,133262180,0,0.000000,1.000000
133269633,84,100010000011001110011101010000000010010011111001000100100010010011101110010011110010,133262180,0,0.000000,1.000000
133269634,83,00010100000111001010101001011011000010010011111001001100100000010010111000000110101,133262180,0,0.000000,1.000000
133269635,84,110101010001110110101110010110100000100100111110010001001001110100101011000000100101,133262180,0,0.000000,1.000000
133269636,87,011001000100111110010110010100100000100110111110010001011001100100110011011000111111101,133262180,0,0.000000,1.000000
133269637,80,01111001110011111100010001110000100100111110011001001000100100101111011000101111,133262180,0,0.000000,1.000000
133269638,81,110100000010111011111000010010010000100111110010001001000100100110011011000111110,133262180,0,0.000000,1.000000
133269639,83,10100000001110010101110010110100000100100111110010001001000100100101110011000110101,133262180,0,0.000000,1.000000
133269640,81,001000000111110111110000100100100100101111110010001001000100100110011011000111111,133262181,0,0.000000,1.000000
133269641,84,110101010001110110101110010110100000100100101110010001001001100100111111000000100101,133262181,0,0.000000,1.000000
133269642,82,0110000001111011111110000110100100100100111110010001001000100100100111010000110001,133262181,0,0.000000,1.000000
133269643,83,10100000001100010101110010110100000100100111110010001001001100100101110011010110101,133262181,0,0.000000,1.000000
133269644,84,100110000001100101010100101000000001101011111100100010010001001001110100111001101001,133262181,0,0.000000,1.000000
133269645,87,011100000100011100101011100101101000001001001111100100010010001001001011110110001101010,133262181,0,0.000000,0.800000
133269646,81,100000001111110111010001001000010010011111001000100100110010111101101100011001101,133262181,0,0.000000,1.000000
133269647,83,00000000000111101111101100001000001011001011100100010010001001001111111011101111010,133262181,0,0.000000,1.000000
133269648,84,000000000001111001111111010011000010010011111001000100100110010011101111100011110011,133262181,0,0.000000,1.000000
133269649,84,000000000001111001111111110011000010010011111001000100100110010011101111100011110011,133262181,0,0.000000,0.800000
133269650,81,100000001111110111010001001000010010011111001000100100110010111101101100011001101,133262181,0,0.000000,1.000000
133269651,86,10010000010101000010111011011010000010010011111001000100100010010011110101100011000111,133262181,0,0.000000,1.000000
133269652,84,100010000001001110011101010000000010010011111001000100100010010011101110010011110010,133262181,0,0.000000,1.000000
133269653,80,00000000111110111110100101010001001001111100100010010001001001011111100011010011,133262181,0,0.000000,1.000000
133269654,80,00000000111110111110100101010001001001111100100010010001001001011111100011010011,133262181,0,0.000000,1.000000
133269655,84,110101010001110110101110010110100000100100101110010001001001100100111111000000100101,133262181,0,0.000000,1.000000
133269656,86,10010000010101000010111011011010000010010011111001000100100010010011110101100011000111,133262181,0,0.000000,1.000000
133269657,81,001000000111110111110000100100100100101111110010001001000100100110011011000111111,133262181,0,0.000000,1.000000
133269658,84,111010001000111001010111001011010000010010011111001000100100010010001101011000110101,133262182,0,0.000000,1.000000
133269659,83,10100000001110010101110010110100000100100111110010001001000100100101110011010110101,133262183,0,0.000000,1.000000
133269660,85,1001000001010110001011101101101000001001001111100100010010001001000111010111001100011,133262183,0,0.000000,1.000000
133269661,81,100000101010000111110110000100000100100110110010001001000100100111101011100110001,133262183,0,0.000000,1.000000
133269662,76,0000101111111111100001011010101001001111100100010010001001001010100100011001,133262183,0,0.000000,1.000000
133269663,83,11101010000011100101010101011010000010010011111001000100100010010010111101100011010,133262183,0,0.000000,1.000000
133269664,84,000000000011111001111101010011000010010011111001000100100110010011101111100011110011,133262183,0,0.000000,1.000000
133269665,75,000100011010111100100000001001000001111100100010010001001001111110110000101,133262183,0,0.000000,1.000000
133269666,86,01100000011011011111110000110100100100100111110010001001000101100101111010000110001111,133262183,0,0.000000,1.000000
133269667,84,110101010001110110101110010110100000100100111110010001001001110100101011000000100101,133262183,0,0.000000,1.000000
133269668,77,00000000111110111110001010000010010011111001000100100010010010111011000110100,133262183,0,0.000000,1.000000
133269669,85,1001000001010110001011101101101000001001001111100100010010001001000111010111001100011,133262183,0,0.000000,1.000000
133269670,85,1001000001010110001011101101101000001001001111100100010010001001000111010110001100011,133262183,0,0.000000,0.800000
133269671,76,0000101111111111100001011010101001001111100100010010001001001010100100011001,133262183,0,0.000000,1.000000
133269672,84,000000000011111001111101010011000010010011111001000100100110010011101111100011110011,133262183,0,0.000000,1.000000
133269673,77,00000000111110111110001010000010010011111001000100100010010010111011000110100,133262183,0,0.000000,1.000000
133269674,77,00000000111110111110001010000010010011111001000100100010010010111011000110100,133262183,0,0.000000,1.000000
133269675,81,100000101010000111110110000100000100100110110010001001000100100111101011100110001,133262183,0,0.000000,1.000000
133269676,73,0000011110111011101010100100100100111110010001001001100100001111111000110,133262184,0,0.000000,1.000000
133269677,83,10000101010000101110110010100000100100111110010001001000100100111101011100100001111,133262185,0,0.000000,1.000000
133269678,76,0000101111111111100001011010001001001111100100010010001001001010100100011001,133262185,0,0.000000,1.000000
133269679,83,11101010000111100101010101011010000010010011011001000100100010010010111111100011010,133262185,0,0.000000,1.000000
133269680,80,00000100010000011101101001000000001001110100100010010001001001111000101001100010,133262185,0,0.000000,1.000000
133269681,79,0000000001111011111000010100000100100111110010001101000100100101110110001001001,133262185,0,0.000000,1.000000
133269682,80,00000100010000011101101001000000001001110100100010010001001001111000101001100010,133262185,0,0.000000,1.000000
133269683,87,011001000100111110010110010100100000100110111110010001001001100100110011011000111111101,133262185,0,0.000000,1.000000
133269684,84,111010001000111001010111001011010000010010011111001000100100010010001101011000110101,133262186,0,0.000000,1.000000
133269685,84,011010001000111001010111001011010010010010011111001000100100010010010111101100010100,133262186,0,0.000000,1.000000
133269686,81,100000101011000000110110110100000100100111110010001001000100100111101011100100001,133262188,0,0.000000,1.000000
133269687,83,11001001100111110011110010100100010100100111010010001001000100100111011011100111111,133262188,0,0.000000,1.000000
133269688,81,110100000011101011111000010010010000100111110110001001000100100100011011000111110,133262188,0,0.000000,1.000000
133269689,81,100000101011000001110110100100000100100111110010001001000000100111101011000100001,133262188,0,0.000000,1.000000
133269690,84,110101010001111010101110010110100000100100111110010001001001100100101111001001100101,133262188,0,0.000000,1.000000
133269691,83,10100000001110000101010010110100000100100111110010001001000101100101110011010110101,133262188,0,0.000000,1.000000
133269692,83,10100000001110010101110010110100000100100111110010001001100100100101110011010110101,133262188,0,0.000000,1.000000
133269693,81,100000101010000111110110010100000100100111110010101001000100100111101011100110001,133262188,0,0.000000,1.000000
133269694,81,100000101010000111110110010100000100100111110010101001000100100111101011100110001,133262188,0,0.000000,1.000000
133269695,83,11000000001111010101000110010100010101100111110010001000000100100111011001001110101,133262188,0,0.000000,1.000000
133269696,83,11001000100111110111110010100100000100100110110010001001001100100111011011000111111,133262189,0,0.000000,1.000000
133269697,83,00000000000111101111101100001000001011001011100100010010001001001111111011101111010,133262189,0,0.000000,1.000000
133269698,82,1101000100011100101011100101101001001011001111100100010010001001001011110110001010,133262189,0,0.000000,1.000000
133269699,83,11001000100111110111110010100100000100100110110010001001001100100111011011000111111,133262189,0,0.000000,1.000000
133269700,84,011001000100111110011110010100100000100100111110010001001001100100111011011000110111,133262189,0,0.000000,1.000000
133269701,80,00000000011100101010100000101010010010011111001000100100110011011111010100110100,133262189,0,0.000000,1.000000
133269702,75,000001111011011110101010010001001001111100100010010011001001011111110001101,133262189,0,0.000000,1.000000
133269703,83,11101010000111100101010101011010000010010011011001000100100010010010111111100011010,133262189,0,0.000000,1.000000
133269704,84,110101010001110110101110010110100000100100101110010001001001100100111111000000100101,133262189,0,0.000000,1.000000
133269705,81,100000101010000111110110010100000100100111110010001001000100100111101011100110001,133262190,0,0.000000,1.000000
133269706,74,00000011101111010101011000010010011101001000100100110010011101101100011101,133262192,0,0.000000,1.000000
133269707,77,00000000111110111110001010000010010011111001000100100010010010111011000110100,133241972,0,0.000000,0.500000
133269708,82,1000001010100001001101101101000001001001111100100010010001001001111000101001100010,133241972,0,0.000000,0.500000
133269709,82,0000000000111001010101000001010100010010011111001000100100110011011111010100110100,133241972,0,0.000000,0.500000
133269710,82,1000001010100001001101101101000001001001111100100010010001001001111000101001100010,133262192,0,0.000000,1.000000
133269711,83,11100000001110011101010010110100000100100111110010001001000100100111111011001110101,133262192,0,0.000000,1.000000
133269712,84,011101000100011100101011100101101000010010011111001000100100010010010111001100011010,133262192,0,0.000000,1.000000
133269713,84,011101000100011100101011100101101000010010011111001000100100010010010111001100011010,133241972,0,0.000000,0.500000
133269714,76,0000000011101111110101011000010010011111101000100100110010011101101100011101,133262192,0,0.000000,1.000000
133269715,82,1000001010100001001101101101000001001001111100100010010001001001111000101001100010,133262192,0,0.000000,1.000000
133269716,76,0000000011101111110101011000010010011111101000100100110010011101101100011101,133262192,0,0.000000,1.000000
133269717,81,100000001010000111110110110100000100100111010010001001000100100111101011100111001,133241972,0,0.000000,0.500000
133269718,83,11101010000111100101010101011010000010010011011001000100100010010010111111100011010,133262192,0,0.000000,1.000000
133269719,84,111100000001110001101010010110100000100100111110010001001000100100111101011001110101,133262192,0,0.000000,1.000000
133269720,82,0000000000111001010101000001010100010010011111001000100100110011011111010100110100,133262192,0,0.000000,1.000000
133269721,84,011101000100011100101011100101101000010010011111001000100100010010010111001100011010,133262192,0,0.000000,1.000000
133269722,76,0001000111001111001010010010010010011111001000100100000010011111101100011011,133262196,0,0.000000,1.000000
133269723,84,111010100000111001010101010110100000100100111110010001000000100100101111011000110101,133262196,0,0.000000,1.000000
133269724,80,01001001010100001111101100101000011001011111001000100100001010011110101110011000,133262196,0,0.000000,1.000000
133269725,76,0001000111001111001010010010010010011111001000100100000010011111101100011011,133262196,0,0.000000,1.000000
133269726,78,000100011010101110010100101110100100111110010011001000100100111111011000111111,133263556,0,0.000000,1.000000
133269727,79,0000000110101011100101001011001001001111100100010010011001001111110110001111111,133263556,0,0.000000,1.000000
133269728,84,101110000011100101110100101111000001001001111000100010010001001001110101110011010011,133263556,0,0.000000,0.800000
133269729,75,000100011010111100101000001001000001111100100010010001001001111110110001101,133263556,0,0.000000,1.000000
133269730,81,100000001011111011111010010010000000100111110010001001000100100111111101110110101,133263556,0,0.000000,1.000000
133269731,78,000100011010101110010100101110100100111110010011001000100100111111011000111111,133263556,0,0.000000,1.000000
133269732,78,000100011010101110010100101110100100111110010011001000100100111111011000111111,133263556,0,0.000000,1.000000
133269733,84,011000000001111011101000110110100010101100111110010001001000100101111111001001110101,133263556,0,0.000000,1.000000
133269734,81,100000001011111011111010010010000000100111110010001001000100100111111101110110101,133263556,0,0.000000,1.000000
133269735,84,101110000011100101110100101111000001001001111100100010010001001001110101110011010011,133263556,0,0.000000,1.000000
133269736,84,111001000100111110011110010100100000010100111110010001001001100100111011010001111111,133263556,0,0.000000,1.000000
133269737,84,100000101010000101110110110100000100100111110010001001000100100111101011010110001010,133263556,0,0.000000,1.000000
133269738,84,100000101010000101110110110100000100100111110010001001000100100111101011010110001010,133263556,0,0.000000,1.000000
133269739,75,000101011110111100101000001001001001111100100010010000001001111110100001101,133263557,0,0.000000,0.800000
133269740,75,000001111011111110101010010001001001111100100010010011001001011111110001001,133263557,0,0.000000,1.000000
133269741,87,011101001100011100101011100101101000001001001111100100010010001001001011110110001101010,133263557,0,0.000000,1.000000
133269742,84,110101010001111010101110010110100000100100111110010001001001100100101111001001100101,133263557,0,0.000000,1.000000
133269743,80,00000000011111011111000010100000100100111110010001001000100100101110110001101001,133263558,0,0.000000,1.000000
133269744,84,000011000011101110111101010010000010010011111001000100100010010011101111101011110010,133263558,0,0.000000,1.000000
133269745,83,10100000001110000101110010110100000100100111110010000001000100100101110011010110101,133263558,0,0.000000,1.000000
133269746,77,10000000011101111010001111000010010011111001000100100110010011101101100011101,133263558,0,0.000000,1.000000
133269747,84,111001010100111110111110010100100000100100111110010001001001100100111011011000111011,133263558,0,0.000000,1.000000
133269748,80,00000000011111011111000010100000100100111110010001001000100100101110110001101001,133263558,0,0.000000,1.000000
133269749,83,10100000001110000101110010110100000100100111110010000001000100100101110011010110101,133263558,0,0.000000,1.000000
133269750,85,1011001000100111110011100010100100000100100111110010001001001100100111011011000111111,133263558,0,0.000000,1.000000
133269751,86,10100000001011111011111011010010000010010011111001000100100010010011111110111011010111,133263558,0,0.000000,1.000000
133269752,77,10000000011101111010001111000010010011111001000100100110010011101101100011101,133263558,0,0.000000,1.000000
133269753,84,111001000100111110011110010100000000100100111110010001001001100100101011011000111111,133263559,0,0.000000,1.000000
133269754,83,10000110011110111111110100010000100100110110010001001000100100111011111000111100110,133263559,0,0.000000,1.000000
133269755,83,10000000101111101111100111001001001001001101100100010010001001001110110110001011010,133263559,0,0.000000,1.000000
133269756,83,10000000101111101111100111001001001001001101100100010010001001001110110110001011010,133263559,0,0.000000,1.000000
133269757,81,100100010011111001111011100100000100100110110010001001001100100011010110001111111,133263559,0,0.000000,1.000000
133269758,83,10000000101111101111100111001001001001001101100100010010001001001110110110001011010,133263559,0,0.000000,1.000000
133269759,81,100100010011111001111011100100000100100110110010001001001100100011010110001111111,133263559,0,0.000000,1.000000
133269760,83,10000110011110111111110100010000100100110110010001001000100100111011111000111100110,133263559,0,0.000000,1.000000
133269761,84,111001000100111110011110010100000000100100111110010001001001100100101011011000111111,133263559,0,0.000000,1.000000
133269762,81,100100010011111001111011100100000100100110110010001001001100100011010110001111111,133263559,0,0.000000,1.000000
133269763,86,11011001000100111110011100010100100000100100111110010001001001100100111011011000111111,133263559,0,0.000000,1.000000
133269764,86,11011001000100111110011100010100100000100100111110010001001001100100111011011000111111,133263559,0,0.000000,1.000000
133269765,86,11011001000100111110011100010100100000100100111110010001001001100100111011011000111111,133263559,0,0.000000,1.000000
133269766,85,1001000001010100001011000100101000000001001111100100010010001001111111010111001100010,133263561,0,0.000000,1.000000
133269767,85,1001000001010100001011000100101000000001001111100100010010001001111111010111001100010,133263561,0,0.000000,1.000000
133269768,86,01110100010001110010101110010110100000100100111110010001001001100000101101011000110101,133263561,0,0.000000,1.000000
133269769,85,0010000010011100111011100100101000001001001111100100010010001001001111110010011101011,133263561,0,0.000000,1.000000
133269770,86,01110100010001110010101110010110100000100100111110010001001001100000101101011000110101,133263561,0,0.000000,1.000000
133269771,83,11001001100111110011110010100100010100100111010010001001001100100111011011100111111,133263561,0,0.000000,1.000000
133269772,84,000000000011111001111101010011000010011011111001000100100110010011101111010011110011,133263561,0,0.000000,1.000000
133269773,84,111000001101111001111100111001001001001001111100100010010001001001100110110010011010,133263561,0,0.000000,1.000000
133269774,83,11001000100111110111110010100100000100100110110010001001001100100111001011000101111,133263561,0,0.000000,1.000000
133269775,84,011101000100011100101011100101101000010010011111001000100100010010010111001100011010,133263561,0,0.000000,1.000000
133269776,85,1001000001010110001011101101101000001001001111100100010010001001000111010111001100011,133263561,0,0.000000,1.000000
133269777,84,111000001101111001111100111001001001001001111100100010010001001001100110110010011010,133263561,0,0.000000,1.000000
133269778,84,111000001101111001111100111001001001001001111100100010010001001001100110110010011010,133263561,0,0.000000,1.000000
133269779,81,100000100111101111110001000111000010010011111001000100100010010010111101100010110,133263561,0,0.000000,1.000000
133269780,82,1010000001111101111100001001001001101001111100100010010001001001100110110001111110,133263561,0,0.000000,1.000000
133269781,82,1000000010101110111100010101100100100100111110010011001000101100111010011000011101,133263561,0,0.000000,1.000000
133269782,82,0010110000111101010101001011110010010010011111001000100100000010010111010000110101,133263561,0,0.000000,1.000000
133269783,83,11100000001110011101010010110100000100100111110011001001000100100111111011001110101,133263562,0,0.000000,1.000000
133269784,78,000000000111110111110001010000010010011111001000100100010010010111011000111100,133263562,0,0.000000,1.000000
133269785,82,1000010011110111011100110001100000001001111100100010000011001001010100110101100011,133263562,0,0.000000,1.000000
133269786,83,10111000001111010101010010100100000100100111110010001001000100100111010111001101001,133263563,0,0.000000,1.000000
133269787,77,00100000111110111110001010000010010011111001000100100010010010111011000110100,133263563,0,0.000000,1.000000
133269788,82,1000010011110111011100110001100000001001111100100010000011001001010100110101100011,133263563,0,0.000000,1.000000
133269789,83,11100000001110011101010010110100000100100111111010001001000100100111111011001110101,133263563,0,0.000000,1.000000
133269790,83,01000010010111110111110110100100000100100111110010001001000100100111111101110110101,133263563,0,0.000000,1.000000
133269791,81,010000000111001010111001011010000010010011111001000100100010010010111001101011001,133263563,0,0.000000,1.000000
133269792,83,01000010010111110111110110100100000100100111110010001001000100100111111101110110101,133263563,0,0.000000,1.000000
133269793,82,0000100000111001000111000011010100010010011111001000100100110011011111010100110101,133263563,0,0.000000,1.000000
133269794,73,0010001110011110010100000100100100111110010001001000000100111111011000110,133263563,0,0.000000,1.000000
133269795,74,00000011101111010101011000010010011101001000100100110010011101101100011101,133263564,0,0.000000,1.000000
133269796,85,1001000001010100001011000100101000000001001111100100010010001001111111010111001100010,133263564,0,0.000000,1.000000
133269797,84,010000000001111101011000101001001001001001111100100010010010001111101001000011110101,133263564,0,0.000000,1.000000
133269798,85,1110010001001111100111100101000000001001001111100110010010011001001010110110001111111,133263564,0,0.000000,1.000000
133269799,86,11110010001001111101111100101001000001001001111100100010010011001001110110110001111110,133263564,0,0.000000,1.000000
133269800,86,11110010001001111101111100101001000001001001111100100010010011001001110110110001111110,133263564,0,0.000000,1.000000
133269801,86,01100110010001111001011001010010000010010011111001100100100110010011100101100011111110,133263564,0,0.000000,1.000000
133269802,82,0100000000011111010110001010100100100100111110010001001001000111110100110001111010,133263564,0,0.000000,1.000000
133269803,74,00000011101111010101011000010010011101001000100100110010011101101100011101,133263564,0,0.000000,1.000000
133269804,84,110011001000111100101100101001000001001101111100110010010011001001100101100011111110,133263564,0,0.000000,1.000000
133269805,87,011101000100011100101011100101101100011001001111100100010010001001001011110110001101010,133263565,0,0.000000,1.000000
133269806,84,100010000001001110011101010000000010010011111001000100100010010011101110010011110010,133263565,0,0.000000,1.000000
133269807,85,0000000000010100101011111111100110001001001111100100010010001001001111010110001011011,133263565,0,0.000000,1.000000
133269808,81,100000101010000111110110110100000100100111110010001001000100100111101011100111001,133263565,0,0.000000,1.000000
133269809,84,011001000100111110111110010100100000100100111110010001001001100100111011011000111111,133263565,0,0.000000,1.000000
133269810,83,10100000001110000101110010110100000100100111110010001001000100100101110111010110101,133263567,0,0.000000,1.000000
133269811,83,01000010010111110111110010100100100100100111110110001001001100100011001011000111101,133263567,0,0.000000,0.800000
133269812,79,0000000011111011010010100000000100100111110010001001000100110111011011000110110,133263568,0,0.000000,0.800000
133269813,81,100000101010000111110110010100000100100111110010001001000100100111101011100110001,133263570,0,0.000000,1.000000
133269814,79,1010000000111010101110010110100000100100111110010010010001001011011100110101101,133263570,0,0.000000,0.000000
133269815,81,100000101010000111110110010100000100100111110010101001000100100111101011100110001,133263570,0,0.000000,1.000000
133269816,81,100000101010000111110110010100000100100111110010001001000100100111101011100110001,133263570,0,0.000000,1.000000
133269817,80,00000000011100101010100000101010010010011111001000100000110011011111010100110100,133263570,0,0.000000,1.000000
133269818,83,11101000100111100001011100101101001101001001111100100010010001001001011110110001010,133263570,0,0.000000,1.000000
133269819,84,111001000100111110111110010100100000100100111110010001001001100100111011011000111111,133263570,0,0.000000,1.000000
133269820,80,01111001110011101000010001110000100100111110011001001000100100101111011000101111,133263570,0,0.000000,1.000000
133269821,81,100000101010000111110110010100000100100111110010001001000100100111101011100110001,133263570,0,0.000000,1.000000
133269822,80,01111001110011101000010001110000100100111110011001001000100100101111011000001111,133263570,0,0.000000,0.800000
133269823,80,01111001110011101000010001110000100100111110011001001000100100101111011000101111,133263570,0,0.000000,1.000000
133269824,83,11101000100111100001011100101101001101001001111100100010010001001001011110110001010,133263570,0,0.000000,1.000000
133269825,81,110100010011110000101110010110100110100100111110010001001000100101011110110001010,133263570,0,0.000000,0.000000
133269826,80,00000000011100101010100000101010010010011111001000100000110011011111010100110100,133263570,0,0.000000,1.000000
133269827,84,111001000100111110111110010100100000100100111110010001001001100100111011011000111111,133263570,0,0.000000,1.000000
133269828,82,0000000000111001010101000001010100010010011111001000100100110011011111010100110100,133263572,0,0.000000,1.000000
133269829,80,00000100111110111110000101000001001001111100100010010001001000011101100011010010,133263572,0,0.000000,1.000000
133269830,85,1000011000011101110111101010010000010010011111001000000100010010011101111101011110000,133263573,0,0.000000,1.000000
133269831,81,110100000011101011111000010010010000100111110110001001000100100100011011000111110,133263573,0,0.000000,1.000000
133269832,82,0000000000111001100111000011010100010010011111001000100100110011011111010100110101,133263573,0,0.000000,1.000000
133269833,76,0000010101010111110000001000100101100111110010001001001100100110000110001011,133263573,0,0.000000,1.000000
133269834,84,100001101000111100111101101001010001001001101100100010010001001001111111010001111010,133263573,0,0.000000,1.000000
133269835,81,100000001011111011110110100100000100100111110010001001000100100111111101110110101,133263573,0,0.000000,1.000000
133269836,82,1101000100101100101011100101101001001001001111100100010010001001001011110110001010,133263573,0,0.000000,1.000000
133269837,75,000100011100111110101000001001001001111100100010010010001001111110110001101,133263574,0,0.000000,1.000000
133269838,83,00100000001111101111110101001000101001001111101110010010011001001110111110001111001,133263575,0,0.000000,1.000000
133269839,83,01000010010111110111110010100100100100100111110110001001001100100111011011000111101,133263575,0,0.000000,1.000000
133269840,83,11001000100111110111110010100100000100100110110010001001001100100111011011000101111,133263576,0,0.000000,1.000000
133269841,83,11100000001110011101010010110100000100100111110010001001000100100111101011001110101,133263576,0,0.000000,1.000000
133269842,82,0110010001001111100111100101001000001001001111100100010010011001011101101100011111,133263576,0,0.000000,1.000000
133269843,84,110101010001110010101010010110100100100100111110010001001000100100011101000000110101,133263576,0,0.000000,1.000000
133269844,76,0010001001110111001100010010100100111110010001001001100100111111011000101111,133263576,0,0.000000,1.000000
133269845,84,110000001101101111111000011010000010010111110010001001000100100101111010000110001111,133263576,0,0.000000,1.000000
133269846,83,11100000001110011101010010110100000100100111110010001001000100100111111011001110101,133263576,0,0.000000,1.000000
133269847,82,0100000000111010111110000010100000100100111110010001001000100000111110110000001001,133263576,0,0.000000,1.000000
133269848,84,110010001001011101111100101001000001001001111100100010010011001001110111110001111111,133263576,0,0.000000,0.800000
133269849,82,1000000010101110111100010101100100100100111111010001001000100100111011011000111101,133263576,0,0.000000,1.000000
133269850,84,111001000100111110011110010100100000100100111110010001001001100100011011111100111111,133263576,0,0.000000,1.000000
133269851,78,000000011111011010010100000000100100111110010001001000100100111011011000110110,133263576,0,0.000000,1.000000
133269852,85,0000000000010100101011111111100110001001001111100100010010001001001111010110001011011,133265288,0,0.000000,1.000000
133269853,84,011100000001110011101010010110100000100100111110010001001000100100111111011000100101,133265288,0,0.000000,1.000000
133269854,82,1110000000111001110101001011010000010010011111001000100100010010011111011000100101,133265288,0,0.000000,0.000000
133269855,83,11100000001110011101010010110100000100100111110010001001000100100111111011001110101,133265289,0,0.000000,1.000000
133269856,84,000000000011111001111101010011000010010011111001000100100110010011101111100011110011,133265289,0,0.000000,1.000000
133269857,80,10000101010000011101101001000000001001110100100010010001101001111000101001100010,133265289,0,0.000000,1.000000
133269858,83,11100000001100011101010010110100000100100111110010001001000100100111101011001110101,133265290,0,0.000000,1.000000
133269859,83,10100000001110010101110010110100000100100111110010001001000100101101010011010110101,133265290,0,0.000000,1.000000
133269860,86,01100000011011011111110000110100100100100111110010001001000101100101111010000110001111,133265291,0,0.000000,1.000000
133269861,83,10000000101011101111100101011001001001001111100100010010001001001110110100001111110,133265291,0,0.000000,1.000000
133269862,84,011000000011110011111100001101001101001001111100100010010001001001011110100001100011,133265291,0,0.000000,1.000000
133269863,82,1000001010100001011101101001000000001001111100100010010001001001111000101001100010,133265291,0,0.000000,1.000000
133269864,83,10000000001110000101110000110101000100100111110010001001001100110111110101001101011,133265291,0,0.000000,1.000000
133269865,83,10000000101011101111100101011001001001001111100100010010001001001110110100001111110,133265291,0,0.000000,1.000000
133269866,83,11101010000011100101010101011010001000010011111001000100100010010010111101100011010,133265291,0,0.000000,1.000000
133269867,83,11101010000011100101010101011010000000010011111001000100100010010010111101100011010,133265291,0,0.000000,1.000000
133269868,84,011000000011110011111100001101001101001001111100100010010001001001011110100001100011,133265291,0,0.000000,1.000000
133269869,84,011000000011110011111100001101001101001001111100100010010001001001011110100001100011,133265291,0,0.000000,1.000000
133269870,84,011000000011110011111100001101001101001001111100100010010001001001011110100001100011,133265291,0,0.000000,1.000000
133269871,84,110000000111001110101001011010000010010011111001000100000010010011111100100101000111,133265291,0,0.000000,1.000000
133269872,86,01100000011011011111110000110100100100100111110010001001000101100101111010000110001111,133265291,0,0.000000,1.000000
133269873,84,011000000011110011111100001101001101001001111100100010010001001001011110100001100011,133265291,0,0.000000,1.000000
133269874,83,10000000001110000101110000110101000100100111110010001001101100110111110101001101011,133265291,0,0.000000,0.800000
133269875,84,011000000011110011111100001101001101001001111100100010010001001001011110100001100011,133265291,0,0.000000,1.000000
133269876,86,01100000011011011111110000110100100100100111110010001001000101100101111010000110001111,133265291,0,0.000000,1.000000
133269877,82,1000000010101110111100010101100100000100111110010001001000101100111010011000111101,133265291,0,0.000000,0.800000
133269878,83,11101010000011100101010101011010000000010011111001000100100010010010111101100011010,133265291,0,0.000000,1.000000
133269879,81,100000101011000111110110010100000100100111010010001001000100100111101010100110001,133265291,0,0.000000,1.000000
133269880,75,000100011100111110101000001001001001111100100010010010001001111110110001101,133265293,0,0.000000,1.000000
133269881,83,10000000000111110011111010000110000100100111110010001001001100100111011110001111001,133265293,0,0.000000,1.000000
133269882,82,1010000001111101111100001011001001001001101100100010010001001001100110110001111110,133265293,0,0.000000,1.000000
133269883,76,0000001001010111110000100000100100100111110010001001000100100110000110001011,133265293,0,0.000000,1.000000
133269884,82,1010000001111101111100001011001001001001101100100010010001001001100110110001111110,133265293,0,0.000000,1.000000
133269885,82,1010000011100111111100100000100001001001111100100010010001001001011110110101101000,133265294,0,0.000000,1.000000
133269886,83,10100000001110000101110010110100000100100111110010000001000100100101110011010110101,133265294,0,0.000000,1.000000
133269887,83,11101010000111100101010101011010000010010010011001000100100010010010111111100011010,133265294,0,0.000000,1.000000
133269888,83,11001000100111110111110010100100000100100110110010001001001100100111011011000111111,133265294,0,0.000000,1.000000
133269889,83,11100000001110011101010010110100000100100111110011001011000100100111111001001010101,133265294,0,0.000000,1.000000
133269890,84,111001000100111110011110010100100000010100111110010001001001100100111011010001111111,133265294,0,0.000000,1.000000
133269891,84,111001010100111110111110010100100000100100111110010001001001100100111011011000111011,133265294,0,0.000000,1.000000
133269892,86,10010000010101000010111011011010000010010011111001000100100010010011110101100011000101,133265294,0,0.000000,1.000000
133269893,83,01101000100111110111110010100100000100100111110010001001001100100111011011010111111,133265294,0,0.000000,1.000000
133269894,83,11100000001110011101010010110100000100100111110010001001000100100111111011001110111,133265294,0,0.000000,1.000000
133269895,87,110010000000011100111011100100101000001001001111100100010010001001001111110010011101011,133265294,0,0.000000,1.000000
133269896,81,100000101010000111110110010100000100100111110010001001000010100111101011100110001,133265294,0,0.000000,1.000000
133269897,77,00000000111110111110001010000010010011111001000100000010010010111011000110000,133265294,0,0.000000,1.000000
133269898,87,110010000000011100111011100100101000001001001111100100010010001001001111110010011101011,133265294,0,0.000000,1.000000
133269899,77,00000000111110111110001010100010010011111001000100100010010010111011000110100,133265294,0,0.000000,1.000000
133269900,84,111100000001110001101010010110100000100100111110010001001000100100111101011001110101,133265294,0,0.000000,1.000000
133269901,82,1000000010111110111110011100100100100100111110010001001000100100111011011000101101,133265295,0,0.000000,1.000000
133269902,83,11100000001110011101010010110100000100100111110010001001000100100111111011001110101,133265295,0,0.000000,1.000000
133269903,83,11001000100111110111110010100100000100100110110010001001001100100111011011000101111,133265295,0,0.000000,1.000000
133269904,82,1000000010111110111110010100101100100100111110010001001000100100111011011000111001,133265295,0,0.000000,1.000000
133269905,80,00000000011111011111000010100000100100111110010001001000100100101110110001101001,133265295,0,0.000000,1.000000
133269906,82,1000000010111110111010011100000100100100111110010000001000100100111011010000101101,133265295,0,0.000000,1.000000
133269907,75,000001010101011111000000100010010110011111001001001001100100110000110001011,133265295,0,0.000000,1.000000
133269908,80,00000000011111011111000010100000100100111110010001001000100100101110110001101001,133265295,0,0.000000,1.000000
133269909,80,01111001110011111000010001110000100100111110011001001000101100101111011000101111,133265295,0,0.000000,1.000000
133269910,82,1000000001110111101010010110100010100100111110010001001000100100111111001000110101,133265295,0,0.000000,1.000000
133269911,82,1000000010111110111110011100100100100100111110010001001000100100111011011000101101,133265295,0,0.000000,1.000000
133269912,76,0000001111111111000010110101010000011111001000100100010010010101001000110011,133265295,0,0.000000,1.000000
133269913,75,000100011100111110101000001001001001111100100010010000001001111110110001101,133265296,0,0.000000,1.000000
133269914,82,0100000000111010111110000010100000000100111110010001001000100000111110110000101001,133265297,0,0.000000,1.000000
133269915,83,11100000111001111011001000001000010010011111001000100100010010010111101111011010000,133265297,0,0.000000,1.000000
133269916,83,11100000111001111011001000001000010010011111001000100100010010010111101111011010000,133265297,0,0.000000,1.000000
133269917,83,10100000001110000101110010110100000100110111110010000001000100100101110011010110101,133265297,0,0.000000,1.000000
133269918,85,0010010101001111100111100101001000001001001111100100010010011001011010110110001111110,133265297,0,0.000000,1.000000
133269919,84,110101010001110110101110010110100000100100111110010001001001100100101111000000100101,133265297,0,0.000000,1.000000
133269920,81,100000001111011111010100100000100101111110010001001000100100111011111000111100110,133265297,0,0.000000,1.000000
133269921,83,11000000010111110111110010100101100100100111110010001001000100100111011011000111001,133265297,0,0.000000,1.000000
133269922,81,110100000011101011111000010010010000100111110110001001100100100100011011000111110,133265297,0,0.000000,1.000000
133269923,84,111000011111011110010010000110100100100111110010001001000100100101111011010110110000,133265297,0,0.000000,1.000000
133269924,84,111000011111011110010010000110100100100111110010001001000100100101111011010110110000,133265297,0,0.000000,1.000000
133269925,82,1000000001110111101010010110100010100100111110010001001000100100111111001000110101,133265298,0,0.000000,1.000000
133269926,82,1000000010111110111110010100101100100100111110010001011000100100111011011000111001,133255838,0,0.000000,0.600000
133269927,86,01000000000111110101100010100100100100100111110010001001001000101111010011000111101011,133265298,0,0.000000,1.000000
133269928,82,1000000001110111101010010110100010100100111110010001001000100100111111001000110101,133265298,0,0.000000,1.000000
133269929,84,100000101010000101110110110100000100100111110010001001000100100111101011010110001010,133265298,0,0.000000,1.000000
133269930,81,110100000011101011111000010010010000100111110110001001000100100100011011000111110,133265298,0,0.000000,1.000000
133269931,84,111110000011100101010100101001001001001001111100100010010001001001110100111001101000,133265298,0,0.000000,1.000000
133269932,84,111001000100111110011110010100000000100100111110010001001001100100101011011000111111,133245516,0,0.000000,0.600000
133269933,77,00000101111111111100001011110001001001111100100010010001001001010100100011001,133245516,0,0.000000,0.500000
133269934,82,0100100001010010101110011110110000100100111110010001001000100100101111110000111101,133265299,0,0.000000,1.000000
133269935,82,0100100001010010101110011110110000100100111110010001001000100100101111110000111101,133265299,0,0.000000,1.000000
133269936,83,01000001010100101011101101101000001001001110100100010010011001001111010110001100010,133245516,0,0.000000,0.500000
133269937,86,11100000011011111111110000110100000100100111110010001001000100100101111010010110001111,133265299,0,0.000000,1.000000
133269938,80,00000000011111011111000010100000100100111110010001001000100100101110110001101001,133265299,0,0.000000,1.000000
133269939,82,1000000110111110111110010100101100100100111110010001001000100100111011011000111001,133265300,0,0.000000,1.000000
133269940,84,011001000100111110111110010100100000100100111110010001001001100100111011011000111111,133265300,0,0.000000,1.000000
133269941,83,11101010000111100101010101011010000010010011011001000100100010010010111111100011010,133265300,0,0.000000,1.000000
133269942,79,0000000011111011010010100000000100100111110010001001000100100111011011000110110,133265300,0,0.000000,1.000000
133269943,85,1001000001010100001011000100101000000001001111100100010010001001101111010111001100010,133265300,0,0.000000,1.000000
133269944,84,011010001000111001010111001011010010010010011111001000100100010010010111101100010100,133265300,0,0.000000,1.000000
133269945,84,110101010001110110101110010110100000100100111110010001001001110100101111000000100101,133265300,0,0.000000,1.000000
133269946,83,11100000001110011101010010110100000100100111110010001001000100100111111011001110101,133265300,0,0.000000,1.000000
133269947,81,100000101010000111110110010100000100100101110010101001000100100111101011100110001,133265300,0,0.000000,1.000000
133269948,86,11100000011011011111110000110100001100100111110010001001000100100101111010010110001111,133265300,0,0.000000,1.000000
133269949,84,011010001000111001010111001011010010010010011111001000100100010010010111101100010100,133265300,0,0.000000,1.000000
133269950,81,100000001011111011111011010010100000100111110010001001000100100111111101110110101,133265300,0,0.000000,1.000000
133269951,84,011001000100111110111110010100100000100100111110010001001001100100111011011000111111,133265300,0,0.000000,1.000000
133269952,75,000001111011110110101010010001001001111100100010010010001001011111110001001,133265300,0,0.000000,1.000000
133269953,82,0000000000111001010111000001010100010010011011001000100100110011011111010100110110,133265300,0,0.000000,1.000000
133269954,82,1000000110111110111110010100101100100100101110010001001000100100111011011000111001,133265300,0,0.000000,1.000000
133269955,83,11100000001110011101010010110100000100100111110010001001000100100111111011001110101,133265302,0,0.000000,1.000000
133269956,82,1100000001011111011110110100100000100100111110010001001000100100111111101110110101,133265302,0,0.000000,1.000000
133269957,86,01110100010001110010101110010110100000100100111110010001001000100100101111001000110101,133265302,0,0.000000,1.000000
133269958,84,111100000001110011101010010110100000100100111110010001001000100100111101011001110101,133265302,0,0.000000,1.000000
133269959,75,000100011100111100101000001001001001111100100010010001001001111110110001101,133265302,0,0.000000,1.000000
133269960,80,00000000011111011111000010100000100100111110010001001000100100101110010011101001,133265302,0,0.000000,1.000000
133269961,84,011010001000111001010111001011010010010010011111001000100100010010010111101100010100,133265302,0,0.000000,1.000000
133269962,86,00010000000011100111011100100101000001001001111100100010010001001001111110010011101011,133265302,0,0.000000,1.000000
133269963,82,0000000000111001010111000001010100010010011011001000100100110011011111010100110110,133265302,0,0.000000,1.000000
133269964,83,01000010010111110111110010100100100100100111110110001001001100100111011011000111101,133265302,0,0.000000,1.000000
133269965,86,01110100010001110010101110010110100000100100111110010001001000100100101111001000110101,133265302,0,0.000000,1.000000
133269966,85,1100101011011111011111001010010000010010011111001001100100110010011101101100011101100,133265303,0,0.000000,1.000000
133269967,75,000100011100111100101000001001001001111101100010010001001001111111110001101,133265303,0,0.000000,1.000000
133269968,81,100000001010000111110110110100000100100111110010001001000100100111101011100111001,133265303,0,0.000000,1.000000
133269969,85,1100101011011111011111001010010000010010011111001001100100110010011101101100011101100,133257460,0,0.000000,0.600000
133269970,81,100000001010000111110110110100000100100111110010001001000100100111101011100111001,133265303,0,0.000000,1.000000
133269971,81,100000001010000111110110110100000100100111110010001001000100100111101011100111001,133257460,0,0.000000,0.800000
133269972,84,010000000011111001111101010011000010010011111001000100100110010011101111100011110011,133265303,0,0.000000,1.000000
133269973,84,010000000011111001111101010011000010010011111001000100100110010011101111100011110011,133265303,0,0.000000,1.000000
133269974,75,000100011100111100101000001001001001111100100010010001001001111111110001101,133257460,0,0.000000,0.800000
133269975,83,01000010010111110111110010100100100100100111110110001001001100100111011011000111101,133265303,0,0.000000,1.000000
133269976,83,10100000001100010101110010110100000100101111110010001001001100100101110011010110101,133265303,0,0.000000,1.000000
133269977,82,0100000000111010110110000010100000000100111110010001001000100000111110110000101001,133257460,0,0.000000,0.600000
133269978,83,01000010010111110111110010100100100100100111110110001001001100100111011011000111101,133265303,0,0.000000,1.000000
133269979,75,000100011100111100101000001001001001111100100010010001001001111111110001101,133265303,0,0.000000,1.000000
133269980,83,10100000001100010101110010110100000100101111110010001001001100100101110011010110101,133265303,0,0.000000,1.000000
133269981,75,000100011100111100101000001001001001111100100010010001001001111111110001101,133265303,0,0.000000,1.000000
133269982,75,000100011100101101101000001001001001111100100010010000001001111110110001101,133265304,0,0.000000,1.000000
133269983,86,01110100010001110010101110010110100000100100111110010001001000100100101111001000110101,133265304,0,0.000000,1.000000
133269984,77,00000000111110111110001010000010010011111001000100100010010010111011000111100,133262191,0,0.000000,0.600000
133269985,77,00000000111110111110001010000010010011111001000100100010010010111011000111100,133265304,0,0.000000,1.000000
133269986,83,10111000001111010101010010100100000100100111110010001001000100100111010111001101001,133257468,0,0.000000,1.000000
133269987,82,1010000001111101111100001001001001101001111100100010010001001001100110110001111110,133265304,0,0.000000,1.000000
133269988,85,1001000001010110001011101101101000001001001111100000010010101001001111010111101100011,133262191,0,0.000000,0.500000
133269989,83,10000000001110000101110000110101000100100111110010001001001100110111110101001101011,133265305,0,0.000000,1.000000
133269990,81,100000001111110111010001001000010010011111001000100100110010111101101100011001101,133265305,0,0.000000,1.000000
133269991,85,1011001000100111110011100010100100000100100111110010001001001100100111011011000111111,133265305,0,0.000000,1.000000
133269992,86,01100110010001111001011001010010000010010011111001100100100110010011100101100011111110,133265305,0,0.000000,1.000000
133269993,80,00000000011111011111000010100000100100111110010001001000100100101110110011101001,133265305,0,0.000000,1.000000
133269994,85,1011001000100111110011100010100100000100100111110010001001001100100111011011000111111,133265305,0,0.000000,1.000000
133269995,84,110110000011100101010100101001000001001001111101100010010001001001110100111001101000,133265305,0,0.000000,1.000000
133269996,82,1010000001111101111100000001011001001001111100100010010001001001100110110001111110,133265305,0,0.000000,1.000000
133269997,81,100000001111110111010001001000010010011111001000100100110010111101101100011001101,133265305,0,0.000000,1.000000
133269998,78,000100011010101110010100101110100100111110010011001000100100111111001000111111,133265305,0,0.000000,1.000000
133269999,84,101000010011110111011100100001100000001001111100100010000011001001010100110101100011,133265305,0,0.000000,1.000000
133270000,81,100000101010000111110110010100000100000111110010001001000100100111101011100110001,133266891,0,0.000000,1.000000
133270001,81,100000101010000111110110010100000100100111110010001001000100100111101011100110001,133251033,0,0.000000,0.800000
133270002,75,000100011011111100101000001001000001111100100010010001001001111110110001101,133251033,0,0.000000,0.700000
133270003,84,111100000001110011101110010110100000100100111110010001001000100100111101011001110101,133266891,0,0.000000,1.000000
133270004,84,011001000100111110011110010100100000100100111110010001001001100100111011011000111110,133266891,0,0.000000,1.000000
133270005,82,1010000010111100111110010100101100100100111110010001001000100100111011011000111001,133266893,0,0.000000,1.000000
133270006,88,1101110000011011011111110000110100101100110111110010001001000100100101101010000110001110,133266893,0,0.000000,1.000000
133270007,80,00000000011111011111000010100000100100111110010001001000100100101110110011101001,133266893,0,0.000000,1.000000
133270008,86,11110010001001111101111100101001000001001001111100100010010011001001110110110001111110,133266893,0,0.000000,1.000000
133270009,84,101110000011100101010100101001000001001001111100100010010001001001110111110011010011,133266893,0,0.000000,1.000000
133270010,78,000100100001101111100101001001001001001111100100010010001001001110101110001110,133266893,0,0.000000,1.000000
133270011,86,11110010001001111101111100101001000001001001111100100010010011001001110110110001111110,133266893,0,0.000000,1.000000
133270012,84,111100000001110011101010010110100000100100111110010001001000100100111101011001110101,133266893,0,0.000000,1.000000
133270013,77,00000000111110111110001010000010010011111001000100000010010010111011000110000,133266893,0,0.000000,1.000000
133270014,82,0111000001111011110110000000010000100100111100010001001000100100111111111010101000,133266893,0,0.000000,1.000000
133270015,84,010000000001111101011000101001001001001001111100100010010010001111101001000011110101,133266893,0,0.000000,1.000000
133270016,84,111001000100111110011110010100100000110100111110010001001001100100111011010001111111,133266895,0,0.000000,1.000000
133270017,84,111001000100111110111110010100100000100110111110010001001001100100111011011000111111,133266895,0,0.000000,1.000000
133270018,83,00000000001110010101110000110101000110100111110010001001001100110111110101001101011,133266895,0,0.000000,1.000000
133270019,84,010001100000110010101010000010100000100100111110010001001000100100101111010010101011,133266895,0,0.000000,1.000000
133270020,79,0000000001110111110100010010100100100110100010001001000100100111011011000011001,133266895,0,0.000000,1.000000
133270021,82,1101000100101100101011100101101001001001001111100100010010001001001011110110001010,133266896,0,0.000000,1.000000
133270022,82,1101000100101100101011100101101001001001001111100100010010001001001011110110001010,133266896,0,0.000000,1.000000
133270023,74,00001010101011111000000100010010110011111001000100100110011011000011000101,133266899,0,0.000000,1.000000
133270024,84,111100000001110011101010010110100000100100111110010001001000100100111111011001110111,133266899,0,0.000000,1.000000
133270025,84,110010001001111101111100101001000001001001111100100010010011001001110110110001111111,133266906,0,0.000000,1.000000
133270026,81,100000101011000001110110110100000100100111110010001001000100100111101011100100001,133266906,0,0.000000,1.000000
133270027,84,101000001010100001011101101001000000001001110100100010010001101001111000101001100010,133266906,0,0.000000,1.000000
133270028,79,0000000011111011111000010100000100100111110010001001000100100101110110001101001,133266906,0,0.000000,1.000000
133270029,84,110010001001111101111100101001000001001001111100100010010011001001110110110001111111,133251028,0,0.000000,0.700000
133270030,79,0000000011111011111000010100000100100111110010001001000100100101110110001101001,133251028,0,0.000000,0.800000
133270031,74,00000011101101010101011000010010011101001000100100110010011101101100011101,133266906,0,0.000000,1.000000
133270032,75,000001111011110110101010010001001001111100100010010010001001011111110001001,133266906,0,0.000000,1.000000
133270033,83,00100100001111101111110101001000101001001111100110010010011001001110111110001111001,133266907,0,0.000000,1.000000
133270034,82,1000010011110111011100110001100000001001111100100010000011001001010100110101100011,133241975,0,0.000000,0.600000
133270035,82,1100000101011000001110110110100000100100111110010001001000100100111101011100100001,133241975,0,0.000000,0.600000
133270036,82,1000000010101110111100010101100100100100111110010001001000100100111011011000111101,133268588,0,0.000000,1.000000
133270037,87,011101000100011100101011100101101000001001001111100100010010001001001011110110001101010,133268588,0,0.000000,1.000000
133270038,75,000100011000111100101000001001000001111100100010010001001001111110110000101,133241975,0,0.000000,0.500000
133270039,83,00100000001111101111110101001000101001001111100110010010011001001110111110001111001,133268588,0,0.000000,1.000000
133270040,74,00001010101011111000000100010010110011111001000100100110011011000011000101,133268588,0,0.000000,1.000000
133270041,83,10100000001110011101010000110110000100100111111010001001000100100111101000001110101,133268588,0,0.000000,1.000000
133270042,84,110101010001110110111110010110100000100100101110010001001001100100110111000000100101,133268588,0,0.000000,1.000000
133270043,76,0000101111111111100001011010101001001111100100010010001001001010100100111001,133268588,0,0.000000,1.000000
133270044,85,1100010001001111100111101101001000001001001101100100010010011001001110100110001111111,133268588,0,0.000000,1.000000
133270045,74,00001010101011111000000100010010110011111001000100100110011011000011000101,133268588,0,0.000000,1.000000
133270046,77,00000000111110111110001010000010010011111001000100100010010010111011000111100,133268588,0,0.000000,1.000000
133270047,82,1000001000100001111101100101000001001001111100100010010001001001111010111001100011,133268588,0,0.000000,1.000000
133270048,86,00010000000011100111011100100101000001001001111100100010010001001001111110010011101011,133268589,0,0.000000,1.000000
133270049,80,10000000111101111110100001000001001001111100100010000001001011001111100011110011,133268589,0,0.000000,0.800000
133270050,83,11100000001110011101010010110100000100100111110010001001000100100111111011001110101,133268589,0,0.000000,1.000000
133270051,82,1000001010110000011101101101000001001001111100100010010001001001111010110001000011,133268589,0,0.000000,1.000000
133270052,85,1001000001010110001011101101101000001001001111100000010010101011001111010111001100011,133268589,0,0.000000,1.000000
133270053,83,11001000100111110111110010100100000100100110110010001001001100100111011011000101111,133268589,0,0.000000,1.000000
133270054,86,01001000001010100001011000100101000000001001111100100010010001001101111010111001100010,133268589,0,0.000000,1.000000
133270055,86,00110010001001111100111100101001000101001001111100100010000011001001110110110001111101,133268589,0,0.000000,1.000000
133270056,81,110100000010111011111000010010010000100111110010001001000100100110011011000111110,133268589,0,0.000000,1.000000
133270057,80,00000000111110111110100101010001001001111100100010010001001001011101100011010011,133268589,0,0.000000,1.000000
133270058,81,100000101010000111110110010100000100100111110010101001000100100111101011100110001,133268589,0,0.000000,1.000000
133270059,83,11100000001110011101010010110100000100100111110011001001000100100111111001001010101,133268589,0,0.000000,1.000000
133270060,85,1011001000100111110011100010100100000100100111110010001001001100100111011011000111111,133268590,0,0.000000,1.000000
133270061,80,00001001000011011111001010010010010010011111001000100100010010011001011100011100,133268590,0,0.000000,1.000000
133270062,83,10000000000111110011111010000110000100100111110010001001001100100111011110001111001,133268590,0,0.000000,1.000000
133270063,80,00001001000011011111001010010010010010011111001000100100010010011001011100011100,133268590,0,0.000000,1.000000
133270064,83,11101010000111100101010101011010000010010011011001000100100010010010111111100011010,133268590,0,0.000000,1.000000
133270065,84,110101000001110010101010010110100000100100111110010001001000100100101111110000110101,133268590,0,0.000000,1.000000
133270066,81,100000001111011111010100100000100101111110010001001000100100111011111000111100110,133268590,0,0.000000,1.000000
133270067,81,110100000010111011111000010010010000100111110010001001000100100110011011000111110,133268590,0,0.000000,1.000000
133270068,80,00001001000011011111001010010010010010011111001000100100010010011001011100011100,133268590,0,0.000000,1.000000
133270069,82,1001001000100001011111101101000001001001111100100010010001011001101010111001100011,133268590,0,0.000000,1.000000
133270070,84,001001010100111110011110010100100000100100111110010001001001100101101011011000111111,133268590,0,0.000000,1.000000
133270071,84,110101000001110010101010010110100000100100111110010001001000100100101111110000110101,133268590,0,0.000000,1.000000
133270072,80,01000010101000011111011001010000010010011111001000100100001011011110101110011000,133268590,0,0.000000,1.000000
133270073,85,1011001000100111110011100010100100000100100111110010001001001100100111011011000111111,133268590,0,0.000000,1.000000
133270074,85,1011001000100111110011100010100100000100100111110010001001001100100111011011000111111,133268590,0,0.000000,1.000000
133270075,84,110011001000111100101100101001000001001101111100110010010011001001100101100011111110,133268590,0,0.000000,1.000000
133270076,82,0010110000111001010101001011010010010010011111001000100100000010010111010000110101,133268590,0,0.000000,1.000000
133270077,75,000100011100111100101000001001001001111100100010010001001001111110110001101,133268590,0,0.000000,1.000000
133270078,83,11101010000111100101010101011010000010010011011001000100100010010010111111100011010,133268590,0,0.000000,1.000000
133270079,86,10010000010101000010111011011010000010010011111001000100100010010011110101100011000111,133268591,0,0.000000,1.000000
133270080,77,00100011011101110011000101101001001111100100010010011001001111110110001111110,133268591,0,0.000000,1.000000
133270081,82,1101000100101100101011100101101001001001001111100100010010001001001011110110001010,133268591,0,0.000000,1.000000
133270082,78,001001001111101111000001010000010010011111001000100100010010000110011000110100,133268591,0,0.000000,1.000000
133270083,82,1101000100101100101011100101101001001001001111100100010010001001001011110110001010,133268591,0,0.000000,1.000000
133270084,80,00000000011111011111000010100000100100111110010001001000100100101110110001101001,133268591,0,0.000000,1.000000
133270085,77,00100011011101110011000101101001001111100100010010011001001111110110001111110,133268591,0,0.000000,1.000000
133270086,84,111001000100111110111110010100100000100110111110010001001001100100111011011000111111,133268591,0,0.000000,1.000000
133270087,83,10100000001110010101110010110100000100100111110010001001000100101101110011010110101,133268591,0,0.000000,1.000000
133270088,86,01100110010001111001011001010010000010010011111001100100100110010111100101100011111110,133268591,0,0.000000,1.000000
133270089,78,001001001111101111000001010000010010011111001000100100010010000110111000110100,133268591,0,0.000000,0.800000
133270090,83,10100000001110010101110010110100000100100111110010001001000100101101110011010110101,133268591,0,0.000000,1.000000
133270091,79,0000000011111011010010100000000100100111110010001001000100100111011011000111110,133268592,0,0.000000,1.000000
133270092,75,000100011101111100101000001001001001111100100010010000001001111110100001101,133268592,0,0.000000,1.000000
133270093,84,011001000100111110011110010100100000100100111110010001001001100100111011011000011111,133268592,0,0.000000,1.000000
133270094,80,10000000111101111110101001000001001001111100100010000001001011101111100011110011,133268592,0,0.000000,1.000000
133270095,82,1100001010011101001111011010101000100100110110010001001000100100111111001000111101,133268592,0,0.000000,1.000000
133270096,84,011001000100111110111110010100100000100100111110010001001001100100111011011000111111,133268592,0,0.000000,1.000000
133270097,85,0001100000001110011001110010110100010100100111110010001001100100110111111001001110101,133268592,0,0.000000,1.000000
133270098,83,01000001010100001001101101101000001001001111100100010010001001001111000101001100010,133268592,0,0.000000,1.000000
133270099,83,01000001010100001001101101101000001001001111100100010010001001001111000101001100010,133268592,0,0.000000,1.000000
133270100,85,1001000001010110001011101101101000001001001111100000010010101001001111010111001100011,133268592,0,0.000000,1.000000
133270101,84,011101000100011100101011100101101000010010011111001000100100010010010111001100011010,133268593,0,0.000000,1.000000
133270102,79,0000001011111011010010100000000100100111110010001001000100100111011011000111110,133268593,0,0.000000,1.000000
133270103,86,11100000011011011111110000110100000100100111110010001001000100100101111010000110001111,133268593,0,0.000000,1.000000
133270104,83,11100000010011110001110101100100000100100100110010001000000100100111111001000111101,133268593,0,0.000000,0.800000
133270105,86,10100000011011011111110000110100000100100111110010001001000100100101111010010110011011,133268593,0,0.000000,1.000000
133270106,82,1010000001111101111100001000001001001001111100100011010001001001100110110001111110,133268593,0,0.000000,1.000000
133270107,82,1110000011100111101100100000100001001001111100100010010001001001011110111101101000,133268593,0,0.000000,1.000000
133270108,84,000000000011111001111101010011000010010011111001000100100110010011101111100011110011,133268593,0,0.000000,1.000000
133270109,86,10100000011011011111110000110100000100100111110010001001000100100101111010010110011011,133268593,0,0.000000,1.000000
133270110,79,0000001011111011010010100000000100100111110010001001000100100111011011000111110,133268593,0,0.000000,1.000000
133270111,79,0000000110101011100101001011001001001111100100010010011001001111110110001111111,133268593,0,0.000000,1.000000
133270112,81,100000101011000000110110100100000100100111110010001001000000100111101011100100001,133268593,0,0.000000,1.000000
133270113,83,11100000001110011101010010110100000100100111110010001001001100100111111011001110101,133268593,0,0.000000,1.000000
133270114,82,1110000011100111101100100000100001001001111100100010010001001001011110111101101000,133268593,0,0.000000,1.000000
133270115,82,1010000001111101111100001001001001101001111100100010010001001001100110110001111110,133268593,0,0.000000,1.000000
133270116,84,111010001000111010101110110110100000100100111110010001001000100100101011011000110101,133268593,0,0.000000,1.000000
133270117,81,100000001011111011111010010010000000100111110010001001000100100111111101110110101,133268594,0,0.000000,1.000000
133270118,85,1111100000111001010101001010010010010010011111001000100110010010011101001110011010001,133268594,0,0.000000,1.000000
133270119,83,10100000001110010101110010110100000100100111110010001001100100100101110011010110101,133268594,0,0.000000,1.000000
133270120,74,00000011101111010101011000010010011101001000100100110010011101101100011101,133268594,0,0.000000,1.000000
133270121,81,100000001011111011111010010010000000100111110010001001000100100111111101110110101,133268594,0,0.000000,1.000000
133270122,84,100001010100001011101100101000001001001111100100010010001001001111010111001000011111,133268594,0,0.000000,1.000000
133270123,82,1000000001110011101010010110100010100100111110010001001000000100111111001001110101,133268594,0,0.000000,1.000000
133270124,84,011101000100011100101011100101101000010010011111001000100100010010010111001100011010,133268594,0,0.000000,1.000000
133270125,82,0100100001010010101110011110100000100100111110010001001000100100101111110000111101,133268594,0,0.000000,1.000000
133270126,86,01100110010001111001011001010010000010010011111001100100100110010011100101100011111110,133268594,0,0.000000,1.000000
133270127,82,1101000100011100101011100101001001001001001111100100010010001001001011110110001010,133268594,0,0.000000,1.000000
133270128,80,00001001000011011111001010010010010010011111001000100100010010011001011100011100,133268594,0,0.000000,1.000000
133270129,86,11101010100011100101010100101101000001001001111100100010010001001000111010011001101011,133268594,0,0.000000,1.000000
133270130,84,110101010001110110101110010110100000100100111110010001001001110100101111000000100101,133268594,0,0.000000,1.000000
133270131,82,1110000011100111101100100010100001001001111100100010110001001001011110111101101000,133268594,0,0.000000,1.000000
133270132,86,01001000001010100001011000100101000000001001111100100010010001001101111010111001100010,133268594,0,0.000000,1.000000
133270133,83,11001000100111110111110010100100000100100110110010001001001100100111011011000111111,133268594,0,0.000000,1.000000
133270134,85,1001001001010100001111101101101000001001001111100100010010001001001111010111001100011,133268594,0,0.000000,1.000000
133270135,79,0000001011111011010010100000000100100111110010001001000100100111011011000111110,133268594,0,0.000000,1.000000
133270136,85,1110101010001110010101010010110100000100100111110010001001000100100011101001100110101,133268594,0,0.000000,1.000000
133270137,84,010100000001110010101110010110000001100100111110010001001000100100101110011010110101,133268595,0,0.000000,1.000000
133270138,81,100000101010000111110110110100000100100111110010001001000100100111101011100111001,133268595,0,0.000000,1.000000
133270139,81,100000101010000111110110010100000100100101110010101001000100100111101011100110001,133268595,0,0.000000,1.000000
133270140,84,111001000100111110111110010100100000100100111110010001001001100100111011011000111111,133270344,0,0.000000,0.700000
133270141,83,10001001100111110011110010101100010100100111010010001001001100100111011011000111111,133268595,0,0.000000,1.000000
133270142,83,11100000111001111011001000001000010010011111001000100100010010010111101111011010000,133268596,0,0.000000,1.000000
133270143,85,0010000000011100111011100100101000001001001111100100010010001001000111110010011101011,133268596,0,0.000000,1.000000
133270144,75,000000111111111100001011010101000001011100100010010001001001010100100011001,133268596,0,0.000000,1.000000
133270145,86,01100000011011011111110000110100100100100011110010001001000101100101111010000110001111,133268596,0,0.000000,1.000000
133270146,78,001100011010101010010100001100100100111110011001001001100100111101011000111111,133268596,0,0.000000,1.000000
133270147,81,100000101010000111110110010100000100100111110010001001000100100111101011100110001,133268596,0,0.000000,1.000000
133270148,75,000100011101111100101000001001001001111100100010010000001001111110110001101,133268596,0,0.000000,1.000000
133270149,85,0000000000010100101011111111100110001001001111100100010010001001001111010110001011011,133268596,0,0.000000,1.000000
133270150,83,01100000001110011001110010110100000100101111110010001001000100100111111001001110101,133268596,0,0.000000,1.000000
133270151,81,000010101110010101110010110100000100100110110010001001000100100111111011000110000,133268596,0,0.000000,1.000000
133270152,83,10100000001110010101110010110100000100100111110010001001000100100101110011010110101,133268596,0,0.000000,1.000000
133270153,84,110001000100111110111110010100100000100100111110010001001001100100111011011000111111,133268596,0,0.000000,1.000000
133270154,79,0000000011111011111000010100000100100111110010001001000100100101010110001101001,133268596,0,0.000000,1.000000
133270155,84,111001000100111110011110010100000000100100111110011001001001100100101011011000111111,133268596,0,0.000000,1.000000
133270156,84,010010000010101000101110110110100000100100111110010001001000100100111101011100110001,133268596,0,0.000000,1.000000
133270157,85,0011001000100111110111110010100100000100100111110010001001001100100111011011000111111,133268596,0,0.000000,1.000000
133270158,85,0100000001011111011111011010010000010010011111001000100100010010011111110111011010111,133268596,0,0.000000,1.000000
133270159,80,00100100111110111110000101000001001001111100100010010001001000011001100011010011,133268596,0,0.000000,1.000000
133270160,78,001100011010101010010100001100100100111110011001001001100100111101011000111111,133268596,0,0.000000,1.000000
133270161,88,0101110000011011011111010000110100100100110111110010001001000100100101101010000110001110,133268596,0,0.000000,0.800000
133270162,83,10100000001110000101110010110100000100100111110010001000000100100101110111010110111,133251038,0,0.000000,0.500000
133270163,84,111000000110110111011000011010000010011011111001000100100010010010111101000011000111,133268597,0,0.000000,1.000000
133270164,84,111000000110110111011000011010000010010011111001000100100010010010101101000011000111,133268597,0,0.000000,0.800000
133270165,84,111000000110110111011000011010000010011011111001001100100010010010111101000011000111,133268597,0,0.000000,0.800000
133270166,85,1001001001010100001011101101101000001001001111100100010010001001001111010111001100011,133268597,0,0.000000,1.000000
133270167,84,111000011111011110110010000110100100100111110010011001000100100101111011010110110000,133268597,0,0.000000,1.000000
133270168,83,10000000000111110011111010000110000100100111110010001001001100100111011110001111001,133268597,0,0.000000,1.000000
133270169,82,1101001100011100101011100101101001001011001111100100010010001001001011110110001010,133268597,0,0.000000,1.000000
133270170,83,10111000001111010101010010100100000100100111110010001001000100100111010111001101001,133268597,0,0.000000,1.000000
133270171,77,00010001101010111001010000111010010011111001000100100110010011001011000111111,133251038,0,0.000000,0.600000
133270172,81,110000000111001110101001011010000010010011111000001001000100100111111011001110101,133268597,0,0.000000,1.000000
133270173,77,00010001101010111001010000111010010011111001000100100110010011001011000111111,133251038,0,0.000000,0.600000
133270174,82,1000001010100001110101101101000001001001111100101010010001001001111010111001100010,133251038,0,0.000000,0.500000
133270175,86,10100000011011011111110000110100000100100111110010001001000100100101111010010110011011,133251038,0,0.000000,0.500000
133270176,76,0010011101010111001010010110000010011111001000100100110010011111101100011101,133251038,0,0.000000,0.600000
133270177,86,00110010001001111100111100101001000101001001111100100010000011001001110110110001111101,133251038,0,0.000000,0.500000
133270178,81,100000001011111011111011010011000000100111110010001001000100100011111101110110101,133268598,0,0.000000,1.000000
133270179,79,0000010011110111110001001111000010010010111001000100100010010010111101100010111,133268598,0,0.000000,1.000000
133270180,83,11100000001110011101010010110100000100100111110010001001000100100111111011001110111,133268598,0,0.000000,1.000000
133270181,81,100000101010000111110110010100000100100101110010101001000100100111101011100110001,133268598,0,0.000000,1.000000
133270182,83,11001001100111110011110010100100010100100111010010001001001100100111011011100111111,133268598,0,0.000000,1.000000
133270183,82,1110000011110111101100100000100001001011111100100010010001001001011110110101101000,133268598,0,0.000000,1.000000
133270184,83,11100000001110011101010010110100000100100111110010001001000100100111111011001110111,133268598,0,0.000000,1.000000
133270185,85,1011001000100111110011100010100100000100100111110010001001001100100111011011000111111,133245507,0,0.000000,0.600000
133270186,85,0010000010011100111011100100101000001001001111100100010010001001001111110010011101011,133268598,0,0.000000,1.000000
133270187,81,100000101010000111110110010100000100100111110010001001000100100111101011100110001,133268599,0,0.000000,1.000000
133270188,86,10010000010101000010111011011010000010010011111001000100100010010011110101100011000101,133268599,0,0.000000,1.000000
133270189,82,1101000101111100101011100101101001001001011111100100010010001001001011110110001010,133268599,0,0.000000,1.000000
133270190,77,00000101111111111100001011010101001001111100100010010001001001010100100011001,133268599,0,0.000000,1.000000
133270191,75,000100011010111100101000001001000001111100100010010001001001111111110000101,133268599,0,0.000000,1.000000
133270192,86,11100000011011011111110000110100100100100111110010001001000100100101111010000110001111,133268599,0,0.000000,1.000000
133270193,76,1000010101010111110000001000100101100111110010001001001100100110000110001011,133268599,0,0.000000,1.000000
133270194,84,110010001001111101111100101001000001001001111100100010010011001001110110110001111111,133268599,0,0.000000,1.000000
133270195,83,00100000001111101111110101001000101001001111100110010010011001001110111110001111001,133268599,0,0.000000,1.000000
133270196,81,100010001111110111010001001000010010011111001000100100110000111101101100011001101,133268599,0,0.000000,1.000000
133270197,80,00000000011111011111000010100000100100111110010001001000100100101110110011101001,133268599,0,0.000000,1.000000
133270198,83,11000000001111011101000110010100010101100111110010001001000100100111011001001110101,133268599,0,0.000000,1.000000
133270199,83,11100000001110011101010010110100000100100111110010001001000100100111111011001110101,133268599,0,0.000000,1.000000
133270200,82,1000000010111100111110010100101100100100111110010001001000100100111011011000111001,133268600,0,0.000000,1.000000
133270201,83,11100000001110011101010010110100000100100111110010001001000100100111111011001110101,133268600,0,0.000000,1.000000
133270202,82,0000000111101111110101001000001001001111100100010010001001001110111110001111001101,133245498,0,0.000000,0.500000
133270203,82,1000000001110111101010010110100010100100111110010001001000110100111111001000110101,133268600,0,0.000000,0.800000
133270204,77,00100011011101110011000101101001001111100100010010011001001111110110001111111,133245498,0,0.000000,0.600000
133270205,81,100000101010000111110110010100000100100111110010001001000100100111101011100110001,133245498,0,0.000000,0.500000
133270206,80,01111001110011111100010001110000100100111110011001001000100100101111011000101111,133268601,0,0.000000,1.000000
133270207,76,0000000011101111010001011000010010011111001000100100111010011101101100011101,133268601,0,0.000000,1.000000
133270208,83,11001000100111110111110010100000000100100100110010001001001100100111011011000111111,133268601,0,0.000000,1.000000
133270209,82,1000000010111110111110010100101100100100111110010001001000101100111011011000111001,133268601,0,0.000000,1.000000
133270210,84,111000001101111001111100111001001001001001111100100010010001000001100110110010011010,133268601,0,0.000000,0.800000
133270211,86,01001000001010110001011101101101000001001001111100100010010001001001111010111001100011,133268601,0,0.000000,1.000000
133270212,84,110101010001110110101110010110100000100100111110010001001101100100101111000000100101,133268602,0,0.000000,1.000000
133270213,84,000000000011111001111101010011000010011011111001000100100110010011101111010011110011,133245521,0,0.000000,0.600000
133270214,83,10100000001110010101110010110100000100100111110010001001000100100101110011010110101,133245521,0,0.000000,0.600000
133270215,82,1000000010101110111100010101100100100100111110010001001000101100111010011000111101,133268602,0,0.000000,1.000000
133270216,83,11100000001110011101010010110100000100100111110010001001000100100111111011001110101,133268602,0,0.000000,1.000000
133270217,84,110101010001110010101010010110100100100100111110010001001000100100011101001000110101,133268602,0,0.000000,1.000000
133270218,78,000100011010101110010100101110100100111110010011001000100100111111001000111111,133245521,0,0.000000,0.600000
133270219,81,010000000111000010111001011010000010010011111001000100100010010011110111010110111,133268602,0,0.000000,0.000000
133270220,83,10100000101110010101110010110100000100100111110010001001000100101101110011010110101,133268602,0,0.000000,1.000000
133270221,82,0000010000111001000111000011010100010010011111001000100100110011010111010100110101,133268603,0,0.000000,1.000000
133270222,82,0100100001010010101110011110100000000100111110010001001000100100101111110000111101,133268603,0,0.000000,1.000000
133270223,82,1101000100011100101011100101001001001001001111100100010010001001001011110110001010,133268603,0,0.000000,1.000000
133270224,78,001100001100111110011100111010100101111110010001001000100100111010011000111111,133268603,0,0.000000,1.000000
133270225,84,011101000100011100101011100101101000010010011111001000100100010010010111001100011010,133268603,0,0.000000,1.000000
133270226,83,11101010000111100101010101011010000010010011011001000100100010010010111111100011010,133268603,0,0.000000,1.000000
133270227,83,01000000010111110111110110100100000100100111110010001001000100100111111101110110101,133268603,0,0.000000,1.000000
133270228,75,000001111011111110101010010001001001111100100010010011001001011111110001001,133268603,0,0.000000,1.000000
133270229,78,000100011010101110010100101110100100111110010011001000100100111111001000111111,133268603,0,0.000000,1.000000
133270230,85,0100000001011111011111011010010000010010011111001000100100010010011111110111011010111,133268603,0,0.000000,1.000000
133270231,87,011101000100011100101011100101101000001001001111100100010010001001001011110110001101000,133268604,0,0.000000,1.000000
133270232,84,110101010001110110101110010110100000100100111110010001001001100100101111000000100101,133268604,0,0.000000,1.000000
133270233,84,101110000011100101110100101111000001001001111100100010010001001001110101110011010011,133268604,0,0.000000,1.000000
133270234,84,110101010001110010101010010110100100100100111110010001001000100100011101001000110101,133268604,0,0.000000,1.000000
133270235,82,1000000010111110111110010100101100100100111110010001001000100100111011011000111001,133268604,0,0.000000,1.000000
133270236,80,00001001000011011111001010010010010010011111001000100100010010011001011100011100,133268604,0,0.000000,1.000000
133270237,75,000001111011111110101010010001001001111100100010010010001001011111110001001,133268605,0,0.000000,1.000000
133270238,83,11101010000011100101010101011010000010010011111001000100100010010010111101100011010,133268605,0,0.000000,1.000000
133270239,83,11001000100111110111110010100100000100100110110010001001001100100111011011000111111,133268605,0,0.000000,1.000000
133270240,82,1110000011110111101100100000100001001011111100100010010001001001011010110111101000,133235539,0,0.000000,0.500000
133270241,82,0100000000111010111110000010100000100100111110010001001000100000111110110000101001,133268605,0,0.000000,1.000000
133270242,82,1000000010111110111110010100101100100100111110010001001000000100111011011000111001,133235539,0,0.000000,0.500000
133270243,84,110101000001111010101010010110100000100100111110010001001000100100101111110000010101,133268605,0,0.000000,1.000000
133270244,87,011100000011011011111110000110100000100101111110010001001000100100101110010000110001111,133268605,0,0.000000,1.000000
133270245,75,000000111111111100001011010101000001011100100010010001001001010100100011001,133235539,0,0.000000,0.500000
133270246,83,11101010000011100101010101011010000010010011111001000100100010010010111101100011010,133268605,0,0.000000,1.000000
133270247,83,11001000100111110111110010100000000100100100110010001001001100100111011011000111111,133268605,0,0.000000,1.000000
133270248,76,0010011101010111001010010110000010011111001000100100110010011111101100111101,133268605,0,0.000000,1.000000
133270249,75,000101011110111100101000001001001001111100100010010001001001111110100001101,133268605,0,0.000000,1.000000
133270250,78,000100011011101110011000101101001001111100100010010011001001111110110001111110,133268605,0,0.000000,1.000000
133270251,88,0101110000011011011111110000110100100100110111110010001001000100100101101010000110001110,133268605,0,0.000000,1.000000
133270252,86,11110010001001111101111100101001000001001001111100100010010011001001110110110001111110,133268605,0,0.000000,1.000000
133270253,77,00000010101010111110000001000100101100111110010001001001100100110000110001011,133268605,0,0.000000,1.000000
133270254,82,0000000000111001010101000001010100010010011111001000100100110011011111010100110100,133268606,0,0.000000,1.000000
133270255,77,00000000111110111110001010000010010011111101000100110010010010111011000110100,133268606,0,0.000000,1.000000
133270256,82,0000000000111001010101000001010100010010011111001000100100110011011111010100110100,133268606,0,0.000000,1.000000
133270257,83,10000000001110000101110000110101000100100111110010001001001100110111110101001101011,133268606,0,0.000000,1.000000
133270258,83,10100000001110010101110010110100000100100111110010001001000100100101110011010110101,133268606,0,0.000000,1.000000
133270259,84,110101010001110110101110010110100000100100111110010001001001100100101111000000100101,133268606,0,0.000000,1.000000
133270260,83,10000000001110000101110000110101000100100111110010001001001100110111110101001101011,133268606,0,0.000000,1.000000
133270261,83,10000000001110000101110000110101000100100111110010001001001100110111110101001101011,133268606,0,0.000000,1.000000
133270262,80,00000000111110111110100101010001001001111100100010010001001001011101100011010011,133268606,0,0.000000,1.000000
133270263,83,11100000010011110001110101100100000100100110110000001000000100100111111001000111101,133268606,0,0.000000,1.000000
133270264,83,10100000001110010101110010110100000100100111110010001001000100100101110011010110101,133268606,0,0.000000,1.000000
133270265,82,1110000011100111101100100010100001001001111100100010110001001001011110111101101000,133268606,0,0.000000,1.000000
133270266,85,0010000000011100111001100100101000001001001111100100010010001001001111110010011101011,133268606,0,0.000000,1.000000
133270267,83,01000010011111110111110010100101100100100111110000001001000100110111011011000111001,133268607,0,0.000000,1.000000
133270268,86,01100110010001111001011001010010000010010011111001100100100110010011100101100011111110,133268607,0,0.000000,1.000000
133270269,83,10100000001100010101110010110100000100100111110010001001001100100101110011010110101,133268607,0,0.000000,1.000000
133270270,84,010000000001111101011000101001001001001001111100100010010010001111101001000011110101,133268607,0,0.000000,1.000000
133270271,81,001000000111110111110000100100100100101111110010001001000100100110011011000111111,133268607,0,0.000000,1.000000
133270272,84,111100000001110011101110010110100000000100111110010001001000100100111101011001110101,133268607,0,0.000000,1.000000
133270273,84,011001000100111110011110010100100000000100111110010001001001100100111011011000111111,133268607,0,0.000000,0.800000
133270274,84,011001000100111110011110010100100000100100111110010001001001100100111011011000111111,133268607,0,0.000000,1.000000
133270275,84,111100000001110011101110010110100000100100111110010001001000100100111101011001110101,133268607,0,0.000000,1.000000
133270276,76,1000101011110111100101000001001001001111100100010010000001001111110100001101,133268607,0,0.000000,1.000000
133270277,75,000100011101111100101000001001001001111100100010010000001001111110110001101,133268607,0,0.000000,1.000000
133270278,75,000001111011111110101010010001001001111100100010010011001001011111110001001,133268607,0,0.000000,1.000000
133270279,77,00000010111010111110000001000100101100111110010001001001100100110000110000011,133268607,0,0.000000,1.000000
133270280,84,011001000100101110011110010100100000100100111110010001001001100100111011011000111111,133268607,0,0.000000,1.000000
133270281,86,01100000011001011111110000110100100100100111110010001001000101100101111010000110001111,133249258,0,0.000000,0.600000
133270282,83,11101010000011100101010101011010000010010011111001000100100010010010111101100011010,133268608,0,0.000000,1.000000
133270283,75,000001111011011110101010010001001001111100100010010011001001011111110001101,133268608,0,0.000000,1.000000
133270284,83,01110000001100011000110010110100000100100111110010001001000100100011111001001110101,133268608,0,0.000000,1.000000
133270285,83,11100000001110011101010010110100000100100111110010001001000100100111111011001110101,133268608,0,0.000000,1.000000
133270286,84,111101010000111110101010101011010000010010011111001000100100010010010111111100011010,133245508,0,0.000000,0.500000
133270287,85,0100000001011111011111011010010000010010011111001000100100010010011111110111011010111,133268609,0,0.000000,1.000000
133270288,85,0100000001011111011111011010010000010010011111001000100100010010011111110111001010111,133268609,0,0.000000,1.000000
133270289,82,1000000011100111111010100100000100100111110010001001000100100111011111000111100110,133268609,0,0.000000,1.000000
133270290,75,000101011110111100101000001001001001111100100010010000001001111110100001101,133268609,0,0.000000,1.000000
133270291,75,000001111011111110101010010001001001111100100010010010001001011111110001001,133245508,0,0.000000,0.600000
133270292,80,01111001110011101000010001110000100100111110011001001000100100101111011000101011,133268609,0,0.000000,1.000000
133270293,86,10010000010101000010111011011010000010010011111001000100100010010011110101100011000101,133268609,0,0.000000,1.000000
133270294,77,00000010101010111110000001000100101100110110010001001001100100110000110001011,133245508,0,0.000000,0.600000
133270295,83,10100000001100000101110010110100000100100111110010001001001100100101110011010110101,133268610,0,0.000000,1.000000
133270296,82,1000001010100001101101100101000001001001111100100010010001000001111010111001100011,133259006,0,0.000000,0.500000
133270297,83,11010000001111101111100001001001001001001111100100010010001001001100110110001110110,133268610,0,0.000000,1.000000
133270298,83,00000000001110000101111000110101000100100011110010001001001100110111111101001101011,133268610,0,0.000000,1.000000
133270299,85,1101000000011100001011100101101010001001001111000100010010001001001011110110101101010,133268610,0,0.000000,1.000000
133270300,82,0110010001001111100111100101001000001001001111100100010010011001011101101100011111,133259006,0,0.000000,0.500000
133270301,82,0110010001001111100111100101001000001001001111100100010010011001011101101100011111,133268610,0,0.000000,1.000000
133270302,83,11100000010011110001110101100100000100100110110010001000000100100111111001000111101,133268610,0,0.000000,1.000000
133270303,76,0100100011110111100101000001001001001111100110010010001000001111110110001101,133268610,0,0.000000,1.000000
133270304,86,11100000011011011110110000110100000100100111110010001001000100100101111010000110001111,133268611,0,0.000000,1.000000
133270305,86,01100110010001111001011001010010000010010011111001100100100110010011100101100011111110,133268611,0,0.000000,1.000000
133270306,86,11100000011011011110110000110100000100100111110010001001000100100101111010000110001111,133268611,0,0.000000,1.000000
133270307,86,10010000010101000010111011011010000010010011111001000100100010010011110101100011000101,133268611,0,0.000000,1.000000
133270308,84,111001000100111110111110010100100000100100111110010001001001100100111011011000111111,133268611,0,0.000000,1.000000
133270309,86,11100000011011011110110000110100000100100111110010001001000100100101111010000110001111,133268611,0,0.000000,1.000000
133270310,84,111011000100111110011110010100000000100100111110010001001001100100111011110001111111,133268611,0,0.000000,1.000000
133270311,83,10000000000111110011111010000110000100100111110010001001001100100111010110001111001,133268611,0,0.000000,1.000000
133270312,83,10000000000111110011111010000110000100100111110010001001001100100111010110001111001,133268611,0,0.000000,1.000000
133270313,76,0000010101010111110000001000100101100111110010001001001100100110010110001011,133268611,0,0.000000,1.000000
133270314,76,0000010101010111110000001000100101100111110010001001001100100110010110001011,133268611,0,0.000000,1.000000
133270315,81,100000101010000111110110010100000100100111110010001001000100100111101011100110001,133268611,0,0.000000,1.000000
133270316,76,0000101111111111100001011010101001001111100100010010001001001010100100111001,133268611,0,0.000000,1.000000
133270317,76,0000101111111111100001011010101001001111100100010010001001001010100100111001,133268611,0,0.000000,1.000000
133270318,86,11100000011011011110110000110100000100100111110010001001000100100101111010000110001111,133268611,0,0.000000,1.000000
133270319,82,1101100010011111011111001010000000010010011110010001001001100100111011011000111011,133268611,0,0.000000,1.000000
133270320,83,11001001100111110011110010100100010100100111010010001001001100100011011011100111111,133268612,0,0.000000,1.000000
133270321,84,110110000011100101010100101001000001001001111101100010010001001001110100111001101000,133268612,0,0.000000,1.000000
133270322,82,1110000011100111111100100000100001001001111100100010010001001001011110110101101000,133268612,0,0.000000,1.000000
133270323,82,1000000001110111101010010110100010100100111110010001001000100100111111001000110101,133268612,0,0.000000,1.000000
133270324,86,01001000001110100001011000100101000000001001111100100010010001001101111010111001100010,133268612,0,0.000000,1.000000
133270325,76,0010001101110111001100010110100100111110010001001001100100111111011000111111,133268612,0,0.000000,1.000000
133270326,86,01001000001010100001011000100101000000001001111100100010010001001101111010111001100010,133268612,0,0.000000,1.000000
133270327,83,01000010011110111011100100001100000001001111100100010000011001001010100110101100011,133268612,0,0.000000,1.000000
133270328,85,1010011100001110010101010000110100000100100111110010001001000100100101111010010101010,133268612,0,0.000000,1.000000
133270329,86,01001000001110100001011000100101000000001001111100100010010001001101111010111001100010,133268612,0,0.000000,1.000000
133270330,86,01001000001010100001011000100101000000001001111100100010010001001101111010111001100010,133268612,0,0.000000,1.000000
133270331,82,1110000011110111101100100000100001001011111100100010010001001001011110110101101000,133268613,0,0.000000,1.000000
133270332,80,00000000011111011111000010100000100100111110010001001000100100101110010011101001,133268613,0,0.000000,1.000000
133270333,83,11101000100111100001011100101101001101001001111100100010010001001001011110110001010,133268613,0,0.000000,1.000000
133270334,82,1000001010100001110101101101000001001001111100101010010001001001111010111001100010,133268613,0,0.000000,1.000000
133270335,81,100000001011111011111111010011000000100111110010001001000100100111111101110110101,133268613,0,0.000000,1.000000
133270336,82,1110000011100111101100100010100001001001111100100010110001001001011110111101101000,133268613,0,0.000000,1.000000

